   2.5000000000000000        5.0000000000000003E-002  log
   372.19818749705456     
   328.57807886372109     
   289.69338677396632     
   255.02945403651194     
   224.12762357375121     
   196.57915056067509     
   172.01977641327466     
   150.12489250852644     
   130.60522931289012     
   113.20301352963051     
   97.688542037170819     
   83.857126860278044     
   71.526370262505921     
   60.533733332197485     
   50.734365207180623     
   41.999163388657507     
   34.213038468398217     
   27.273359063064216     
   21.088554835153293     
   15.576857193077291     
   10.665158605501754     
   6.2879724293174766     
   2.3864757168038793     
  -1.0923823976792120     
  -4.1967244774425279     
  -6.9705593724031196     
  -9.4545878006382118     
  -11.687021413720979     
  -13.704441071654227     
  -15.542724420442289     
  -708.39641853226408     
  -708.39641853226408     
  -708.39641853226408     
  -708.39641853226408     
  -708.39641853226408     
  -708.39641853226408     
  -708.39641853226408     
  -708.39641853226408     
  -708.39641853226408     
  -708.39641853226408     
  -708.39641853226408     
  -708.39641853226408     
  -708.39641853226408     
  -708.39641853226408     
  -708.39641853226408     
  -708.39641853226408     
  -708.39641853226408     
  -708.39641853226408     
  -708.39641853226408     
  -708.39641853226408     
  -708.39641853226408     
  -708.39641853226408     
  -708.39641853226408     
  -708.39641853226408     
  -708.39641853226408     
  -708.39641853226408     
  -708.39641853226408     
  -708.39641853226408     
  -708.39641853226408     
  -708.39641853226408     
  -708.39641853226408     
  -708.39641853226408     
  -708.39641853226408     
  -708.39641853226408     
  -708.39641853226408     
  -708.39641853226408     
  -708.39641853226408     
  -708.39641853226408     
  -708.39641853226408     
  -708.39641853226408     
  -708.39641853226408     
  -708.39641853226408     
  -708.39641853226408     
  -708.39641853226408     
  -708.39641853226408     
  -708.39641853226408     
  -708.39641853226408     
  -708.39641853226408     
  -708.39641853226408     
  -708.39641853226408     
  -708.39641853226408     
  -708.39641853226408     
  -708.39641853226408     
  -708.39641853226408     
  -708.39641853226408     
  -708.39641853226408     
  -708.39641853226408     
  -708.39641853226408     
  -708.39641853226408     
  -708.39641853226408     
  -708.39641853226408     
  -708.39641853226408     
  -708.39641853226408     
  -708.39641853226408     
  -708.39641853226408     
  -708.39641853226408     
  -708.39641853226408     
  -708.39641853226408     
  -708.39641853226408     
  -708.39641853226408     
  -708.39641853226408     
