   2.5000000000000000        5.0000000000000003E-002  log
  -50.224088160693448     
  -47.518102560162205     
  -45.101173832514988     
  -42.941177270993371     
  -41.009411309879241     
  -39.280220247216285     
  -37.730658309966969     
  -36.340190843634417     
  -35.090428963056830     
  -33.964894523219712     
  -32.948812769617014     
  -32.028930518807584     
  -31.193358214469814     
  -30.431434717319643     
  -29.733614235984451     
  -29.091375410756072     
  -28.497153247669722     
  -27.944295396520591     
  -27.427045210052974     
  -26.940555158208035     
  -26.480935557684226     
  -26.045345283924600     
  -25.632133248587696     
  -25.241042061675490     
  -24.873488593273077     
  -24.532940280602599     
  -24.225411212258038     
  -23.960108540409809     
  -23.750267972466471     
  -23.614227415463425     
  -708.39641853226408     
  -708.39641853226408     
  -708.39641853226408     
  -708.39641853226408     
  -708.39641853226408     
  -708.39641853226408     
  -708.39641853226408     
  -708.39641853226408     
  -708.39641853226408     
  -708.39641853226408     
  -708.39641853226408     
  -708.39641853226408     
  -708.39641853226408     
  -708.39641853226408     
  -708.39641853226408     
  -708.39641853226408     
  -708.39641853226408     
  -708.39641853226408     
  -708.39641853226408     
  -708.39641853226408     
  -708.39641853226408     
  -708.39641853226408     
  -708.39641853226408     
  -708.39641853226408     
  -708.39641853226408     
  -708.39641853226408     
  -708.39641853226408     
  -708.39641853226408     
  -708.39641853226408     
  -708.39641853226408     
  -708.39641853226408     
  -708.39641853226408     
  -708.39641853226408     
  -708.39641853226408     
  -708.39641853226408     
  -708.39641853226408     
  -708.39641853226408     
  -708.39641853226408     
  -708.39641853226408     
  -708.39641853226408     
  -708.39641853226408     
  -708.39641853226408     
  -708.39641853226408     
  -708.39641853226408     
  -708.39641853226408     
  -708.39641853226408     
  -708.39641853226408     
  -708.39641853226408     
  -708.39641853226408     
  -708.39641853226408     
  -708.39641853226408     
  -708.39641853226408     
  -708.39641853226408     
  -708.39641853226408     
  -708.39641853226408     
  -708.39641853226408     
  -708.39641853226408     
  -708.39641853226408     
  -708.39641853226408     
  -708.39641853226408     
  -708.39641853226408     
  -708.39641853226408     
  -708.39641853226408     
  -708.39641853226408     
  -708.39641853226408     
  -708.39641853226408     
  -708.39641853226408     
  -708.39641853226408     
  -708.39641853226408     
  -708.39641853226408     
  -708.39641853226408     
