   2.5000000000000000        5.0000000000000003E-002  log
   257.44257521154839     
   227.90104783210927     
   201.55648031515202     
   178.06154723811824     
   157.10672819548779     
   138.41619860537349     
   121.74416710954559     
   106.87161082926181     
   93.603364983074130     
   81.765528030244724     
   71.203147633956945     
   61.778156393960970     
   53.367529523383432     
   45.861639477199475     
   39.162785011923063     
   33.183874292691975     
   27.847243483980773     
   23.083593775887699     
   18.831031014401042     
   15.034193018487688     
   11.643450267588301     
   8.6141659081495021     
   5.9060009229585768     
   3.4822497833772528     
   1.3091908953479154     
 -0.64456543340890260     
  -2.4087510510628563     
  -4.0121587032493871     
  -5.4834322616081517     
  -6.8519606614805797     
  -708.39641853226408     
  -708.39641853226408     
  -708.39641853226408     
  -708.39641853226408     
  -708.39641853226408     
  -708.39641853226408     
  -708.39641853226408     
  -708.39641853226408     
  -708.39641853226408     
  -708.39641853226408     
  -708.39641853226408     
  -708.39641853226408     
  -708.39641853226408     
  -708.39641853226408     
  -708.39641853226408     
  -708.39641853226408     
  -708.39641853226408     
  -708.39641853226408     
  -708.39641853226408     
  -708.39641853226408     
  -708.39641853226408     
  -708.39641853226408     
  -708.39641853226408     
  -708.39641853226408     
  -708.39641853226408     
  -708.39641853226408     
  -708.39641853226408     
  -708.39641853226408     
  -708.39641853226408     
  -708.39641853226408     
  -708.39641853226408     
  -708.39641853226408     
  -708.39641853226408     
  -708.39641853226408     
  -708.39641853226408     
  -708.39641853226408     
  -708.39641853226408     
  -708.39641853226408     
  -708.39641853226408     
  -708.39641853226408     
  -708.39641853226408     
  -708.39641853226408     
  -708.39641853226408     
  -708.39641853226408     
  -708.39641853226408     
  -708.39641853226408     
  -708.39641853226408     
  -708.39641853226408     
  -708.39641853226408     
  -708.39641853226408     
  -708.39641853226408     
  -708.39641853226408     
  -708.39641853226408     
  -708.39641853226408     
  -708.39641853226408     
  -708.39641853226408     
  -708.39641853226408     
  -708.39641853226408     
  -708.39641853226408     
  -708.39641853226408     
  -708.39641853226408     
  -708.39641853226408     
  -708.39641853226408     
  -708.39641853226408     
  -708.39641853226408     
  -708.39641853226408     
  -708.39641853226408     
  -708.39641853226408     
  -708.39641853226408     
  -708.39641853226408     
  -708.39641853226408     
