   2.5000000000000000        5.0000000000000003E-002  log
   274.82747668449065     
   242.04839736987680     
   212.81068489561463     
   186.72985223960831     
   163.46329103624024     
   142.70572246619074     
   124.18514273439482     
   107.65920914031143     
   92.912018540640602     
   79.751235147940207     
   68.005529164138565     
   57.522291771900505     
   48.165595547222814     
   39.814372453740546     
   32.360784265623984     
   25.708762566590011     
   19.772697404510506     
   14.476255253062263     
   9.7513081433544233     
   5.5369566687077896     
   1.7786300120835958     
  -1.5727538385766955     
  -4.5615849900132099     
  -7.2283339870118741     
  -9.6103196101168145     
  -11.742494605679251     
  -13.658275246318603     
  -15.390445207546387     
  -16.972170275779874     
  -18.438168222833813     
  -708.39641853226408     
  -708.39641853226408     
  -708.39641853226408     
  -708.39641853226408     
  -708.39641853226408     
  -708.39641853226408     
  -708.39641853226408     
  -708.39641853226408     
  -708.39641853226408     
  -708.39641853226408     
  -708.39641853226408     
  -708.39641853226408     
  -708.39641853226408     
  -708.39641853226408     
  -708.39641853226408     
  -708.39641853226408     
  -708.39641853226408     
  -708.39641853226408     
  -708.39641853226408     
  -708.39641853226408     
  -708.39641853226408     
  -708.39641853226408     
  -708.39641853226408     
  -708.39641853226408     
  -708.39641853226408     
  -708.39641853226408     
  -708.39641853226408     
  -708.39641853226408     
  -708.39641853226408     
  -708.39641853226408     
  -708.39641853226408     
  -708.39641853226408     
  -708.39641853226408     
  -708.39641853226408     
  -708.39641853226408     
  -708.39641853226408     
  -708.39641853226408     
  -708.39641853226408     
  -708.39641853226408     
  -708.39641853226408     
  -708.39641853226408     
  -708.39641853226408     
  -708.39641853226408     
  -708.39641853226408     
  -708.39641853226408     
  -708.39641853226408     
  -708.39641853226408     
  -708.39641853226408     
  -708.39641853226408     
  -708.39641853226408     
  -708.39641853226408     
  -708.39641853226408     
  -708.39641853226408     
  -708.39641853226408     
  -708.39641853226408     
  -708.39641853226408     
  -708.39641853226408     
  -708.39641853226408     
  -708.39641853226408     
  -708.39641853226408     
  -708.39641853226408     
  -708.39641853226408     
  -708.39641853226408     
  -708.39641853226408     
  -708.39641853226408     
  -708.39641853226408     
  -708.39641853226408     
  -708.39641853226408     
  -708.39641853226408     
  -708.39641853226408     
  -708.39641853226408     
