   2.5000000000000000        5.0000000000000003E-002  log
   384.75908448094549     
   339.69347781018530     
   299.51766899156149     
   263.70022826576866     
   231.76754457126006     
   203.29753733676870     
   177.91405110020187     
   155.28185832743046     
   135.10220381111819     
   117.10883113582921     
   101.06443799123434     
   86.757512678451619     
   73.999509052453206     
   62.622321432496577     
   52.476024738862435     
   43.426848313720050     
   35.355354582114614     
   28.154795920241128     
   21.729624824678872     
   15.994133707034742     
   10.871201347026966     
   6.2911231789720361     
   2.1905020959889323     
  -1.4888247588738255     
  -4.8008498085483087     
  -7.7964791327549126     
  -10.524670797326161     
  -13.033667174720446     
  -15.372368637530553     
  -17.591905917093214     
  -708.39641853226408     
  -708.39641853226408     
  -708.39641853226408     
  -708.39641853226408     
  -708.39641853226408     
  -708.39641853226408     
  -708.39641853226408     
  -708.39641853226408     
  -708.39641853226408     
  -708.39641853226408     
  -708.39641853226408     
  -708.39641853226408     
  -708.39641853226408     
  -708.39641853226408     
  -708.39641853226408     
  -708.39641853226408     
  -708.39641853226408     
  -708.39641853226408     
  -708.39641853226408     
  -708.39641853226408     
  -708.39641853226408     
  -708.39641853226408     
  -708.39641853226408     
  -708.39641853226408     
  -708.39641853226408     
  -708.39641853226408     
  -708.39641853226408     
  -708.39641853226408     
  -708.39641853226408     
  -708.39641853226408     
  -708.39641853226408     
  -708.39641853226408     
  -708.39641853226408     
  -708.39641853226408     
  -708.39641853226408     
  -708.39641853226408     
  -708.39641853226408     
  -708.39641853226408     
  -708.39641853226408     
  -708.39641853226408     
  -708.39641853226408     
  -708.39641853226408     
  -708.39641853226408     
  -708.39641853226408     
  -708.39641853226408     
  -708.39641853226408     
  -708.39641853226408     
  -708.39641853226408     
  -708.39641853226408     
  -708.39641853226408     
  -708.39641853226408     
  -708.39641853226408     
  -708.39641853226408     
  -708.39641853226408     
  -708.39641853226408     
  -708.39641853226408     
  -708.39641853226408     
  -708.39641853226408     
  -708.39641853226408     
  -708.39641853226408     
  -708.39641853226408     
  -708.39641853226408     
  -708.39641853226408     
  -708.39641853226408     
  -708.39641853226408     
  -708.39641853226408     
  -708.39641853226408     
  -708.39641853226408     
  -708.39641853226408     
  -708.39641853226408     
  -708.39641853226408     
