   2.5000000000000000        5.0000000000000003E-002  log
   62.848053055749787     
   54.965385890826489     
   47.925432453308474     
   41.636799950631655     
   36.018058950910472     
   30.996661255496054     
   26.507975203659736     
   22.494425500653303     
   18.904726019439604     
   15.693195224943057     
   12.819144921770741     
   10.246333943606409     
   7.9424791940858368     
   5.8788171216925029     
   4.0297092692922751     
   2.3722859838411683     
  0.88612270200314103     
 -0.44705656209409034     
  -1.6436538189751442     
  -2.7184551485650044     
  -3.6848777631151224     
  -4.5552120751964749     
  -5.3408653926718141     
  -6.0526147670366814     
  -6.7008777544688627     
  -7.2960114859003742     
  -7.8486525796633178     
  -8.3701131899321641     
  -8.8728520210108606     
  -9.3710436471059300     
  -708.39641853226408     
  -708.39641853226408     
  -708.39641853226408     
  -708.39641853226408     
  -708.39641853226408     
  -708.39641853226408     
  -708.39641853226408     
  -708.39641853226408     
  -708.39641853226408     
  -708.39641853226408     
  -708.39641853226408     
  -708.39641853226408     
  -708.39641853226408     
  -708.39641853226408     
  -708.39641853226408     
  -708.39641853226408     
  -708.39641853226408     
  -708.39641853226408     
  -708.39641853226408     
  -708.39641853226408     
  -708.39641853226408     
  -708.39641853226408     
  -708.39641853226408     
  -708.39641853226408     
  -708.39641853226408     
  -708.39641853226408     
  -708.39641853226408     
  -708.39641853226408     
  -708.39641853226408     
  -708.39641853226408     
  -708.39641853226408     
  -708.39641853226408     
  -708.39641853226408     
  -708.39641853226408     
  -708.39641853226408     
  -708.39641853226408     
  -708.39641853226408     
  -708.39641853226408     
  -708.39641853226408     
  -708.39641853226408     
  -708.39641853226408     
  -708.39641853226408     
  -708.39641853226408     
  -708.39641853226408     
  -708.39641853226408     
  -708.39641853226408     
  -708.39641853226408     
  -708.39641853226408     
  -708.39641853226408     
  -708.39641853226408     
  -708.39641853226408     
  -708.39641853226408     
  -708.39641853226408     
  -708.39641853226408     
  -708.39641853226408     
  -708.39641853226408     
  -708.39641853226408     
  -708.39641853226408     
  -708.39641853226408     
  -708.39641853226408     
  -708.39641853226408     
  -708.39641853226408     
  -708.39641853226408     
  -708.39641853226408     
  -708.39641853226408     
  -708.39641853226408     
  -708.39641853226408     
  -708.39641853226408     
  -708.39641853226408     
  -708.39641853226408     
  -708.39641853226408     
