   2.5000000000000000        5.0000000000000003E-002  log
   127.21534908506379     
   112.08079402089771     
   98.581198418035513     
   86.538970044745682     
   75.795843294808620     
   66.210776056140389     
   57.658074336825536     
   50.025719559479533     
   43.213876071325679     
   37.133558742224338     
   31.705442563444958     
   26.858797938840404     
   22.530536895261495     
   18.664356743841765     
   15.209968806607094     
   12.122400686891392     
   9.3613612046352586     
   6.8906575295869770     
   4.6776542098370326     
   2.6927636840497007     
  0.90895744634816045     
 -0.69871374708535594     
  -2.1536034474904859     
  -3.4779713973803199     
  -4.6935206129666671     
  -5.8219896638109772     
  -6.8858242136471350     
  -7.9089571338928044     
  -8.9177332242876890     
  -9.9420231438768987     
  -708.39641853226408     
  -708.39641853226408     
  -708.39641853226408     
  -708.39641853226408     
  -708.39641853226408     
  -708.39641853226408     
  -708.39641853226408     
  -708.39641853226408     
  -708.39641853226408     
  -708.39641853226408     
  -708.39641853226408     
  -708.39641853226408     
  -708.39641853226408     
  -708.39641853226408     
  -708.39641853226408     
  -708.39641853226408     
  -708.39641853226408     
  -708.39641853226408     
  -708.39641853226408     
  -708.39641853226408     
  -708.39641853226408     
  -708.39641853226408     
  -708.39641853226408     
  -708.39641853226408     
  -708.39641853226408     
  -708.39641853226408     
  -708.39641853226408     
  -708.39641853226408     
  -708.39641853226408     
  -708.39641853226408     
  -708.39641853226408     
  -708.39641853226408     
  -708.39641853226408     
  -708.39641853226408     
  -708.39641853226408     
  -708.39641853226408     
  -708.39641853226408     
  -708.39641853226408     
  -708.39641853226408     
  -708.39641853226408     
  -708.39641853226408     
  -708.39641853226408     
  -708.39641853226408     
  -708.39641853226408     
  -708.39641853226408     
  -708.39641853226408     
  -708.39641853226408     
  -708.39641853226408     
  -708.39641853226408     
  -708.39641853226408     
  -708.39641853226408     
  -708.39641853226408     
  -708.39641853226408     
  -708.39641853226408     
  -708.39641853226408     
  -708.39641853226408     
  -708.39641853226408     
  -708.39641853226408     
  -708.39641853226408     
  -708.39641853226408     
  -708.39641853226408     
  -708.39641853226408     
  -708.39641853226408     
  -708.39641853226408     
  -708.39641853226408     
  -708.39641853226408     
  -708.39641853226408     
  -708.39641853226408     
  -708.39641853226408     
  -708.39641853226408     
  -708.39641853226408     
