   2.5000000000000000        5.0000000000000003E-002  log
   61.260126142650911     
   53.397052951278738     
   46.382642488761753     
   40.124762636136190     
   34.541308478700167     
   29.559109846738959     
   25.112956644082214     
   21.144728831614138     
   17.602619269888592     
   14.440438792127992     
   11.616993888130121     
   9.0955282400012862     
   6.8432200681031805     
   4.8307278227527632     
   3.0317771930047175     
   1.4227826931020378     
  -1.7502780052609912E-002
  -1.3083170643757236     
  -2.4672034047988314     
  -3.5103180188383565     
  -4.4527386189152693     
  -5.3087829985801607     
  -6.0923482213996039     
  -6.8172828588030816     
  -7.4978072190131329     
  -8.1489997359607660     
  -8.7873718255660318     
  -9.4315587954926823     
  -10.103161102108089     
  -10.827778749098327     
  -708.39641853226408     
  -708.39641853226408     
  -708.39641853226408     
  -708.39641853226408     
  -708.39641853226408     
  -708.39641853226408     
  -708.39641853226408     
  -708.39641853226408     
  -708.39641853226408     
  -708.39641853226408     
  -708.39641853226408     
  -708.39641853226408     
  -708.39641853226408     
  -708.39641853226408     
  -708.39641853226408     
  -708.39641853226408     
  -708.39641853226408     
  -708.39641853226408     
  -708.39641853226408     
  -708.39641853226408     
  -708.39641853226408     
  -708.39641853226408     
  -708.39641853226408     
  -708.39641853226408     
  -708.39641853226408     
  -708.39641853226408     
  -708.39641853226408     
  -708.39641853226408     
  -708.39641853226408     
  -708.39641853226408     
  -708.39641853226408     
  -708.39641853226408     
  -708.39641853226408     
  -708.39641853226408     
  -708.39641853226408     
  -708.39641853226408     
  -708.39641853226408     
  -708.39641853226408     
  -708.39641853226408     
  -708.39641853226408     
  -708.39641853226408     
  -708.39641853226408     
  -708.39641853226408     
  -708.39641853226408     
  -708.39641853226408     
  -708.39641853226408     
  -708.39641853226408     
  -708.39641853226408     
  -708.39641853226408     
  -708.39641853226408     
  -708.39641853226408     
  -708.39641853226408     
  -708.39641853226408     
  -708.39641853226408     
  -708.39641853226408     
  -708.39641853226408     
  -708.39641853226408     
  -708.39641853226408     
  -708.39641853226408     
  -708.39641853226408     
  -708.39641853226408     
  -708.39641853226408     
  -708.39641853226408     
  -708.39641853226408     
  -708.39641853226408     
  -708.39641853226408     
  -708.39641853226408     
  -708.39641853226408     
  -708.39641853226408     
  -708.39641853226408     
  -708.39641853226408     
