   2.5000000000000000        5.0000000000000003E-002  log
   429.92502567145482     
   376.48295575204492     
   328.82059914294013     
   286.31080991660446     
   248.39478441016041     
   214.57463868640286     
   184.40679240666657     
   157.49607081712875     
   133.49044594793074     
   112.07634644138700     
   92.974472763089892     
   75.936060994208219     
   60.739544026298567     
   47.187563838577169     
   35.104292674221220     
   24.333024373975704     
   14.733999882805033     
   6.1824330110778858     
  -1.4332961222476392     
  -8.2133119627339486     
  -14.247810985958649     
  -19.618559275670123     
  -24.400356101297639     
  -28.662503076965393     
  -32.470323778512579     
  -35.886785936524255     
  -38.974287958100696     
  -41.796684126482702     
  -44.421639107535611     
  -46.923423269802136     
  -708.39641853226408     
  -708.39641853226408     
  -708.39641853226408     
  -708.39641853226408     
  -708.39641853226408     
  -708.39641853226408     
  -708.39641853226408     
  -708.39641853226408     
  -708.39641853226408     
  -708.39641853226408     
  -708.39641853226408     
  -708.39641853226408     
  -708.39641853226408     
  -708.39641853226408     
  -708.39641853226408     
  -708.39641853226408     
  -708.39641853226408     
  -708.39641853226408     
  -708.39641853226408     
  -708.39641853226408     
  -708.39641853226408     
  -708.39641853226408     
  -708.39641853226408     
  -708.39641853226408     
  -708.39641853226408     
  -708.39641853226408     
  -708.39641853226408     
  -708.39641853226408     
  -708.39641853226408     
  -708.39641853226408     
  -708.39641853226408     
  -708.39641853226408     
  -708.39641853226408     
  -708.39641853226408     
  -708.39641853226408     
  -708.39641853226408     
  -708.39641853226408     
  -708.39641853226408     
  -708.39641853226408     
  -708.39641853226408     
  -708.39641853226408     
  -708.39641853226408     
  -708.39641853226408     
  -708.39641853226408     
  -708.39641853226408     
  -708.39641853226408     
  -708.39641853226408     
  -708.39641853226408     
  -708.39641853226408     
  -708.39641853226408     
  -708.39641853226408     
  -708.39641853226408     
  -708.39641853226408     
  -708.39641853226408     
  -708.39641853226408     
  -708.39641853226408     
  -708.39641853226408     
  -708.39641853226408     
  -708.39641853226408     
  -708.39641853226408     
  -708.39641853226408     
  -708.39641853226408     
  -708.39641853226408     
  -708.39641853226408     
  -708.39641853226408     
  -708.39641853226408     
  -708.39641853226408     
  -708.39641853226408     
  -708.39641853226408     
  -708.39641853226408     
  -708.39641853226408     
