   2.5000000000000000        5.0000000000000003E-002  log
   395.94335376614993     
   347.89863135727751     
   305.04727260585565     
   266.82562914689936     
   232.73146273294762     
   202.31727478099270     
   175.18436071327395     
   150.97750979059654     
   129.38027959699309     
   110.11078182745899     
   92.917922648542373     
   77.578046723697639     
   63.891939087604385     
   51.682143469617905     
   40.790559447044600     
   31.076283981902499     
   22.413665474274193     
   14.690540450188186     
   7.8066243740387078     
   1.6720287970895125     
  -3.7941229363075291     
  -8.6650099931170352     
  -13.007388647205271     
  -16.882860244492409     
  -20.349169713677846     
  -23.461577473225297     
  -26.274355192949017     
  -28.842465863389968     
  -31.223501585577964     
  -33.479969149601665     
  -708.39641853226408     
  -708.39641853226408     
  -708.39641853226408     
  -708.39641853226408     
  -708.39641853226408     
  -708.39641853226408     
  -708.39641853226408     
  -708.39641853226408     
  -708.39641853226408     
  -708.39641853226408     
  -708.39641853226408     
  -708.39641853226408     
  -708.39641853226408     
  -708.39641853226408     
  -708.39641853226408     
  -708.39641853226408     
  -708.39641853226408     
  -708.39641853226408     
  -708.39641853226408     
  -708.39641853226408     
  -708.39641853226408     
  -708.39641853226408     
  -708.39641853226408     
  -708.39641853226408     
  -708.39641853226408     
  -708.39641853226408     
  -708.39641853226408     
  -708.39641853226408     
  -708.39641853226408     
  -708.39641853226408     
  -708.39641853226408     
  -708.39641853226408     
  -708.39641853226408     
  -708.39641853226408     
  -708.39641853226408     
  -708.39641853226408     
  -708.39641853226408     
  -708.39641853226408     
  -708.39641853226408     
  -708.39641853226408     
  -708.39641853226408     
  -708.39641853226408     
  -708.39641853226408     
  -708.39641853226408     
  -708.39641853226408     
  -708.39641853226408     
  -708.39641853226408     
  -708.39641853226408     
  -708.39641853226408     
  -708.39641853226408     
  -708.39641853226408     
  -708.39641853226408     
  -708.39641853226408     
  -708.39641853226408     
  -708.39641853226408     
  -708.39641853226408     
  -708.39641853226408     
  -708.39641853226408     
  -708.39641853226408     
  -708.39641853226408     
  -708.39641853226408     
  -708.39641853226408     
  -708.39641853226408     
  -708.39641853226408     
  -708.39641853226408     
  -708.39641853226408     
  -708.39641853226408     
  -708.39641853226408     
  -708.39641853226408     
  -708.39641853226408     
  -708.39641853226408     
