   2.5000000000000000        5.0000000000000003E-002  log
   198.77170611822282     
   175.56508817903290     
   154.84106344252149     
   136.32984158410446     
   119.79098838013661     
   105.01023362207648     
   91.796625778890117     
   79.979995539847394     
   69.408694439534770     
   59.947578380590791     
   51.476209073376594     
   43.887249245585011     
   37.085029973193294     
   30.984270676450056     
   25.508934234966208     
   20.591201323656815     
   16.170549470383147     
   12.192923495498302     
   8.6099849162274591     
   5.3784285817243775     
   2.4593552373676748     
 -0.18231111932803565     
  -2.5783723625347834     
  -4.7578835848227561     
  -6.7476712748777441     
  -8.5728562653877063     
  -10.257397282416299     
  -11.824673503345537     
  -13.298127946633409     
  -14.701997972883861     
  -708.39641853226408     
  -708.39641853226408     
  -708.39641853226408     
  -708.39641853226408     
  -708.39641853226408     
  -708.39641853226408     
  -708.39641853226408     
  -708.39641853226408     
  -708.39641853226408     
  -708.39641853226408     
  -708.39641853226408     
  -708.39641853226408     
  -708.39641853226408     
  -708.39641853226408     
  -708.39641853226408     
  -708.39641853226408     
  -708.39641853226408     
  -708.39641853226408     
  -708.39641853226408     
  -708.39641853226408     
  -708.39641853226408     
  -708.39641853226408     
  -708.39641853226408     
  -708.39641853226408     
  -708.39641853226408     
  -708.39641853226408     
  -708.39641853226408     
  -708.39641853226408     
  -708.39641853226408     
  -708.39641853226408     
  -708.39641853226408     
  -708.39641853226408     
  -708.39641853226408     
  -708.39641853226408     
  -708.39641853226408     
  -708.39641853226408     
  -708.39641853226408     
  -708.39641853226408     
  -708.39641853226408     
  -708.39641853226408     
  -708.39641853226408     
  -708.39641853226408     
  -708.39641853226408     
  -708.39641853226408     
  -708.39641853226408     
  -708.39641853226408     
  -708.39641853226408     
  -708.39641853226408     
  -708.39641853226408     
  -708.39641853226408     
  -708.39641853226408     
  -708.39641853226408     
  -708.39641853226408     
  -708.39641853226408     
  -708.39641853226408     
  -708.39641853226408     
  -708.39641853226408     
  -708.39641853226408     
  -708.39641853226408     
  -708.39641853226408     
  -708.39641853226408     
  -708.39641853226408     
  -708.39641853226408     
  -708.39641853226408     
  -708.39641853226408     
  -708.39641853226408     
  -708.39641853226408     
  -708.39641853226408     
  -708.39641853226408     
  -708.39641853226408     
  -708.39641853226408     
