   2.5000000000000000        5.0000000000000003E-002  log
  -201.60809797106231     
  -180.68021955763788     
  -162.00862449498607     
  -145.34769626734118     
  -130.47850643882057     
  -117.20591161343641     
  -105.35596652788817     
  -94.773619085025956     
  -85.320656911901224     
  -76.873878407768345     
  -69.323464281471487     
  -62.571528307549826     
  -56.530828496044613     
  -51.123622109775766     
  -46.280650010345418     
  -41.940237704880850     
  -38.047502233936505     
  -34.553655722209733     
  -31.415398044835840     
  -28.594392683215382     
  -26.056821500463716     
  -23.773015909045721     
  -21.717163792113631     
  -19.867093647180305     
  -18.204139832674564     
  -16.713095620518796     
  -15.382264121598622     
  -14.203621217577602     
  -13.173109603307593     
  -12.291089170620763     
  -708.39641853226408     
  -708.39641853226408     
  -708.39641853226408     
  -708.39641853226408     
  -708.39641853226408     
  -708.39641853226408     
  -708.39641853226408     
  -708.39641853226408     
  -708.39641853226408     
  -708.39641853226408     
  -708.39641853226408     
  -708.39641853226408     
  -708.39641853226408     
  -708.39641853226408     
  -708.39641853226408     
  -708.39641853226408     
  -708.39641853226408     
  -708.39641853226408     
  -708.39641853226408     
  -708.39641853226408     
  -708.39641853226408     
  -708.39641853226408     
  -708.39641853226408     
  -708.39641853226408     
  -708.39641853226408     
  -708.39641853226408     
  -708.39641853226408     
  -708.39641853226408     
  -708.39641853226408     
  -708.39641853226408     
  -708.39641853226408     
  -708.39641853226408     
  -708.39641853226408     
  -708.39641853226408     
  -708.39641853226408     
  -708.39641853226408     
  -708.39641853226408     
  -708.39641853226408     
  -708.39641853226408     
  -708.39641853226408     
  -708.39641853226408     
  -708.39641853226408     
  -708.39641853226408     
  -708.39641853226408     
  -708.39641853226408     
  -708.39641853226408     
  -708.39641853226408     
  -708.39641853226408     
  -708.39641853226408     
  -708.39641853226408     
  -708.39641853226408     
  -708.39641853226408     
  -708.39641853226408     
  -708.39641853226408     
  -708.39641853226408     
  -708.39641853226408     
  -708.39641853226408     
  -708.39641853226408     
  -708.39641853226408     
  -708.39641853226408     
  -708.39641853226408     
  -708.39641853226408     
  -708.39641853226408     
  -708.39641853226408     
  -708.39641853226408     
  -708.39641853226408     
  -708.39641853226408     
  -708.39641853226408     
  -708.39641853226408     
  -708.39641853226408     
  -708.39641853226408     
