   2.5000000000000000        5.0000000000000003E-002  log
   406.98888234698086     
   358.61236818048650     
   315.44802509711838     
   276.93031999378672     
   242.55535608689846     
   211.87418087827851     
   184.48682174064945     
   160.03696960107004     
   138.20723970287040     
   118.71494596106739     
   101.30833208642740     
   85.763208519390091     
   71.879949354431005     
   59.480807903248795     
   48.407513384237170     
   38.519114466270260     
   29.690038053804752     
   21.808333780131509     
   14.774076162548814     
   8.4978972349664552     
   2.8996226558984040     
  -2.0930162871015816     
  -6.5456238032605265     
  -10.518365349905910     
  -14.067213191196949     
  -17.245252107088088     
  -20.104092559814376     
  -22.695447814011320     
  -25.072943455093043     
  -27.294243137706079     
  -708.39641853226408     
  -708.39641853226408     
  -708.39641853226408     
  -708.39641853226408     
  -708.39641853226408     
  -708.39641853226408     
  -708.39641853226408     
  -708.39641853226408     
  -708.39641853226408     
  -708.39641853226408     
  -708.39641853226408     
  -708.39641853226408     
  -708.39641853226408     
  -708.39641853226408     
  -708.39641853226408     
  -708.39641853226408     
  -708.39641853226408     
  -708.39641853226408     
  -708.39641853226408     
  -708.39641853226408     
  -708.39641853226408     
  -708.39641853226408     
  -708.39641853226408     
  -708.39641853226408     
  -708.39641853226408     
  -708.39641853226408     
  -708.39641853226408     
  -708.39641853226408     
  -708.39641853226408     
  -708.39641853226408     
  -708.39641853226408     
  -708.39641853226408     
  -708.39641853226408     
  -708.39641853226408     
  -708.39641853226408     
  -708.39641853226408     
  -708.39641853226408     
  -708.39641853226408     
  -708.39641853226408     
  -708.39641853226408     
  -708.39641853226408     
  -708.39641853226408     
  -708.39641853226408     
  -708.39641853226408     
  -708.39641853226408     
  -708.39641853226408     
  -708.39641853226408     
  -708.39641853226408     
  -708.39641853226408     
  -708.39641853226408     
  -708.39641853226408     
  -708.39641853226408     
  -708.39641853226408     
  -708.39641853226408     
  -708.39641853226408     
  -708.39641853226408     
  -708.39641853226408     
  -708.39641853226408     
  -708.39641853226408     
  -708.39641853226408     
  -708.39641853226408     
  -708.39641853226408     
  -708.39641853226408     
  -708.39641853226408     
  -708.39641853226408     
  -708.39641853226408     
  -708.39641853226408     
  -708.39641853226408     
  -708.39641853226408     
  -708.39641853226408     
  -708.39641853226408     
