   2.5000000000000000        5.0000000000000003E-002  log
   329.91355074275407     
   290.88326097789422     
   256.05889455998550     
   224.98341698616858     
   197.24952766458961     
   172.49425228820780     
   150.39412261604181     
   130.66087949970165     
   113.03764188421430     
   97.295490629899092     
   83.230421424078614     
   70.660625845282368     
   59.424063866399827     
   49.376294786061095     
   40.388536799746134     
   32.345928195483928     
   25.145965506424549     
   18.697095887733099     
   12.917442511850885     
   7.7336428867689158     
   3.0797806764458349     
  -1.1036081940510296     
  -4.8704746862352604     
  -8.2701615037758529     
  -11.348295725601124     
  -14.147693729496281     
  -16.709306362382030     
  -19.073236976957013     
  -21.279871119944048     
  -23.371164683460528     
  -708.39641853226408     
  -708.39641853226408     
  -708.39641853226408     
  -708.39641853226408     
  -708.39641853226408     
  -708.39641853226408     
  -708.39641853226408     
  -708.39641853226408     
  -708.39641853226408     
  -708.39641853226408     
  -708.39641853226408     
  -708.39641853226408     
  -708.39641853226408     
  -708.39641853226408     
  -708.39641853226408     
  -708.39641853226408     
  -708.39641853226408     
  -708.39641853226408     
  -708.39641853226408     
  -708.39641853226408     
  -708.39641853226408     
  -708.39641853226408     
  -708.39641853226408     
  -708.39641853226408     
  -708.39641853226408     
  -708.39641853226408     
  -708.39641853226408     
  -708.39641853226408     
  -708.39641853226408     
  -708.39641853226408     
  -708.39641853226408     
  -708.39641853226408     
  -708.39641853226408     
  -708.39641853226408     
  -708.39641853226408     
  -708.39641853226408     
  -708.39641853226408     
  -708.39641853226408     
  -708.39641853226408     
  -708.39641853226408     
  -708.39641853226408     
  -708.39641853226408     
  -708.39641853226408     
  -708.39641853226408     
  -708.39641853226408     
  -708.39641853226408     
  -708.39641853226408     
  -708.39641853226408     
  -708.39641853226408     
  -708.39641853226408     
  -708.39641853226408     
  -708.39641853226408     
  -708.39641853226408     
  -708.39641853226408     
  -708.39641853226408     
  -708.39641853226408     
  -708.39641853226408     
  -708.39641853226408     
  -708.39641853226408     
  -708.39641853226408     
  -708.39641853226408     
  -708.39641853226408     
  -708.39641853226408     
  -708.39641853226408     
  -708.39641853226408     
  -708.39641853226408     
  -708.39641853226408     
  -708.39641853226408     
  -708.39641853226408     
  -708.39641853226408     
  -708.39641853226408     
