   2.5000000000000000        5.0000000000000003E-002  log
   345.62814651845184     
   303.22739315067645     
   265.40972326251148     
   231.67774916583483     
   201.58827638948853     
   174.74641719519678     
   150.80034365415059     
   129.43661028783529     
   110.37598373788548     
   93.369723536153955     
   78.196263878963421     
   64.658251437924605     
   52.579898721536530     
   41.804616383593306     
   32.192891191451530     
   23.620379143007732     
   15.976185466856087     
   9.1613049528950015     
   3.0871972225079367     
  -2.3255278776471990     
  -7.1483396433541637     
  -11.445956322797940     
  -15.277482684765479     
  -18.697545286849721     
  -21.757459199145156     
  -24.506465195937032     
  -26.993083455672679     
  -29.266639025776072     
  -31.379026244390563     
  -33.386794638520222     
  -708.39641853226408     
  -708.39641853226408     
  -708.39641853226408     
  -708.39641853226408     
  -708.39641853226408     
  -708.39641853226408     
  -708.39641853226408     
  -708.39641853226408     
  -708.39641853226408     
  -708.39641853226408     
  -708.39641853226408     
  -708.39641853226408     
  -708.39641853226408     
  -708.39641853226408     
  -708.39641853226408     
  -708.39641853226408     
  -708.39641853226408     
  -708.39641853226408     
  -708.39641853226408     
  -708.39641853226408     
  -708.39641853226408     
  -708.39641853226408     
  -708.39641853226408     
  -708.39641853226408     
  -708.39641853226408     
  -708.39641853226408     
  -708.39641853226408     
  -708.39641853226408     
  -708.39641853226408     
  -708.39641853226408     
  -708.39641853226408     
  -708.39641853226408     
  -708.39641853226408     
  -708.39641853226408     
  -708.39641853226408     
  -708.39641853226408     
  -708.39641853226408     
  -708.39641853226408     
  -708.39641853226408     
  -708.39641853226408     
  -708.39641853226408     
  -708.39641853226408     
  -708.39641853226408     
  -708.39641853226408     
  -708.39641853226408     
  -708.39641853226408     
  -708.39641853226408     
  -708.39641853226408     
  -708.39641853226408     
  -708.39641853226408     
  -708.39641853226408     
  -708.39641853226408     
  -708.39641853226408     
  -708.39641853226408     
  -708.39641853226408     
  -708.39641853226408     
  -708.39641853226408     
  -708.39641853226408     
  -708.39641853226408     
  -708.39641853226408     
  -708.39641853226408     
  -708.39641853226408     
  -708.39641853226408     
  -708.39641853226408     
  -708.39641853226408     
  -708.39641853226408     
  -708.39641853226408     
  -708.39641853226408     
  -708.39641853226408     
  -708.39641853226408     
  -708.39641853226408     
