   2.5000000000000000        5.0000000000000003E-002  log
   118.04799524635834     
   102.12803812925986     
   87.918952688531746     
   75.235205791285040     
   63.911493803997175     
   53.800546313096199     
   44.771168410262561     
   36.706495377003129     
   29.502436372844972     
   23.066286178255616     
   17.315486196329548     
   12.176517800851716     
   7.5839127523869605     
   3.4793668037281384     
 -0.18905620824822850     
  -3.4676415302279708     
  -6.3976729274243445     
  -9.0160248810793284     
  -11.355707770372845     
  -13.446376248783526     
  -15.314811307070464     
  -16.985387135901348     
  -18.480534920633758     
  -19.821217197423767     
  -21.027428475419555     
  -22.118740614909143     
  -23.114915112643402     
  -24.036609195086143     
  -24.906208726726266     
  -25.748828743748437     
  -708.39641853226408     
  -708.39641853226408     
  -708.39641853226408     
  -708.39641853226408     
  -708.39641853226408     
  -708.39641853226408     
  -708.39641853226408     
  -708.39641853226408     
  -708.39641853226408     
  -708.39641853226408     
  -708.39641853226408     
  -708.39641853226408     
  -708.39641853226408     
  -708.39641853226408     
  -708.39641853226408     
  -708.39641853226408     
  -708.39641853226408     
  -708.39641853226408     
  -708.39641853226408     
  -708.39641853226408     
  -708.39641853226408     
  -708.39641853226408     
  -708.39641853226408     
  -708.39641853226408     
  -708.39641853226408     
  -708.39641853226408     
  -708.39641853226408     
  -708.39641853226408     
  -708.39641853226408     
  -708.39641853226408     
  -708.39641853226408     
  -708.39641853226408     
  -708.39641853226408     
  -708.39641853226408     
  -708.39641853226408     
  -708.39641853226408     
  -708.39641853226408     
  -708.39641853226408     
  -708.39641853226408     
  -708.39641853226408     
  -708.39641853226408     
  -708.39641853226408     
  -708.39641853226408     
  -708.39641853226408     
  -708.39641853226408     
  -708.39641853226408     
  -708.39641853226408     
  -708.39641853226408     
  -708.39641853226408     
  -708.39641853226408     
  -708.39641853226408     
  -708.39641853226408     
  -708.39641853226408     
  -708.39641853226408     
  -708.39641853226408     
  -708.39641853226408     
  -708.39641853226408     
  -708.39641853226408     
  -708.39641853226408     
  -708.39641853226408     
  -708.39641853226408     
  -708.39641853226408     
  -708.39641853226408     
  -708.39641853226408     
  -708.39641853226408     
  -708.39641853226408     
  -708.39641853226408     
  -708.39641853226408     
  -708.39641853226408     
  -708.39641853226408     
  -708.39641853226408     
