   2.5000000000000000        5.0000000000000003E-002  log
   251.20036940982871     
   220.84430545339706     
   193.76859417803169     
   169.61702870977547     
   148.07219229297050     
   128.85124337995259     
   111.70215874042408     
   96.400384538874576     
   82.745850690128179     
   70.560308558391242     
   59.684956273682687     
   49.978319652725240     
   41.314359973030186     
   33.580782695374204     
   26.677523690196065     
   20.515391619302918     
   15.014846869661644     
   10.104898836722816     
   5.7221044073660696     
   1.8096511835606253     
  -1.6834907083415560     
  -4.8033645007896570     
  -7.5917872453327107     
  -10.087092902010690     
  -12.324877940653403     
  -14.338771965306412     
  -16.161259472047465     
  -17.824583641878395     
  -19.361769336783119     
  -20.807810567322996     
  -708.39641853226408     
  -708.39641853226408     
  -708.39641853226408     
  -708.39641853226408     
  -708.39641853226408     
  -708.39641853226408     
  -708.39641853226408     
  -708.39641853226408     
  -708.39641853226408     
  -708.39641853226408     
  -708.39641853226408     
  -708.39641853226408     
  -708.39641853226408     
  -708.39641853226408     
  -708.39641853226408     
  -708.39641853226408     
  -708.39641853226408     
  -708.39641853226408     
  -708.39641853226408     
  -708.39641853226408     
  -708.39641853226408     
  -708.39641853226408     
  -708.39641853226408     
  -708.39641853226408     
  -708.39641853226408     
  -708.39641853226408     
  -708.39641853226408     
  -708.39641853226408     
  -708.39641853226408     
  -708.39641853226408     
  -708.39641853226408     
  -708.39641853226408     
  -708.39641853226408     
  -708.39641853226408     
  -708.39641853226408     
  -708.39641853226408     
  -708.39641853226408     
  -708.39641853226408     
  -708.39641853226408     
  -708.39641853226408     
  -708.39641853226408     
  -708.39641853226408     
  -708.39641853226408     
  -708.39641853226408     
  -708.39641853226408     
  -708.39641853226408     
  -708.39641853226408     
  -708.39641853226408     
  -708.39641853226408     
  -708.39641853226408     
  -708.39641853226408     
  -708.39641853226408     
  -708.39641853226408     
  -708.39641853226408     
  -708.39641853226408     
  -708.39641853226408     
  -708.39641853226408     
  -708.39641853226408     
  -708.39641853226408     
  -708.39641853226408     
  -708.39641853226408     
  -708.39641853226408     
  -708.39641853226408     
  -708.39641853226408     
  -708.39641853226408     
  -708.39641853226408     
  -708.39641853226408     
  -708.39641853226408     
  -708.39641853226408     
  -708.39641853226408     
  -708.39641853226408     
