   2.5000000000000000        5.0000000000000003E-002  log
   455.89651348712601     
   399.63253524420878     
   349.46532815139892     
   304.73290293776546     
   264.84536493412281     
   229.27708092296530     
   197.55969724723369     
   169.27591615660594     
   144.05394733403759     
   121.56256038199226     
   101.50667186793572     
   83.623407427766821     
   67.678585485138612     
   53.463574431462746     
   40.792479679556870     
   29.499620893372470     
   19.437262932666201     
   10.473566645096923     
   2.4907275822929065     
  -4.6167280150897936     
  -10.943520073818359     
  -16.575094750976692     
  -21.589039228359049     
  -26.056464974811934     
  -30.043396668858598     
  -33.612208926500259     
  -36.823159753781368     
  -39.736078657424635     
  -42.412279130854841     
  -44.916780461859702     
  -708.39641853226408     
  -708.39641853226408     
  -708.39641853226408     
  -708.39641853226408     
  -708.39641853226408     
  -708.39641853226408     
  -708.39641853226408     
  -708.39641853226408     
  -708.39641853226408     
  -708.39641853226408     
  -708.39641853226408     
  -708.39641853226408     
  -708.39641853226408     
  -708.39641853226408     
  -708.39641853226408     
  -708.39641853226408     
  -708.39641853226408     
  -708.39641853226408     
  -708.39641853226408     
  -708.39641853226408     
  -708.39641853226408     
  -708.39641853226408     
  -708.39641853226408     
  -708.39641853226408     
  -708.39641853226408     
  -708.39641853226408     
  -708.39641853226408     
  -708.39641853226408     
  -708.39641853226408     
  -708.39641853226408     
  -708.39641853226408     
  -708.39641853226408     
  -708.39641853226408     
  -708.39641853226408     
  -708.39641853226408     
  -708.39641853226408     
  -708.39641853226408     
  -708.39641853226408     
  -708.39641853226408     
  -708.39641853226408     
  -708.39641853226408     
  -708.39641853226408     
  -708.39641853226408     
  -708.39641853226408     
  -708.39641853226408     
  -708.39641853226408     
  -708.39641853226408     
  -708.39641853226408     
  -708.39641853226408     
  -708.39641853226408     
  -708.39641853226408     
  -708.39641853226408     
  -708.39641853226408     
  -708.39641853226408     
  -708.39641853226408     
  -708.39641853226408     
  -708.39641853226408     
  -708.39641853226408     
  -708.39641853226408     
  -708.39641853226408     
  -708.39641853226408     
  -708.39641853226408     
  -708.39641853226408     
  -708.39641853226408     
  -708.39641853226408     
  -708.39641853226408     
  -708.39641853226408     
  -708.39641853226408     
  -708.39641853226408     
  -708.39641853226408     
  -708.39641853226408     
