   2.5000000000000000        5.0000000000000003E-002  log
   272.49451125961781     
   240.23199712261979     
   211.45652229468206     
   185.78947335398007     
   162.89347210372856     
   142.46789573960143     
   124.24488395462227     
   107.98577979516980     
   93.477956784777291     
   80.531989891752204     
   68.979132395909716     
   58.669064663901381     
   49.467884318611013     
   41.256310324975480     
   33.928076143810294     
   27.388489350521635     
   21.553136992727129     
   16.346717477029461     
   11.701980928368210     
   7.5587607428179346     
   3.8630794314708665     
  0.56631178976371854     
  -2.3756121334273752     
  -5.0029829271553083     
  -7.3530870431395572     
  -9.4610044530939987     
  -11.360455453004475     
  -13.084728157314828     
  -14.667724554524176     
  -16.145171188161786     
  -708.39641853226408     
  -708.39641853226408     
  -708.39641853226408     
  -708.39641853226408     
  -708.39641853226408     
  -708.39641853226408     
  -708.39641853226408     
  -708.39641853226408     
  -708.39641853226408     
  -708.39641853226408     
  -708.39641853226408     
  -708.39641853226408     
  -708.39641853226408     
  -708.39641853226408     
  -708.39641853226408     
  -708.39641853226408     
  -708.39641853226408     
  -708.39641853226408     
  -708.39641853226408     
  -708.39641853226408     
  -708.39641853226408     
  -708.39641853226408     
  -708.39641853226408     
  -708.39641853226408     
  -708.39641853226408     
  -708.39641853226408     
  -708.39641853226408     
  -708.39641853226408     
  -708.39641853226408     
  -708.39641853226408     
  -708.39641853226408     
  -708.39641853226408     
  -708.39641853226408     
  -708.39641853226408     
  -708.39641853226408     
  -708.39641853226408     
  -708.39641853226408     
  -708.39641853226408     
  -708.39641853226408     
  -708.39641853226408     
  -708.39641853226408     
  -708.39641853226408     
  -708.39641853226408     
  -708.39641853226408     
  -708.39641853226408     
  -708.39641853226408     
  -708.39641853226408     
  -708.39641853226408     
  -708.39641853226408     
  -708.39641853226408     
  -708.39641853226408     
  -708.39641853226408     
  -708.39641853226408     
  -708.39641853226408     
  -708.39641853226408     
  -708.39641853226408     
  -708.39641853226408     
  -708.39641853226408     
  -708.39641853226408     
  -708.39641853226408     
  -708.39641853226408     
  -708.39641853226408     
  -708.39641853226408     
  -708.39641853226408     
  -708.39641853226408     
  -708.39641853226408     
  -708.39641853226408     
  -708.39641853226408     
  -708.39641853226408     
  -708.39641853226408     
  -708.39641853226408     
