   2.5000000000000000        5.0000000000000003E-002  log
   269.54248414777277     
   237.57604278238910     
   209.06780727904635     
   183.64218334478912     
   160.96447127589715     
   140.73642216040787     
   122.69227710392640     
   106.59523675165288     
   92.234314045307457     
   79.421528183512279     
   67.989402211988505     
   57.788730611081029     
   48.686586720255995     
   40.564542882509009     
   33.317078839046353     
   26.850156181954677     
   21.079938598327313     
   15.931639224230095     
   11.338477673378316     
   7.2407302065565737     
   3.5848570460930786     
  0.32269098508934763     
  -2.5893288512368322     
  -5.1908950275738590     
  -7.5185599173614435     
  -9.6064743066424985     
  -11.487159787596255     
  -13.192342191285546     
  -14.753878520924529     
  -16.204816629231335     
  -708.39641853226408     
  -708.39641853226408     
  -708.39641853226408     
  -708.39641853226408     
  -708.39641853226408     
  -708.39641853226408     
  -708.39641853226408     
  -708.39641853226408     
  -708.39641853226408     
  -708.39641853226408     
  -708.39641853226408     
  -708.39641853226408     
  -708.39641853226408     
  -708.39641853226408     
  -708.39641853226408     
  -708.39641853226408     
  -708.39641853226408     
  -708.39641853226408     
  -708.39641853226408     
  -708.39641853226408     
  -708.39641853226408     
  -708.39641853226408     
  -708.39641853226408     
  -708.39641853226408     
  -708.39641853226408     
  -708.39641853226408     
  -708.39641853226408     
  -708.39641853226408     
  -708.39641853226408     
  -708.39641853226408     
  -708.39641853226408     
  -708.39641853226408     
  -708.39641853226408     
  -708.39641853226408     
  -708.39641853226408     
  -708.39641853226408     
  -708.39641853226408     
  -708.39641853226408     
  -708.39641853226408     
  -708.39641853226408     
  -708.39641853226408     
  -708.39641853226408     
  -708.39641853226408     
  -708.39641853226408     
  -708.39641853226408     
  -708.39641853226408     
  -708.39641853226408     
  -708.39641853226408     
  -708.39641853226408     
  -708.39641853226408     
  -708.39641853226408     
  -708.39641853226408     
  -708.39641853226408     
  -708.39641853226408     
  -708.39641853226408     
  -708.39641853226408     
  -708.39641853226408     
  -708.39641853226408     
  -708.39641853226408     
  -708.39641853226408     
  -708.39641853226408     
  -708.39641853226408     
  -708.39641853226408     
  -708.39641853226408     
  -708.39641853226408     
  -708.39641853226408     
  -708.39641853226408     
  -708.39641853226408     
  -708.39641853226408     
  -708.39641853226408     
  -708.39641853226408     
