   2.5000000000000000        5.0000000000000003E-002  log
   217.35235598030977     
   192.03961975578207     
   169.42732117592794     
   149.22212478509283     
   131.16263135199770     
   115.01590808026320     
   100.57439624556983     
   87.653155146535269     
   76.087405698575893     
   65.730340950302335     
   56.451174311420544     
   48.133399394510121     
   40.673238129564929     
   33.978256243644779     
   27.966127337239008     
   22.563528658027327     
   17.705153290970483     
   13.332824865662699     
   9.3947020372977565     
   5.8445609308610704     
   2.6411444479059081     
 -0.25243218637450898     
  -2.8692300265324504     
  -5.2389995910854097     
  -7.3886694037635285     
  -9.3428213680215961     
  -11.124165569305628     
  -12.754028719720537     
  -14.252872689987555     
  -15.640862552629731     
  -708.39641853226408     
  -708.39641853226408     
  -708.39641853226408     
  -708.39641853226408     
  -708.39641853226408     
  -708.39641853226408     
  -708.39641853226408     
  -708.39641853226408     
  -708.39641853226408     
  -708.39641853226408     
  -708.39641853226408     
  -708.39641853226408     
  -708.39641853226408     
  -708.39641853226408     
  -708.39641853226408     
  -708.39641853226408     
  -708.39641853226408     
  -708.39641853226408     
  -708.39641853226408     
  -708.39641853226408     
  -708.39641853226408     
  -708.39641853226408     
  -708.39641853226408     
  -708.39641853226408     
  -708.39641853226408     
  -708.39641853226408     
  -708.39641853226408     
  -708.39641853226408     
  -708.39641853226408     
  -708.39641853226408     
  -708.39641853226408     
  -708.39641853226408     
  -708.39641853226408     
  -708.39641853226408     
  -708.39641853226408     
  -708.39641853226408     
  -708.39641853226408     
  -708.39641853226408     
  -708.39641853226408     
  -708.39641853226408     
  -708.39641853226408     
  -708.39641853226408     
  -708.39641853226408     
  -708.39641853226408     
  -708.39641853226408     
  -708.39641853226408     
  -708.39641853226408     
  -708.39641853226408     
  -708.39641853226408     
  -708.39641853226408     
  -708.39641853226408     
  -708.39641853226408     
  -708.39641853226408     
  -708.39641853226408     
  -708.39641853226408     
  -708.39641853226408     
  -708.39641853226408     
  -708.39641853226408     
  -708.39641853226408     
  -708.39641853226408     
  -708.39641853226408     
  -708.39641853226408     
  -708.39641853226408     
  -708.39641853226408     
  -708.39641853226408     
  -708.39641853226408     
  -708.39641853226408     
  -708.39641853226408     
  -708.39641853226408     
  -708.39641853226408     
  -708.39641853226408     
