   2.5000000000000000        5.0000000000000003E-002  log
   205.75252191028264     
   181.80612696738078     
   160.42069363204195     
   141.31706427119153     
   124.24637964592360     
   108.98678194170733     
   95.340477448145720     
   83.131120263208430     
   72.201482747639830     
   62.411382374781468     
   53.635838167453905     
   45.763433141552660     
   38.694862138129338     
   32.341647173426274     
   26.625005021393584     
   21.474854219231315     
   16.828951110605150     
   12.632146976117250     
   8.8357608171710318     
   5.3970650393924027     
   2.2788842218185721     
 -0.55068952606013943     
  -3.1184572849492445     
  -5.4461382682112438     
  -7.5502417065769203     
  -9.4417618047467364     
  -11.125663811327298     
  -12.600119244929576     
  -13.855435892684014     
  -14.872612693506591     
  -708.39641853226408     
  -708.39641853226408     
  -708.39641853226408     
  -708.39641853226408     
  -708.39641853226408     
  -708.39641853226408     
  -708.39641853226408     
  -708.39641853226408     
  -708.39641853226408     
  -708.39641853226408     
  -708.39641853226408     
  -708.39641853226408     
  -708.39641853226408     
  -708.39641853226408     
  -708.39641853226408     
  -708.39641853226408     
  -708.39641853226408     
  -708.39641853226408     
  -708.39641853226408     
  -708.39641853226408     
  -708.39641853226408     
  -708.39641853226408     
  -708.39641853226408     
  -708.39641853226408     
  -708.39641853226408     
  -708.39641853226408     
  -708.39641853226408     
  -708.39641853226408     
  -708.39641853226408     
  -708.39641853226408     
  -708.39641853226408     
  -708.39641853226408     
  -708.39641853226408     
  -708.39641853226408     
  -708.39641853226408     
  -708.39641853226408     
  -708.39641853226408     
  -708.39641853226408     
  -708.39641853226408     
  -708.39641853226408     
  -708.39641853226408     
  -708.39641853226408     
  -708.39641853226408     
  -708.39641853226408     
  -708.39641853226408     
  -708.39641853226408     
  -708.39641853226408     
  -708.39641853226408     
  -708.39641853226408     
  -708.39641853226408     
  -708.39641853226408     
  -708.39641853226408     
  -708.39641853226408     
  -708.39641853226408     
  -708.39641853226408     
  -708.39641853226408     
  -708.39641853226408     
  -708.39641853226408     
  -708.39641853226408     
  -708.39641853226408     
  -708.39641853226408     
  -708.39641853226408     
  -708.39641853226408     
  -708.39641853226408     
  -708.39641853226408     
  -708.39641853226408     
  -708.39641853226408     
  -708.39641853226408     
  -708.39641853226408     
  -708.39641853226408     
  -708.39641853226408     
