   2.5000000000000000        5.0000000000000003E-002  log
   418.06074927652594     
   365.03017491867610     
   317.95113202156972     
   276.17771561626614     
   239.13427451057757     
   206.30773425479143     
   177.24074049600779     
   151.52552915692692     
   128.79843885124842     
   108.73498862872668     
   91.045450585492134     
   75.470852108587934     
   61.779346546229760     
   49.762893871067305     
   39.234194357017827     
   30.023818298676556     
   21.977473187656884     
   14.953346276531304     
   8.8194547794541940     
   3.4509276478202340     
  -1.2728686388030541     
  -5.4714632282712508     
  -9.2667961801220198     
  -12.787265261389322     
  -16.172487290973805     
  -19.579000040214506     
  -23.187185338093364     
  -27.209763310665739     
  -31.902295351684334     
  -37.576244196638747     
  -708.39641853226408     
  -708.39641853226408     
  -708.39641853226408     
  -708.39641853226408     
  -708.39641853226408     
  -708.39641853226408     
  -708.39641853226408     
  -708.39641853226408     
  -708.39641853226408     
  -708.39641853226408     
  -708.39641853226408     
  -708.39641853226408     
  -708.39641853226408     
  -708.39641853226408     
  -708.39641853226408     
  -708.39641853226408     
  -708.39641853226408     
  -708.39641853226408     
  -708.39641853226408     
  -708.39641853226408     
  -708.39641853226408     
  -708.39641853226408     
  -708.39641853226408     
  -708.39641853226408     
  -708.39641853226408     
  -708.39641853226408     
  -708.39641853226408     
  -708.39641853226408     
  -708.39641853226408     
  -708.39641853226408     
  -708.39641853226408     
  -708.39641853226408     
  -708.39641853226408     
  -708.39641853226408     
  -708.39641853226408     
  -708.39641853226408     
  -708.39641853226408     
  -708.39641853226408     
  -708.39641853226408     
  -708.39641853226408     
  -708.39641853226408     
  -708.39641853226408     
  -708.39641853226408     
  -708.39641853226408     
  -708.39641853226408     
  -708.39641853226408     
  -708.39641853226408     
  -708.39641853226408     
  -708.39641853226408     
  -708.39641853226408     
  -708.39641853226408     
  -708.39641853226408     
  -708.39641853226408     
  -708.39641853226408     
  -708.39641853226408     
  -708.39641853226408     
  -708.39641853226408     
  -708.39641853226408     
  -708.39641853226408     
  -708.39641853226408     
  -708.39641853226408     
  -708.39641853226408     
  -708.39641853226408     
  -708.39641853226408     
  -708.39641853226408     
  -708.39641853226408     
  -708.39641853226408     
  -708.39641853226408     
  -708.39641853226408     
  -708.39641853226408     
  -708.39641853226408     
