   2.5000000000000000        5.0000000000000003E-002  log
  -341.24832897866821     
  -303.75616793482192     
  -270.30994373574117     
  -240.46966454518756     
  -213.84318722634248     
  -190.08101384063360     
  -168.87165402243258     
  -149.93749169115344     
  -133.03110125453301     
  -117.93196442134837     
  -104.44354405767163     
  -92.390676258515995     
  -81.617246029326438     
  -71.984115736048921     
  -63.367278845217143     
  -55.656214521340566     
  -48.752421584793659     
  -42.568113676766799     
  -37.025062155855601     
  -32.053580036209674     
  -27.591648085846181     
  -23.584188207735270     
  -19.982481464975152     
  -16.743702395062815     
  -13.830500601904443     
  -11.210525069031053     
  -8.8558048896948200     
  -6.7420615432145041     
  -4.8484184682152760     
  -3.1584531917355902     
  -1.6633201644614883     
 -0.36515107102719985     
  0.72627944454688820     
   1.6102414899072452     
   2.3130162469189357     
   2.8839355984543888     
   3.3758041733839552     
   3.8335014035362978     
   4.2941195653343227     
   4.7879413955355812     
   5.3336675798724773     
   5.9321225714052295     
   6.5678352627998100     
   7.2188528758701409     
   7.8659867918467112     
   8.4964202246035416     
   9.1032056922176388     
   9.6834830576603235     
   10.236864125697037     
   10.764321526997412     
   11.267507562442599     
   11.748360108633232     
   12.208882908001483     
   12.651027536204918     
   13.076633559358644     
   13.487401643333767     
   13.884885113719806     
   14.270491642890732     
   14.645490278100890     
   15.011021056899995     
   15.368105631802608     
   15.717658011357331     
   16.060494926646513     
   16.397345568759420     
   16.728860581784140     
   17.055620276854302     
   17.378142079025139     
   17.696887244090341     
   18.012266895217987     
   18.324647434534761     
   18.634355385609709     
   18.941681721073749     
   19.246885726520190     
   19.550198448074010     
   19.851825767022728     
   20.151951140923959     
   20.450738046789624     
   20.748332158371998     
   21.044863286278265     
   21.340447106627821     
   21.635186701235849     
   21.929173929843564     
   22.222490652702319     
   22.515209819835029     
   22.807396441524176     
   23.099108452990599     
   23.390397484812947     
   23.681309549376401     
   23.971885652515187     
   24.262162338511782     
   24.552172175723562     
   24.841944189312990     
   25.131504246849854     
   25.420875401923816     
   25.710078200344373     
   25.999130953005601     
   26.288049979047901     
   26.576849822552767     
   26.865543445653341     
   27.154142400629418     
   27.442656983275171     
