   2.5000000000000000        5.0000000000000003E-002  log
  -23493.104809724435     
  -21944.509692550087     
  -19556.571426650378     
  -17428.162713145397     
  -15531.059954890841     
  -13840.108844827180     
  -12332.890583484595     
  -10989.424395037433     
  -9791.9023944714845     
  -8724.4532877082675     
  -7772.9317691271153     
  -6924.7308219155075     
  -6168.6144305852249     
  -5494.5684858494005     
  -4893.6679034574636     
  -4357.9581937347266     
  -3880.3499103266713     
  -3454.5245775547578     
  -3074.8508481437284     
  -2736.3097789826370     
  -2434.4282340118784     
  -2165.2195321099480     
  -1925.1305554053206     
  -1710.9946204318644     
  -1519.9894910652276     
  -1349.5999791094705     
  -1197.5846399465715     
  -1061.9461359161303     
  -940.90491889239070     
  -832.87597045775919     
  -736.44838524451370     
  -650.36748039984025     
  -573.51872966291103     
  -504.91221991276774     
  -443.66624113066018     
  -388.99033351727098     
  -340.17105362108032     
  -296.56373345507984     
  -257.58912232738118     
  -222.73076497748801     
  -191.53064127829109     
  -163.58333496813108     
  -138.52988594675017     
  -116.05209413036158     
  -95.867532240460648     
  -77.725255509305185     
  -61.402110621258011     
  -46.699540449756398     
  -33.440798453767407     
  -21.468505637489777     
  -10.642498177150822     
 -0.83792489446201812     
   8.0564383229264056     
   16.139684308637868     
   23.500103473258690     
   30.216365260505096     
   36.358569061427914     
   41.989179241659699     
   47.163857119397697     
   51.932201268107313     
   56.338406372279778     
   60.421849947137758     
   64.217615399810171     
   67.756959020923858     
   71.067727492298218     
   74.174731430338809     
   77.100079484232594     
   79.863476704419980     
   82.482490359997698     
   84.972786099706767     
   87.348337241658115     
   89.621609940190481     
   91.803726927358284     
   93.904612410955934     
   95.933120518973283     
   97.897149428647751     
   99.803743037021306     
   101.65918174979542     
   103.46906370953336     
   105.23837756592290     
   106.97156771366713     
   108.67259278486743     
   110.34497807622238     
   111.99186250961162     
   113.61604066076903     
   115.22000033913454     
   116.80595615844679     
   118.37587949937640     
   119.93152523075629     
   121.47445552375437     
   123.00606106317532     
   124.52757993177941     
   126.04011441702633     
   127.54464596500679     
   129.04204848353388     
   130.53310017542785     
   132.01849406391162     
   133.49884735467714     
   134.97470976349979     
   136.44657092416537     
   137.91486697881828     
