   2.5000000000000000        5.0000000000000003E-002  log
  -47931.002336379883     
  -42715.869060409634     
  -38067.594931243802     
  -33924.534548457123     
  -30231.746391088916     
  -26940.263777040494     
  -24006.445104954106     
  -21391.394756677990     
  -19060.446976045099     
  -16982.705875350450     
  -15130.635465692545     
  -13479.694271131295     
  -12008.009678219525     
  -10696.087699758184     
  -9526.5543016777265     
  -8483.9248611936036     
  -7554.3986987062444     
  -6725.6759604787303     
  -5986.7944279196399     
  -5327.9840951114793     
  -4740.5375926056367     
  -4216.6947524130592     
  -3749.5398314532981     
  -3332.9101787200698     
  -2961.3154591319217     
  -2629.8667816700281     
  -2334.2146343362856     
  -2070.4923588830029     
  -1835.2586895256286     
  -1625.4362668243962     
  -1438.2584301784541     
  -1271.2394614142338     
  -1122.1594086926477     
  -989.04548632036278     
  -870.14704854340300     
  -763.90958125067584     
  -668.95121892417023     
  -584.04246254725547     
  -508.08870910404704     
  -440.11507260991311     
  -379.25308170626954     
  -324.72895049568160     
  -275.85319770051228     
  -232.01143987664639     
  -192.65621681700972     
  -157.29972790044283     
  -125.50737123912067     
  -96.891986610133912     
  -71.108711661552576     
  -47.850371393148755     
  -26.843334577312831     
  -7.8437868192760529     
   9.3656142250075369     
   24.978723904625777     
   39.168553093795524     
   52.089587750905068     
   63.879812790751352     
   74.662475996714917     
   84.547632452404585     
   93.633508932774262     
   102.00772172020947     
   109.74837303911700     
   116.92504340620421     
   123.59969126078889     
   129.82746762025266     
   135.65745175715745     
   141.13331332130372     
   146.29390637897086     
   151.17380147864466     
   155.80376452361287     
   160.21120153538658     
   164.42062087168239     
   168.45424443494653     
   172.33304450356562     
   176.07863305347107     
   179.71628198891915     
   183.27811274578178     
   186.80237966305754     
   190.32294990403443     
   193.85242713669720     
   197.37718437520951     
   200.87134866899206     
   204.31287699871555     
   207.68941931345859     
   210.99687269435526     
   214.23624700677948     
   217.41121215881137     
   220.52660455083466     
   223.58761039640873     
   226.59934642347474     
   229.56665793771589     
   232.49403222938466     
   235.38557210315096     
   238.24500006689550     
   241.07567749382733     
   243.88063040839165     
   246.66257747198563     
   249.42395786136265     
   252.16695788141357     
   254.89353577876355     
   257.60544456067856     
