   2.5000000000000000        5.0000000000000003E-002  log
  -59286.139448312912     
  -54071.006172342655     
  -49422.732043176831     
  -45279.671660390151     
  -41586.883503021942     
  -38295.400888973520     
  -35361.582216887131     
  -32746.531868611015     
  -30415.584087978124     
  -28337.842987283471     
  -26485.772577625568     
  -24834.831383064320     
  -23363.146790152550     
  -22051.224811691209     
  -20249.293739789078     
  -18039.756512424789     
  -16070.191389668820     
  -14314.501651910168     
  -12749.428610903838     
  -11354.243020617851     
  -10110.470078570323     
  -9001.6443829181462     
  -8013.0916427417706     
  -7131.7343939947532     
  -6345.9194679865841     
  -5645.2653424628015     
  -5020.5271926837195     
  -4463.4754083282533     
  -3966.7802384834049     
  -3523.8987076907633     
  -3128.9754218216476     
  -2776.7718260481661     
  -2462.6145002805374     
  -2182.3440029453145     
  -1932.2608291839965     
  -1709.0735423802910     
  -1509.8522432039624     
  -1331.9877460509722     
  -1173.1558009400778     
  -1031.2855978751993     
  -904.53192219442553     
  -791.25046461491593     
  -689.97588907512318     
  -599.40233082691657     
  -518.36604630231602     
  -445.82997175659841     
  -380.86997402778047     
  -322.66259768561349     
  -270.47413186532293     
  -223.65083996481638     
  -181.61021740370126     
  -143.83316612177654     
  -109.85699694992681     
  -79.269188951052982     
  -51.701845340485576     
  -26.826787909316362     
  -4.3512283615259530     
   15.986049745006998     
   34.418066190427076     
   51.152640150833037     
   66.375062238943116     
   80.250487017704629     
   92.926080482215895     
   104.53294920219264     
   115.18787253102433     
   124.99485605228394     
   134.04652252700507     
   142.42535539274488     
   150.20480895713740     
   157.45029882705285     
   164.22008702362490     
   170.56608432525920     
   176.53462610715235     
   182.16737852119593     
   187.50274971861808     
   192.57847674548000     
   197.43600095713271     
   202.12540393228574     
   206.70421377512127     
   211.22029022457548     
   215.68766767691287     
   220.08667379880004     
   224.38904584988367     
   228.57670243739219     
   232.64425707314447     
   236.59475757027406     
   240.43551872185790     
   244.17554506543118     
   247.82417782795093     
   251.39044425114022     
   254.88277176452513     
   258.30888444292810     
   261.67578857171509     
   264.98980048699389     
   268.25659314064148     
   271.48124951156274     
   274.66831689411589     
   277.82185912872364     
   280.94550541781121     
   284.04249519772475     
   287.11571897059792     
