   2.5000000000000000        5.0000000000000003E-002  log
  -95085.077910312000     
  -90361.621169669321     
  -85471.475307252666     
  -80112.512029114732     
  -73979.473055977578     
  -68399.442421290645     
  -63425.890825416107     
  -58992.864189653883     
  -55041.580890538069     
  -51519.651759715583     
  -48380.384908600689     
  -45582.166153088336     
  -43087.906816808863     
  -40864.551585505047     
  -38882.639881976429     
  -37115.914941238560     
  -35540.975398513903     
  -33588.814886483196     
  -30445.932559961901     
  -27123.853947130443     
  -24162.641374936109     
  -21523.051012503714     
  -19170.106790620233     
  -17072.636341527075     
  -15202.857483719044     
  -13536.009845352881     
  -12050.026867464983     
  -10725.243966316377     
  -9544.1389300273058     
  -8491.1004683417032     
  -7552.2202242606472     
  -6715.1035797650902     
  -5968.6975706559497     
  -5303.1392785763755     
  -4709.6276730828968     
  -4180.3144761399217     
  -3708.2061777033500     
  -3287.0733378053023     
  -2911.3672578126166     
  -2576.1447493054784     
  -2277.0010421142288     
  -2010.0103444251110     
  -1771.6733367541378     
  -1558.8707824496703     
  -1368.8224229193713     
  -1199.0504044172412     
  -1047.3466240298071     
  -911.74352512009455     
  -790.48797646674313     
  -682.01793022115510     
  -584.94158674232699     
  -498.01881527828925     
  -420.14459757452090     
  -350.33428007647694     
  -287.71043964883188     
  -231.49118688634903     
  -180.97974937967260     
  -135.55519424912859     
  -94.664164666505570     
  -57.813518925528399     
  -24.563772973169215     
   5.4767417016288347     
   32.657083171597797     
   57.288336860270469     
   79.647748025899844     
   99.982404126779741     
   118.51251619367628     
   135.43434294840580     
   150.92279661805645     
   165.13376513411598     
   178.20618161509225     
   190.26386865740434     
   201.41718195584417     
   211.76447510059978     
   221.39340501624000     
   230.38209538687286     
   238.80017352223152     
   246.70969443624759     
   254.16596441011868     
   261.21827497584445     
   267.91055706580738     
   274.28196401328711     
   280.36739114365679     
   286.19793885380307     
   291.80132532680955     
   297.20225436014601     
   302.42274318961154     
   307.48241466014747     
   312.39875762131061     
   317.18735900337288     
   321.86211065409185     
   326.43539368117041     
   330.91824274685206     
   335.32049249500358     
   339.65090805389195     
   343.91730134651192     
   348.12663475196223     
   352.28511349349657     
   356.39826797926486     
   360.47102718841967     
   364.50778407643003     
