   2.5000000000000000        5.0000000000000003E-002  log
  -83729.940798378972     
  -79006.484057736307     
  -74116.338195319651     
  -68757.374917181718     
  -62624.335944044549     
  -57044.305309357624     
  -52070.753713483085     
  -47637.727077720861     
  -43686.443778605040     
  -40164.514647782562     
  -37025.247796667660     
  -34227.029041155314     
  -31732.769704875842     
  -29509.414473572022     
  -27527.502770043404     
  -25760.777829305534     
  -24185.838286580882     
  -22233.677774550175     
  -19805.844134596860     
  -17641.659532320231     
  -15712.452383788428     
  -13992.669123850468     
  -12459.535145463324     
  -11092.752645474024     
  -9874.2314082839202     
  -8787.8490357563242     
  -7819.2375710971965     
  -6955.5938169734991     
  -6185.5107785766641     
  -5498.8273586022133     
  -4886.4926896323414     
  -4340.4413957941424     
  -3853.4789540126894     
  -3419.1812852027742     
  -3031.8122276478657     
  -2686.2550704405130     
  -2377.9508153021479     
  -2102.8397831598186     
  -1857.3070768134935     
  -1638.1330101848005     
  -1442.4488861827654     
  -1267.6979395660530     
  -1111.6009970676755     
  -972.12627849655530     
  -847.46272185101077     
  -735.99627075569947     
  -636.28868251410438     
  -547.05853912984423     
  -467.16423108867832     
  -395.58872983716742     
  -331.42598469241938     
  -273.86878911707925     
  -222.19796896904157     
  -175.77275462092541     
  -134.02220981009913     
  -96.437601844140332     
  -62.565609490246388     
  -32.002275958236055     
  -4.3876245632109390     
   20.599136166959905     
   43.243882977435781     
   63.801381722031479     
   82.498675851779041     
   99.538105144155139     
   115.09999519834724     
   129.34505373558343     
   142.41650576493433     
   154.44199614415874     
   165.53528492967348     
   175.79775812409912     
   185.31977395820013     
   194.18186268858571     
   202.45579628745972     
   210.20554481171587     
   217.48814506086023     
   224.35454453968404     
   230.85059304754915     
   237.01858368808479     
   242.90003636355289     
   248.54027443831166     
   253.99322390067275     
   259.31912614378666     
   264.56592031130327     
   269.74604688024084     
   274.83971968564254     
   279.82077357719555     
   284.67386557732692     
   289.39592134898788     
   293.99171831799822     
   298.46986862895477     
   302.84039268942985     
   307.11346283057509     
   311.29880857435768     
   315.40546329456328     
   319.44168059313915     
   323.41493304677880     
   327.33194948063192     
   331.19876875343601     
   335.02079898277316     
   338.80287668376178     
   342.54932314182832     
