   2.5000000000000000        5.0000000000000003E-002  log
  -26484.829669055915     
  -23602.565382634788     
  -21033.527109428622     
  -18743.651494374251     
  -16702.579602709808     
  -14883.254056662790     
  -13261.559984797075     
  -11816.005019686780     
  -10527.434097933796     
  -9378.7752787019290     
  -8354.8132087091235     
  -7441.9872279982728     
  -6628.2114363807550     
  -5902.7143298313440     
  -5255.8958740720609     
  -4679.2001136428662     
  -4165.0016225921590     
  -3706.5042899674067     
  -3297.6511008687658     
  -2933.0437227024631     
  -2607.8708373182380     
  -2317.8442744774457     
  -2059.1421029451399     
  -1828.3579255104069     
  -1622.4557074805587     
  -1438.7295518584549     
  -1274.7679334608997     
  -1128.4220424131111     
  -997.77807477835643     
  -881.13346463282426     
  -776.97685134543713     
  -683.97029236832304     
  -600.92947653784893     
  -526.79702320048750     
  -460.61331696331177     
  -401.50069027167257     
  -348.66495017910046     
  -301.39914198015850     
  -259.07957814934349     
  -221.15666195133934     
  -187.14511781788167     
  -156.61552044689867     
  -129.18723910449418     
  -104.52245081936704     
  -82.320933286841992     
  -62.315493271540355     
  -44.267979084699249     
  -27.965848594703726     
  -13.219245686729511     
  0.14148632788394394     
   12.267935556216541     
   23.295471123329190     
   33.344871408104439     
   42.523776673459018     
   50.928001793707224     
   58.642738293305882     
   65.743670061364242     
   72.298021969873162     
   78.365553196983470     
   83.999495518249546     
   89.247421296877917     
   94.152010266974614     
   98.751675751244392     
   103.08101756026498     
   107.17109499152065     
   111.04955573093440     
   114.74070009066216     
   118.26558083910110     
   121.64221804112002     
   124.88595073838384     
   128.00988385311354     
   131.02535378284639     
   133.94234156787294     
   136.76979385149028     
   139.51584597763383     
   142.18796373468169     
   144.79302807751264     
   147.33738530905873     
   149.82687932981685     
   152.26687642122138     
   154.66228824148004     
   157.01759556005675     
   159.33687343924848     
   161.62381766190569     
   163.88177184143751     
   166.11375458181053     
   168.32248612547596     
   170.51041404828868     
   172.67973768756178     
   174.83243110226189     
   176.97026445612241     
   179.09482378481940     
   181.20752915982098     
   183.30965129748162     
   185.40232668576357     
   187.48657131557027     
   189.56329311148536     
   191.63330315963000     
   193.69732582984517     
   195.75600788657323     
   197.80992667847411     
