   2.5000000000000000        5.0000000000000003E-002  log
  -384.94082282966446     
  -342.71603544615238     
  -305.04589409822302     
  -271.43607673396809     
  -241.44590238860357     
  -214.68249201218134     
  -190.79557401992534     
  -169.47286069128498     
  -150.43593028845831     
  -133.43655767765159     
  -118.25344311677624     
  -104.68929479518340     
  -92.568226088452988     
  -81.733434032180881     
  -72.045131732668466     
  -63.378713756405041     
  -55.623137948939942     
  -48.679507167596327     
  -42.459829193382184     
  -36.885924505037181     
  -31.888443513306854     
  -27.405951342398627     
  -23.384042665692657     
  -19.774463926728924     
  -16.534245783056530     
  -13.624880010321178     
  -11.011602532767240     
  -8.6628630852638757     
  -6.5500930684601562     
  -4.6479783699416020     
  -2.9356275296475722     
  -1.3991154723176751     
  -3.5149666634113917E-002
   1.1473471614541220     
   2.1352528415557832     
   2.9313920908649918     
   3.5689186701121600     
   4.1021581018426430     
   4.5881576484764590     
   5.0770970443091761     
   5.6075726259403398     
   6.1991330176574717     
   6.8477576779319449     
   7.5329343950760110     
   8.2309688353081540     
   8.9236220208442223     
   9.5998121167880068     
   10.253945662974504     
   10.883798054513345     
   11.488962002163602     
   12.069925053728520     
   12.627586787483269     
   13.163031482907684     
   13.677430682255869     
   14.172002814606241     
   14.647993076731698     
   15.106657982529311     
   15.549249850808998     
   15.977001104057781     
   16.391109588610753     
   16.792726052317700     
   17.182944414136443     
   17.562794967132280     
   17.933240312896409     
   18.295173638963227     
   18.649418883285460     
   18.996732337443571     
   19.337805287979204     
   19.673267359326367     
   20.003690288052361     
   20.329591919022427     
   20.651440266444720     
   20.969657525785436     
   21.284623956807710     
   21.596681584593448     
   21.906137685630171     
   22.213268041113349     
   22.518319950615108     
   22.821515007116528     
   23.123051639836891     
   23.423107434912183     
   23.721841246240420     
   24.019395110082424     
   24.315895977557599     
   24.611457279214168     
   24.906180335538576     
   25.200155626716860     
   25.493463934258056     
   25.786177366299981     
   26.078360277586594     
   26.370070094266616     
   26.661358052837652     
   26.952269861764350     
   27.242846293543092     
   27.533123714274925     
   27.823134557146545     
   28.112907745606446     
   28.402469071459624     
   28.691841532588118     
   28.981045634533441     
   29.270099659748677     
