   2.5000000000000000        5.0000000000000003E-002  log
  -4249.7030602569612     
  -3786.5656526426746     
  -3373.6751879331509     
  -3005.5666334046559     
  -2677.3692472566622     
  -2384.7419990720714     
  -2123.8159965119871     
  -1891.1431584313862     
  -1683.6504585785194     
  -1498.5991376875709     
  -1333.5483468218602     
  -1186.3227426862336     
  -1054.9836073302508     
  -937.80311084179255     
  -833.24137660513338     
  -739.92604472252333     
  -656.63406078635694     
  -582.27544526411600     
  -515.87882444891545     
  -456.57852810678094     
  -403.60308184854574     
  -356.26494342140961     
  -313.95135076319491     
  -276.11616518352787     
  -242.27260544805091     
  -211.98677870096316     
  -184.87192406061442     
  -160.58329918550248     
  -138.81367225133550     
  -119.28946262965053     
  -101.76775422619045     
  -86.034709094867722     
  -71.906116050967697     
  -59.229839864386818     
  -47.885349253107144     
  -37.768875691396381     
  -28.763598853096024     
  -20.726590638941332     
  -13.510225422650560     
  -6.9866599896192980     
  -1.0540191921420212     
   4.3679839327077339     
   9.3437402484466805     
   13.926185769769404     
   18.160109065861565     
   22.084679427459893     
   25.735406983672352     
   29.145663291883750     
   32.347715655653673     
   35.372894519787785     
   38.250326545766377     
   41.004232925167265     
   43.651190668502636     
   46.199519870300300     
   48.651528987274794     
   51.007059908809239     
   53.266290168472992     
   55.431012510015137     
   57.504755656870742     
   59.492377216498753     
   61.399551850152186     
   63.232336039313665     
   64.996851881628970     
   66.699077230410481     
   68.344716094502530     
   69.939125201218800     
   71.487278323373943     
   72.993755346287443     
   74.462747155006582     
   75.898070319906878     
   77.303187541902886     
   78.681231161510937     
   80.035027944762192     
   81.367123975663390     
   82.679808904837387     
   83.975139090521196     
   85.254959363525288     
   86.520923280493108     
   87.774511819142077     
   89.017050528358553     
   90.249725184213247     
   91.473596026547440     
   92.689610664232376     
   93.898615743677354     
   95.101367476889109     
   96.298541123940637     
   97.490739521209022     
   98.678500741975427     
   99.862304970496638     
   101.04258066484257     
   102.21971007790889     
   103.39403420023621     
   104.56585718271391     
   105.73545029198539     
   106.90305544644711     
   108.06888837616088     
   109.23314144578319     
   110.39598617574879     
   111.55757549341575     
   112.71804574266704     
   113.87751847755025     
