   2.5000000000000000        5.0000000000000003E-002  log
  -60416.447098892982     
  -58783.675127789502     
  -56123.826307686199     
  -52779.468121308382     
  -48723.691461922695     
  -44236.744109973333     
  -39421.135939960783     
  -35128.881592169280     
  -31303.066481002876     
  -27892.965319683088     
  -24853.369073181282     
  -22143.985081837491     
  -19728.902388909155     
  -17576.115179215019     
  -15657.098019346260     
  -13946.427289486939     
  -12421.443815806828     
  -11061.952252990417     
  -9849.9532344850268     
  -8769.4047158858975     
  -7806.0093028952087     
  -6947.0246968971333     
  -6181.0947147985571     
  -5498.0986373965115     
  -4889.0168992125909     
  -4345.8113492502880     
  -3861.3184975055156     
  -3429.1543319773509     
  -3043.6294548031710     
  -2699.6734507660935     
  -2392.7675933222376     
  -2118.8852835695475     
  -1874.4400938411295     
  -1656.2418252341556     
  -1461.4604493800225     
  -1287.5927027083869     
  -1132.4157393923590     
  -993.92186623535099     
  -870.27484323337762     
  -759.81506074639333     
  -661.07015929201543     
  -572.74269174860206     
  -493.68722675260994     
  -422.88903455960957     
  -359.44687652400910     
  -302.55908092996384     
  -251.51190943685015     
  -205.66957226562863     
  -164.46551512939902     
  -127.39474918957555     
  -94.007074832403546     
  -63.901092238047873     
  -36.718911919963048     
  -12.141485236010954     
   10.115524669154889     
   30.305410375555375     
   48.653699369897666     
   65.361106114134273     
   80.606202383713196     
   94.547836127358465     
   107.32731849300318     
   119.07039385714121     
   129.88900732586688     
   139.88288539317139     
   149.14094547074140     
   157.74254756661159     
   165.75859737018158     
   173.25250681976868     
   180.28101822978223     
   186.89490199477896     
   193.13954446625476     
   199.05544907457320     
   204.67867715402556     
   210.04125325261407     
   215.17155295430931     
   220.09468149960935     
   224.83284204553368     
   229.40568615911471     
   233.83063731321727     
   238.12318007023802     
   242.29711149725466     
   246.36475532085780     
   250.33714224313698     
   254.22416135075434     
   258.03468786224784     
   261.77669200274488     
   265.45733298232938     
   269.08304117589529     
   272.65959081905135     
   276.19216490872026     
   279.68541353204677     
   283.14350651919085     
   286.57018109263072     
   289.96878503773735     
   293.34231582238419     
   296.69345602931151     
   300.02460542146889     
   303.33790992941795     
   306.63528782592124     
   309.91845333295601     
   313.18893788877449     
