   2.5000000000000000        5.0000000000000003E-002  log
  -1590.2831053549924     
  -1416.5468401033813     
  -1261.6380035005027     
  -1123.5080515240586     
  -1000.3312452749932     
  -890.48053426875970     
  -792.50604832005956     
  -705.11589364833117     
  -627.15899138400221     
  -557.60973761353125     
  -495.55429864762368     
  -440.17838052416778     
  -390.75632838714841     
  -346.64142226633572     
  -307.25724430486167     
  -272.09000096087146     
  -240.68169308130032     
  -212.62403705394419     
  -187.55305117868809     
  -165.14423247086785     
  -145.10825959098133     
  -127.18716659040817     
  -111.15093895810337     
  -96.794487922591031     
  -83.934961719587093     
  -72.409354690556412     
  -62.072377742679627     
  -52.794557526899929     
  -44.460537028548814     
  -36.967560007899593     
  -30.224154998573631     
  -24.149171936946516     
  -18.671797511036416     
  -13.734367840187401     
  -9.3013410392525024     
  -5.3738038116600455     
  -1.9829161718633557     
  0.87870262436799340     
   3.3088509686180698     
   5.4332565970409519     
   7.3425114721490221     
   9.0914290412437957     
   10.716961628258836     
   12.251812139254673     
   13.732490356974031     
   15.199842501201966     
   16.686939971261026     
   18.200749443108347     
   19.719950259763930     
   21.213132155402000     
   22.655704223850545     
   24.034392016371694     
   25.344678479866779     
   26.587246287927279     
   27.765444299462374     
   28.883808730611943     
   29.947268963527360     
   30.960739713924752     
   31.928920381152341     
   32.856203608503698     
   33.746641113460910     
   34.603939394908117     
   35.431470786845630     
   36.232292073999318     
   37.009166455597708     
   37.764586559061868     
   38.500797248820966     
   39.219817553533630     
   39.923461360906821     
   40.613356716254913     
   41.290963669811894     
   41.957590681828641     
   42.614409632100546     
   43.262469502227148     
   43.902708810668372     
   44.535966886149168     
   45.162994066406256     
   45.784460908083773     
   46.400966490702061     
   47.013045893673329     
   47.621176920753690     
   48.225786141406076     
   48.827254313516264     
   49.425921246903101     
   50.022090162198182     
   50.616031595007705     
   51.207986890854997     
   51.798171332261425     
   52.386776935468568     
   52.973974950737940     
   53.559918096881056     
   54.144742557663577     
   54.728569764978630     
   55.311507991182474     
   55.893653770713335     
   56.475093169056045     
   57.055902915253888     
   57.636151412489234     
   58.215899639740471     
   58.795201956160035     
   59.374106818593241     
