   2.5000000000000000        5.0000000000000003E-002  log
  -28366.747631631082     
  -25279.208700914714     
  -22527.155027924469     
  -20074.102905612672     
  -17887.536195846485     
  -15938.474860010532     
  -14201.090411501706     
  -12652.363187404422     
  -11271.776891549778     
  -10041.046355731820     
  -8943.8749066472028     
  -7965.7381190204978     
  -7093.6910856935729     
  -6316.1966480824494     
  -5622.9723098121713     
  -5004.8538062912639     
  -4453.6735260274590     
  -3962.1521769948181     
  -3523.8022651639963     
  -3132.8421081051415     
  -2784.1192584291057     
  -2473.0423844050424     
  -2195.5208697807220     
  -1947.9116073776936     
  -1726.9724230516647     
  -1529.8207126475254     
  -1353.8938755664678     
  -1196.9073193992963     
  -1056.8119167005184     
  -931.76218727516402     
  -820.10080007548470     
  -720.34931215624624     
  -631.19500591232020     
  -551.47371820070146     
  -480.15230644265978     
  -416.31284957690247     
  -359.13899536299999     
  -307.90421414912481     
  -261.96162003150289     
  -220.73507727182113     
  -183.71137934373533     
  -150.43333907616596     
  -120.49366218233085     
  -93.529499511047447     
  -69.217590882011365     
  -47.269928335062176     
  -27.429880029676511     
  -9.4687275794697374     
   6.8174215081220932     
   21.610378993386998     
   35.072308913587534     
   47.347878475258504     
   58.566157468468091     
   68.842296868740391     
   78.279015914267717     
   86.967924123781572     
   94.990701176800798     
   102.42015500434093     
   109.32118067277135     
   115.75165760942406     
   121.76336152741671     
   127.40303317743857     
   132.71380674530587     
   137.73714701768841     
   142.51504521542944     
   147.09120637986757     
   151.50873240073850     
   155.80285034729010     
   159.99290304145671     
   164.08174307398227     
   168.06363090113925     
   171.93300081427628     
   175.68858296561015     
   179.33350654671841     
   182.87389204869453     
   186.31742836620080     
   189.67236865695736     
   192.94692419407082     
   196.14893413324066     
   199.28570477719148     
   202.36394689932897     
   205.38976760402099     
   208.36869130303523     
   211.30569524840331     
   214.20525137622155     
   217.07136984680898     
   219.90764175124386     
   222.71727965336945     
   225.50315532703030     
   228.26783444512554     
   231.01360820266231     
   233.74252198104435     
   236.45640122650582     
   239.15687474615265     
   241.84539563493826     
   244.52326004475310     
   247.19162399789838     
   249.85151843473761     
   252.50386267121294     
   255.14947642734950     
   257.78909057354468     
