   2.5000000000000000        5.0000000000000003E-002  log
  -16232.018293763424     
  -14464.732487137815     
  -12889.418250559651     
  -11485.198855881275     
  -10233.467899555937     
  -9117.6424069672867     
  -8122.9427864314666     
  -7236.1967129950062     
  -6445.6643396858590     
  -5740.8825168782532     
  -5112.5259526665332     
  -4552.2834719860421     
  -4052.7477327578654     
  -3607.3169364698501     
  -3210.1072310410818     
  -2855.8746477336686     
  -2539.9455424126104     
  -2258.1546247369397     
  -2006.7897576003961     
  -1782.5427980344796     
  -1582.4658430154839     
  -1403.9323630464201     
  -1244.6028737092313     
  -1102.3949657154694     
  -975.45743837944860     
  -862.14739394596347     
  -761.00712130812894     
  -670.73676185293562     
  -590.16483305414749     
  -518.22805656962169     
  -453.96623944457576     
  -396.52226343129911     
  -345.13716567226305     
  -299.14031131619316     
  -257.93839439058320     
  -221.00543928828526     
  -187.87427356324361     
  -158.12928364331810     
  -131.40017330591530     
  -107.35652810878730     
  -85.703098996746633     
  -66.175806288196014     
  -48.538498040710870     
  -32.580437306490630     
  -18.114334210681292     
  -4.9745672499962952     
   6.9847786469629130     
   17.892206637593787     
   27.861266603877169     
   36.992847473234470     
   45.377052146235961     
   53.094597370873181     
   60.217828958187340     
   66.811487171713182     
   72.933329114961239     
   78.634670863090065     
   83.960888473465644     
   88.951915457524350     
   93.642772800179173     
   98.064147676933047     
   102.24300291188851     
   106.20317203984695     
   109.96589081241198     
   113.55023345312418     
   116.97344698448009     
   120.25119646935804     
   123.39774298465618     
   126.42607631466539     
   129.34801988921075     
   132.17431990544966     
   134.91472576607413     
   137.57806554658126     
   140.17231807971712     
   142.70468208270287     
   145.18164221215673     
   147.60903175064743     
   149.99209163299972     
   152.33552560481564     
   154.64355141250780     
   156.91994802502862     
   159.16809897068629     
   161.39103193507208     
   163.59145480950141     
   165.77178840650259     
   167.93419607314581     
   170.08061043753079     
   172.21275752121338     
   174.33217844289754     
   176.44024892801971     
   178.53819682616819     
   180.62711782454562     
   182.70798953156560     
   184.78168409065111     
   186.84897947069410     
   188.91056956665113     
   190.96707323151890     
   193.01904234952414     
   195.06696904980018     
   197.11129215010379     
   199.15240291123030     
   201.19065017466954     
