   2.5000000000000000        5.0000000000000003E-002  log
  -8269.2740531598465     
  -7368.5272760703783     
  -6565.5717242483233     
  -5849.7706416509100     
  -5211.6441776377851     
  -4642.7437435836173     
  -4135.5399512026597     
  -3683.3226544220370     
  -3280.1118121778763     
  -2920.5780378205804     
  -2599.9718067578669     
  -2314.0603795983980     
  -2059.0715843793405     
  -1831.6436956383400     
  -1628.7807441162829     
  -1447.8126783211128     
  -1286.3598710181861     
  -1142.3015188526927     
  -1013.7475256921014     
  -899.01349851208045     
  -796.59853416557723     
  -705.16556010150850     
  -623.52413107305961     
  -550.61572971960584     
  -485.50152038644939     
  -427.35159546159974     
  -375.43270242394817     
  -329.09058329333425     
  -287.72912317557257     
  -250.79786153918741     
  -217.79371113095993     
  -188.26702798338053     
  -161.82209792946210     
  -138.11211720204446     
  -116.83247689142119     
  -97.714595492561045     
  -80.520840541213133     
  -65.040414117297999     
  -51.085965419566449     
  -38.490740618883926     
  -27.106141538686071     
  -16.799608157999437     
  -7.4527654231422877     
   1.0402114030582967     
   8.7740501938226121     
   15.833683131225955     
   22.295414295417217     
   28.227966610343614     
   33.693433999891923     
   38.748197136194726     
   43.443857039730219     
   47.828078983818457     
   51.944875057453437     
   55.833611178518318     
   59.526621370273709     
   63.046871170574804     
   66.407930448903102     
   69.616862441589291     
   72.678191227597623     
   75.596803480978238     
   78.379130089468219     
   81.033128295753784     
   83.567772923863203     
   85.992492904726546     
   88.316722982582419     
   90.549598652630124     
   92.699770653345297     
   94.775305725744772     
   96.783645166056886     
   98.731600281812518     
   100.62537043222389     
   102.47057416895322     
   104.27228731872152     
   106.03508406713640     
   107.76307856251765     
   109.45996551353171     
   111.12905887795391     
   112.77332814599212     
   114.39543198486929     
   115.99774918039577     
   117.58240691789803     
   119.15130651007237     
   120.70614671701281     
   122.24844482310732     
   123.77955564295458     
   125.30068862813516     
   126.81292324143649     
   128.31722275691274     
   129.81444663426953     
   131.30536160537770     
   132.79065159982832     
   134.27092662572073     
   135.74673071157275     
   137.21854900549837     
   138.68681411869539     
   140.15191179185550     
   141.61418595535528     
   143.07394324699590     
   144.53145704459786     
   145.98697106489328     
   147.44070257484972     
