   2.5000000000000000        5.0000000000000003E-002  log
  -159.81062414161798     
  -142.20040149720955     
  -126.47397354854512     
  -112.42647938971389     
  -99.875336546135969     
  -88.657818216055205     
  -78.628893984747322     
  -69.659305359039521     
  -61.633850585765423     
  -54.449855995950905     
  -48.015813599947563     
  -42.250166910767852     
  -37.080229127323335     
  -32.441220134714456     
  -28.275411631175274     
  -24.531373162663559     
  -21.163315210955165     
  -18.130527203831669     
  -15.396907623336515     
  -12.930583667659391     
  -10.703631172735934     
  -8.6919545395630422     
  -6.8754910030953411     
  -5.2390179990585306     
  -3.7737169489850246     
  -2.4787148791276983     
  -1.3597568095164987     
 -0.42129077319711644     
  0.34570123375284156     
  0.96844995269260137     
   1.4837699015771471     
   1.9258171674281435     
   2.3200875228831528     
   2.6835078242090620     
   3.0267535332920534     
   3.3565129004190672     
   3.6771860239274723     
   3.9923761601666610     
   4.3072066427787297     
   4.6336000788034095     
   5.0011288542977272     
   5.4681013416768938     
   6.1014017568185066     
   6.9087121473296733     
   7.8196303663723805     
   8.7528753729008439     
   9.6594068066245491     
   10.518296804201020     
   11.323398138130083     
   12.075101440861207     
   12.776475334167296     
   13.431584430006039     
   14.044756070611392     
   14.620250999211763     
   15.162110094505477     
   15.674082489584880     
   16.159594993424239     
   16.621744905590297     
   17.063307263692057     
   17.486751241597066     
   17.894262091841210     
   18.287765984300322     
   18.668955792994655     
   19.039316457045736     
   19.400149014907900     
   19.752592784046460     
   20.097645435558675     
   20.436180906491540     
   20.768965217782721     
   21.096670339479747     
   21.419886282067957     
   21.739131605428245     
   22.054862534259193     
   22.367480857224489     
   22.677340771025271     
   22.984754812883899     
   23.289999007288387     
   23.593317336259542     
   23.894925627348190     
   24.195014940223615     
   24.493754521070226     
   24.791294383960736     
   25.087767569767237     
   25.383292125834934     
   25.677972843408845     
   25.971902784513919     
   26.265164625502837     
   26.557831840680070     
   26.849969746178793     
   27.141636421518722     
   27.432883523931253     
   27.723757008538801     
   28.014297765764493     
   28.304542185880891     
   28.594522659344680     
   28.884268020476885     
   29.173803941108659     
   29.463153279999180     
   29.752336393126097     
   30.041371409334957     
   30.330274475298708     
