   2.5000000000000000        5.0000000000000003E-002  log
  -4994.7370923073231     
  -4450.1636577076451     
  -3964.6867809787032     
  -3531.8796518045124     
  -3146.0142713354253     
  -2801.9854138407418     
  -2495.2428628019038     
  -2221.7310352045442     
  -1977.8352034480433     
  -1760.3336047248258     
  -1566.3547953500540     
  -1393.3396663249275     
  -1239.0075913326173     
  -1101.3262338789698     
  -978.48459863110656     
  -868.86897219640480     
  -771.04145714575736     
  -683.72085564741326     
  -605.76570112783020     
  -536.15926220291738     
  -473.99634362514968     
  -418.47167187567669     
  -368.86957570305060     
  -324.55460303191785     
  -284.96280789452487     
  -249.59386305729214     
  -218.00462087367188     
  -189.80402986531135     
  -164.64651584509875     
  -142.21957998077900     
  -122.22870426441298     
  -104.39199168071708     
  -88.448053095676983     
  -74.165233489301571     
  -61.343612021790413     
  -49.811531313006263     
  -39.420748195308320     
  -30.042194434252412     
  -21.562705562714996     
  -13.882530735125849     
  -6.9133764019825978     
 -0.57679548975658612     
   5.1972026673375513     
   10.471396316081190     
   15.302484683262392     
   19.742119879946365     
   23.837846364742770     
   27.633999549756997     
   31.172663506237505     
   34.494642255527786     
   37.639738257631969     
   40.644709746922992     
   43.537989411572696     
   46.334194104468132     
   49.034145630295157     
   51.631299838364001     
   54.119120665143029     
   56.494947136811767     
   58.760418458355723     
   60.920359395405328     
   62.981473020416090     
   64.951333055370682     
   66.837726408516971     
   68.648263357925885     
   70.390164423246858     
   72.070156197960401     
   73.694431852307630     
   75.268648910183899     
   76.797947777872636     
   78.286981180858376     
   79.739948687228178     
   81.160632903317733     
   82.552435367713542     
   83.918411033895765     
   85.261300751694435     
   86.583561470830830     
   87.887394077829512     
   89.174768889357196     
   90.447448889984585     
   91.707010838352872     
   92.954864383722793     
   94.192269341691969     
   95.420351277746036     
   96.640115542961041     
   97.852459899325552     
   99.058185863916918     
   100.25800889226966     
   101.45256751218680     
   102.64243151026963     
   103.82810926477252     
   105.01005431014491     
   106.18867121087082     
   107.36432081499018     
   108.53732495099727     
   109.70797062565147     
   110.87651377458923     
   112.04318261246961     
   113.20818062469067     
   114.37168923845081     
   115.53387020706707     
   116.69486773797003     
