   2.5000000000000000        5.0000000000000003E-002  log
  -58008.183912818822     
  -52931.582389805306     
  -48406.713647507837     
  -44373.576979233439     
  -40778.696752252872     
  -37574.412803363404     
  -34718.248004174107     
  -32080.631476982351     
  -28585.685744913510     
  -25470.436767471248     
  -22693.592818637535     
  -20218.352621829843     
  -18011.917016876032     
  -16045.053737002774     
  -14291.709525619182     
  -12728.664454849455     
  -11335.223872061493     
  -10092.943902299296     
  -8985.3868761424856     
  -7997.9034337015428     
  -7117.4383743776270     
  -6332.3575820766873     
  -5632.2935816948911     
  -5008.0075461503493     
  -4451.2659924014761     
  -3954.7310320658603     
  -3511.8635937813119     
  -3116.8387423696836     
  -2764.4703514175135     
  -2450.1398610247411     
  -2169.7254206900993     
  -1919.5372318447255     
  -1696.2700913189590     
  -1496.9714434415096     
  -1319.0124767774407     
  -1160.0563914952370     
  -1018.0261010986919     
  -891.07435373830754     
  -777.55732068765769     
  -676.01151652419867     
  -585.13359176833637     
  -503.76255466367945     
  -430.86406454533204     
  -365.51651519557629     
  -306.89868142390446     
  -254.27874061376201     
  -207.00450896859110     
  -164.49475366845849     
  -126.23145946540903     
  -91.752942690133295     
  -60.647717935702474     
  -32.549033329242178     
  -7.1299997847420755     
   15.900751587331358     
   36.802941404788186     
   55.808093029218355     
   73.122605787349286     
   88.930488472135522     
   103.39578788714564     
   116.66474523014857     
   128.86771181201078     
   140.12085455428306     
   150.52768134372741     
   160.18041803902423     
   169.16127369762214     
   177.54363587534729     
   185.39323496114841     
   192.76929237694551     
   199.72561219000104     
   206.31149339638017     
   212.57226277104510     
   218.54922995328624     
   224.27904537658290     
   229.79280362498722     
   235.11553874681704     
   240.26663480859975     
   245.26110844957145     
   250.11120847604712     
   254.82774565770541     
   259.42089347027365     
   263.90051700188224     
   268.27621341084540     
   272.55722880473138     
   276.75235167787491     
   280.86982788669940     
   284.91730963056784     
   288.90183603834754     
   292.82983807057929     
   296.70716012157271     
   300.53909201487795     
   304.33040669867478     
   308.08540036538164     
   311.80793281682315     
   315.50146669145857     
   319.16910472429782     
   322.81362458586045     
   326.43751109556723     
   330.04298576620744     
   333.63203373752151     
   337.20642821800658     
   340.76775258823233     
