   2.5000000000000000        5.0000000000000003E-002  log
  -92073.595248617887     
  -86996.993725604378     
  -82472.124983306916     
  -78438.988315032519     
  -74844.108088051944     
  -71639.824139162476     
  -68783.659339973179     
  -66146.042812781423     
  -62362.902395021119     
  -57534.185938306036     
  -51898.710602813095     
  -46245.733949716247     
  -41207.043845464628     
  -36715.837184570228     
  -32712.575665189273     
  -29144.195781434431     
  -25963.404763665483     
  -23128.053139635653     
  -20600.575601821827     
  -18347.492755414292     
  -16338.967092228057     
  -14548.407198662197     
  -12952.114793225481     
  -11528.969779222234     
  -10260.149213451614     
  -9128.8769846514006     
  -8120.2017799620698     
  -7220.8008250296662     
  -6418.8051842909808     
  -5703.6400296866668     
  -5065.8749845972507     
  -4497.0892805739377     
  -3989.7617529165473     
  -3537.1830987597359     
  -3133.3771422936056     
  -2773.0245475859110     
  -2451.3906734445477     
  -2164.2600924097746     
  -1907.8784319558067     
  -1678.9010480990441     
  -1474.3477279453339     
  -1291.5626387167772     
  -1128.1788401398278     
  -982.08677849473065     
  -851.40626949464843     
  -734.46155266737446     
  -629.75906259468002     
  -535.96761257460685     
  -451.90072528361293     
  -376.50087587890005     
  -308.82543976064653     
  -248.03416290273643     
  -193.37799748729964     
  -144.18916718430674     
  -99.872341796214670     
  -59.896808812173553     
  -23.789531379793065     
   8.8710173075876462     
   38.460349065609336     
   65.312880126294488     
   89.726352738659244     
   111.96581765238598     
   132.26721980257551     
   150.84061890990034     
   167.87307204256174     
   183.53120469435490     
   197.96349832549421     
   211.30232353022515     
   223.66574740506815     
   235.15914040043106     
   245.87660235488048     
   255.90222139240768     
   265.31117540449992     
   274.17068570032961     
   282.54083611886932     
   290.47527670598527     
   298.02183619419333     
   305.22306931141628     
   312.11676193418214     
   318.73640977302347     
   325.11167694086021     
   331.26883247940987     
   337.23115806181681     
   343.01931931758395     
   348.65169556959415     
   354.14466647994357     
   359.51285758735935     
   364.76934909234160     
   369.92585332392503     
   374.99286636407720     
   379.97979872005794     
   384.89508908546810     
   389.74630436278653     
   394.54022836281695     
   399.28294099467570     
   403.97988931048832     
   408.63595144703658     
   413.25549428199281     
   417.84242546752768     
   422.40024039693941     
   426.93206458432451     
