   2.5000000000000000        5.0000000000000003E-002  log
  -171740.62273235479     
  -165409.22853033681     
  -159765.99613977142     
  -154736.08789106319     
  -150252.80473473083     
  -146256.70117264456     
  -142694.79643488952     
  -139519.87143854855     
  -136689.84220290818     
  -132955.43655477202     
  -127970.08351141655     
  -122113.19272979457     
  -115181.83929064471     
  -107284.27495194400     
  -98385.503298541313     
  -90141.338162394808     
  -82793.096615688293     
  -76243.349657147672     
  -70405.264000919662     
  -65201.449765612226     
  -60562.933474749356     
  -56428.242739273890     
  -52742.590454456877     
  -49457.147673919892     
  -46528.395580905461     
  -43917.548199294819     
  -41590.038616435275     
  -37893.060810881907     
  -33747.536159034120     
  -30052.224277052661     
  -26758.186293015908     
  -23821.794021058227     
  -21204.144958329805     
  -18870.553890598443     
  -16790.105631881604     
  -14935.251966161044     
  -13281.446662149108     
  -11806.817641224652     
  -10491.874524673214     
  -9319.2484161406264     
  -8273.4604284529560     
  -7340.7156913674853     
  -6508.7199486251438     
  -5766.5162091984994     
  -5104.3392255026793     
  -4513.4858334670953     
  -3986.1994145262365     
  -3515.5669352325754     
  -3095.4271917308315     
  -2720.2890376466485     
  -2385.2585079332544     
  -2085.9738701541110     
  -1818.5477404056915     
  -1579.5154951553361     
  -1365.7892940175316     
  -1174.6171030778416     
  -1003.5461748149963     
  -850.39049986678742     
  -713.20179863000590     
  -590.24366768481946     
  -479.96853791729058     
  -380.99713853846191     
  -292.10019446148914     
  -212.18211414216617     
  -140.26645140696280     
  -75.482948337469139     
  -17.055987263707884     
   35.705701380155098     
   83.418211917248314     
   126.63063873204183     
   165.83236250400043     
   201.45954405924240     
   233.90091201324637     
   263.50292100594953     
   290.57434897813931     
   315.39039449399638     
   338.19632848019432     
   359.21074883904788     
   378.62848112334882     
   396.62316376379704     
   413.34955215399367     
   428.94557216725542     
   443.53415035452952     
   457.22484510931002     
   470.11530044434897     
   482.29254167107626     
   493.83413017475067     
   504.80919260862072     
   515.27933816396569     
   525.29947608770692     
   534.91854429560613     
   544.18015874935327     
   553.12319221441601     
   561.78229007844845     
   570.18833007487558     
   578.36883201192529     
   586.34832294397791     
   594.14866263084696     
   601.78933360364533     
   609.28769968624408     
   616.65923640275093     
