   2.5000000000000000        5.0000000000000003E-002  log
  -1757.7476209803749     
  -1565.7649375737185     
  -1394.5650284992273     
  -1241.8878242888218     
  -1105.7191003893793     
  -984.26370882015283     
  -875.92173135028202     
  -779.26723544817162     
  -693.02934929173193     
  -616.07540473340134     
  -547.39592668974001     
  -486.09127272181598     
  -431.35974622161928     
  -382.48702042830502     
  -338.83672053117198     
  -299.84202143258409     
  -264.99813360381972     
  -233.85557076070717     
  -206.01411797945951     
  -181.11743924244450     
  -158.84826956940333     
  -138.92412638957194     
  -121.09346144549741     
  -105.13219019292553     
  -90.840621387272634     
  -78.040987631638856     
  -66.575976509563361     
  -56.308581947369369     
  -47.122639870634487     
  -38.921207611535088     
  -31.618566442570501     
  -25.126945230436455     
  -19.349268541230600     
  -14.185680152684375     
  -9.5451997681568450     
  -5.3516712402663389     
  -1.5433021710607426     
   1.9302860978616121     
   5.1109605934555944     
   8.0342378692007816     
   10.730789549312790     
   13.227550422637064     
   15.548688794806422     
   17.716669740512955     
   19.753550208895252     
   21.682364338899337     
   23.527866923195766     
   25.315235811403557     
   27.065747589586167     
   28.791198357621592     
   30.491675892835310     
   32.159076804766705     
   33.783249080411899     
   35.356380093399522     
   36.874395371547472     
   38.336507507831158     
   39.744205094823563     
   41.100329405628749     
   42.408411581717921     
   43.672247825733876     
   44.895645101455983     
   46.082277234260580     
   47.235608999220531     
   48.358860913362406     
   49.454997914598721     
   50.526731767483760     
   51.576531112904192     
   52.606635533383773     
   53.619071474570269     
   54.615668742610957     
   55.598076825304837     
   56.567780604169585     
   57.526115218906590     
   58.474279964886875     
   59.413351177698090     
   60.344294104080227     
   61.267973786318620     
   62.185165003793422     
   63.096561324875026     
   64.002783327194223     
   64.904386046095411     
   65.801865710840133     
   66.695665826560273     
   67.586182657535986     
   68.473770164421779     
   69.358744444792237     
   70.241387722990922     
   71.121951931854753     
   72.000661925533947     
   72.877718359387998     
   73.753300269849674     
   74.627567384233004     
   75.500662187732772     
   76.372711772324621     
   77.243829489929567     
   78.114116430046664     
   78.983662740079893     
   79.852548804776916     
   80.720846299552122     
   81.588619130971153     
   82.455924276319024     
