   2.5000000000000000        5.0000000000000003E-002  log
  -47491.642683603292     
  -42323.834384064692     
  -37717.680321179330     
  -33612.100405430210     
  -29952.657043487343     
  -26690.832771518690     
  -23783.386440429287     
  -21191.779413494645     
  -18881.664165814040     
  -16822.428503698298     
  -14986.789361027766     
  -13350.430787198402     
  -11891.681324624506     
  -10591.226490157145     
  -9431.8525328898286     
  -8398.2180506027235     
  -7476.6504180553611     
  -6654.9643190535771     
  -5922.2999820415635     
  -5268.9789915182255     
  -4686.3757785052840     
  -4166.8030831173119     
  -3703.4098474573229     
  -3290.0901718563114     
  -2921.4021950165006     
  -2592.4960630938394     
  -2299.0504642496248     
  -2037.2172256241824     
  -1803.5726036118731     
  -1595.0717735449496     
  -1409.0017160791440     
  -1242.9330798244125     
  -1094.6818618072657     
  -962.28824525632024     
  -844.00358536902581     
  -738.27437326030315     
  -643.72218445160388     
  -559.12326850199406     
  -483.39008361852751     
  -415.55526441698993     
  -354.75776681848544     
  -300.23080858038691     
  -251.29128513608822     
  -207.33042561900336     
  -167.80552411950569     
  -132.23263053147721     
  -100.18011280842487     
  -71.263008488063790     
  -45.138073024208154     
  -21.499417831022136     
  -7.4627671216735261E-002
   19.378735520996056     
   37.076303152529242     
   53.209777341389341     
   67.949538785253139     
   81.447018238728816     
   93.836877988731956     
   105.23905352331842     
   115.76069593150017     
   125.49802944350542     
   134.53808232588611     
   142.96014769746878     
   150.83670728282050     
   158.23352276935063     
   165.20885974936132     
   171.81239395881471     
   178.08481129048826     
   184.05879596585066     
   189.76111782799995     
   195.21486050158339     
   200.44102529040887     
   205.45934296622653     
   210.28851982583765     
   214.94621096627526     
   219.44892055351843     
   223.81192368751454     
   228.04923785857449     
   232.17364115293483     
   236.19672444409289     
   240.12896434302979     
   243.97980643826608     
   247.75775156954103     
   251.47044056245460     
   255.12473480225640     
   258.72679132857922     
   262.28213194893846     
   265.79570634856964     
   269.27194943599432     
   272.71483329146577     
   276.12791413483461     
   279.51437473548015     
   282.87706267089936     
   286.21852481445535     
   289.54103840326638     
   292.84663900763405     
   296.13714569529998     
   299.41418365777798     
   302.67920454212714     
   305.93350470971177     
   309.17824162355873     
   312.41444854768395     
