   2.5000000000000000        5.0000000000000003E-002  log
  -93323.770240330967     
  -86519.304781665094     
  -79576.076710562949     
  -73387.517175601286     
  -67871.556240290825     
  -62955.049257389357     
  -58572.806246135013     
  -54666.726782492791     
  -51185.028934487462     
  -48081.562030745219     
  -44335.225466092321     
  -39504.733573484053     
  -35199.090683745140     
  -31361.219791135871     
  -27940.250827433243     
  -24890.845743936345     
  -22172.597009544348     
  -19749.491532758428     
  -17589.432891043438     
  -15663.815528815474     
  -13947.145270883819     
  -12416.701099905002     
  -11052.233678927196     
  -9835.6965874554735     
  -8751.0067188395406     
  -7783.8308033611156     
  -6921.3955806373942     
  -6152.3195793550894     
  -5466.4642490992965     
  -4854.8005775397287     
  -4309.2849999110886     
  -3822.7407840999076     
  -3388.7522740527120     
  -3001.5834509169799     
  -2656.1159454868503     
  -2347.7916742717862     
  -2072.5548399947452     
  -1826.7963309020854     
  -1607.3033558726004     
  -1411.2149218689110     
  -1235.9826578677023     
  -1079.3362696006059     
  -939.25298286057443     
  -813.93044691824127     
  -701.76266241108794     
  -601.31856769021920     
  -511.32297170911039     
  -430.63956553635893     
  -358.25578087820520     
  -293.26929360971582     
  -234.87599414286507     
  -182.35926584596385     
  -135.08042935926053     
  -92.470226072080123     
  -54.021229029969149     
  -19.281083847862575     
   12.153505244870221     
   40.642119403498320     
   66.505367938784147     
   90.029094796903976     
   111.46811117586383     
   131.04951383613619     
   148.97564414762954     
   165.42673634007440     
   180.56329549148245     
   194.52823812730330     
   207.44882272084672     
   219.43839462543707     
   230.59796855064289     
   241.01766809608947     
   250.77803278923906     
   259.95118864363934     
   268.60186337312751     
   276.78822015157141     
   284.56249194784726     
   291.97142540901291     
   299.05658372837883     
   305.85459509489556     
   312.39744369616454     
   318.71286970492690     
   324.82488437887571     
   330.75434912885925     
   336.51954274979465     
   342.13665385315323     
   347.62016838305783     
   352.98315345828678     
   358.23745717862693     
   363.39384917618383     
   368.46212366390637     
   373.45118071912589     
   378.36909570860979     
   383.22318236075557     
   388.02005213796338     
   392.76567092565097     
   397.46541322898622     
   402.12411372538259     
   406.74611593592209     
   411.33531781528541     
   415.89521414107492     
   420.42893567078096     
   424.93928511079389     
