   2.5000000000000000        5.0000000000000003E-002  log
  -3792.9006269399692     
  -3379.1820887088975     
  -3010.3197662104203     
  -2681.4354657362119     
  -2388.1817769588483     
  -2126.6843313806339     
  -1893.4903158172087     
  -1685.5225679688015     
  -1500.0386585176836     
  -1334.5944305071184     
  -1187.0115247820609     
  -1055.3484724261589     
  -937.87498093526028     
  -833.04907655941497     
  -739.49678670333765     
  -655.99405371896728     
  -581.45057285841665     
  -514.89525923725989     
  -455.46309435089506     
  -402.38320021660235     
  -354.96812589102558     
  -312.60443931162570     
  -274.74470300062973     
  -240.90074958944089     
  -210.63796922312454     
  -183.57024579340509     
  -159.35533221699879     
  -137.69078477313280     
  -118.31078878954432     
  -100.98363259464394     
  -85.507638587714524     
  -71.701896993730628     
  -59.392847994872760     
  -48.407021558054161     
  -38.576823278974835     
  -29.751096342601635     
  -21.800204722507750     
  -14.614925920398328     
  -8.1029019632488986     
  -2.1851436046099453     
   3.2066923319747342     
   8.1323003356872707     
   12.644206816703434     
   16.788915319095054     
   20.607853156475397     
   24.138242805622706     
   27.414042363674874     
   30.467116461450150     
   33.328699504468950     
   36.030802681668852     
   38.606401970071907     
   41.086676032934854     
   43.495101400132121     
   45.842270199155365     
   48.126592207845960     
   50.340530649380035     
   52.477016890192736     
   54.532548731495496     
   56.507392361971611     
   58.404574509211756     
   60.228763313218899     
   61.985418895354812     
   63.680242037606781     
   65.318847288576080     
   66.906583197705729     
   68.448442892892743     
   69.949028127260448     
   71.412544106422729     
   72.842811477555657     
   74.243287399792720     
   75.617090932834742     
   76.967029955853263     
   78.295628005520484     
   79.605150125543133     
   80.897627242356620     
   82.174878835648727     
   83.438533824881574     
   84.690049683681636     
   85.930729846718023     
   87.161739502960828     
   88.384119883889355     
   89.598801160819690     
   90.806614065509962     
   92.008300344779585     
   93.204522154455518     
   94.395870491443702     
   95.582872755705409     
   96.765999526775332     
   97.945670632433661     
   99.122260580388243     
   100.29610341742659     
   101.46749707450861     
   102.63670725071211     
   103.80397088381731     
   104.96949925061385     
   106.13348073571804     
   107.29608330377835     
   108.45745670639630     
   109.61773445187660     
   110.77703556301446     
   111.93546614550799     
