   2.5000000000000000        5.0000000000000003E-002  log
  -94861.937978747010     
  -88290.845394552234     
  -81154.825246920373     
  -73855.830195399176     
  -65818.269083657855     
  -58654.315695069738     
  -52268.966009302785     
  -46577.547604109597     
  -41504.596103728130     
  -36982.853812464797     
  -32952.377245936033     
  -29359.741717451190     
  -26157.332424889857     
  -23302.712631287883     
  -20758.060555585809     
  -18489.667502665543     
  -16467.490576992117     
  -14664.754053882534     
  -13057.594136435289     
  -11624.742410442615     
  -10347.243825849084     
  -9208.2054804994787     
  -8192.5728585157722     
  -7286.9304814583857     
  -6479.3241743912522     
  -5759.1023762086397     
  -5116.7742510560547     
  -4543.8829184897168     
  -4032.8927732941970     
  -3577.0898761546932     
  -3170.4929166073230     
  -2807.7702814500840     
  -2484.1608452701084     
  -2195.4041854334055     
  -1937.6881097052860     
  -1707.6097764808137     
  -1502.1395973678871     
  -1318.5836202802791     
  -1154.5464910279854     
  -1007.8974470741651     
  -876.74016821135285     
  -759.38631196368317     
  -654.33227021343032     
  -560.23868674390212     
  -475.91234904998902     
  -400.29013955590852     
  -332.42478738894096     
  -271.47220383602286     
  -216.68021655410737     
  -167.37854269530672     
  -122.96986145764441     
  -82.921863523409428     
  -46.760169254484943     
  -14.062019937782390     
   15.549342803871449     
   42.409684826800728     
   66.818241531364976     
   89.041693800888908     
   109.31771088037802     
   127.85810743880619     
   144.85165688562242     
   160.46659841854904     
   174.85287125432032     
   188.14410630966691     
   200.45940466447126     
   211.90493807331208     
   222.57543016341219     
   232.55563342682447     
   241.92201425212238     
   250.74495743959886     
   259.09173095468856     
   267.02975548399212     
   274.62778906007105     
   281.95057673563633     
   289.04626048234780     
   295.93742769930952     
   302.62723161554732     
   309.11384651058768     
   315.39979730842492     
   321.49357923718156     
   327.40778670916512     
   333.15693426314584     
   338.75594332711512     
   344.21928024648832     
   349.56052658415126     
   354.79219982400156     
   359.92570993837609     
   364.97138632987452     
   369.93853912490363     
   374.83553532611398     
   379.66987938518247     
   384.44829269485012     
   389.17678920159597     
   393.86074582768686     
   398.50496721206099     
   403.11374472996516     
   407.69090999344195     
   412.23988315847686     
   416.76371642046831     
   421.26513309663954     
   425.74656268890305     
