   2.5000000000000000        5.0000000000000003E-002  log
  -6617.6784418921889     
  -5896.4745243127818     
  -5253.5365230524258     
  -4680.3521477600125     
  -4169.3350095612823     
  -3713.7239765173049     
  -3307.4934613255327     
  -2945.2734454865258     
  -2622.2781752098022     
  -2334.2425852632923     
  -2077.3656161691251     
  -1848.2596855089480     
  -1643.9056553384382     
  -1461.6127068119927     
  -1298.9825932828173     
  -1153.8777975433773     
  -1024.3931701292254     
  -908.83067565423551     
  -805.67692351644712     
  -713.58320584629610     
  -631.34780380785980     
  -557.90034572787499     
  -492.28799914223561     
  -433.66324740942861     
  -381.27294346123847     
  -334.44828906385357     
  -292.59547103184224     
  -255.18702673294266     
  -221.75446755996006     
  -191.88252472064730     
  -165.20374927243262     
  -141.39009827217001     
  -120.14010873894708     
  -101.16824724251983     
  -84.205118891983204     
  -69.005528061474223     
  -55.354215203985838     
  -43.065530732453610     
  -31.979641898656322     
  -21.958166793532630     
  -12.880450237491377     
  -4.6406549633757992     
   2.8544897033164420     
   9.6874734278831287     
   15.931479007455122     
   21.651663582440552     
   26.906344208388816     
   31.748174527261725     
   36.225391416739562     
   40.383180977109099     
   44.265081579330243     
   47.913958528745212     
   51.371450011300553     
   54.674665159479346     
   57.850832134520111     
   60.913866168848649     
   63.866518453213466     
   66.706530398797113     
   69.432114385409037     
   72.044394752004422     
   74.547479384626286     
   76.947584534327390     
   79.252086520570984     
   81.468801395951786     
   83.605516086846961     
   85.669711864176335     
   87.668416338514092     
   89.608135843429665     
   91.494836113239131     
   93.333950992765324     
   95.130406715117886     
   96.888654184089944     
   98.612704715520252     
   100.30616653717833     
   101.97228047416746     
   103.61395393690044     
   105.23379275169265     
   106.83413063302042     
   108.41705625408125     
   109.98443796669697     
   111.53794627637717     
   113.07907420816555     
   114.60915571293768     
   116.12938226795512     
   117.64081782345497     
   119.14441224128963     
   120.64101336370335     
   122.13137784126727     
   123.61618083946435     
   125.09602473385175     
   126.57144689440806     
   128.04292665076682     
   129.51089152164425     
   130.97572278394048     
   132.43776044974746     
   133.89730771283052     
   135.35463492004925     
   136.80998311761638     
   138.26356721703698     
   139.71557882098253     
   141.16618874520705     
