   2.5000000000000000        5.0000000000000003E-002  log
  -2009.4053907055045     
  -1790.0978482445789     
  -1594.5570920688044     
  -1420.1976175748212     
  -1264.7149014145227     
  -1126.0549517374645     
  -1002.3871509554193     
  -892.08002692404466     
  -793.67963498445090     
  -705.89027237178732     
  -627.55727908719314     
  -557.65170655056113     
  -495.25665779131850     
  -439.55512096797378     
  -389.81913258146687     
  -345.40011973625064     
  -305.72028447578805     
  -270.26490927245322     
  -238.57548158414937     
  -210.24355562228561     
  -184.90528738366339     
  -162.23658846797474     
  -141.94883900348270     
  -123.78507956630409     
  -107.51657933295888     
  -92.939685904875702     
  -79.872951845424424     
  -68.154740934404316     
  -57.641774661292779     
  -48.209047654220129     
  -39.750487781063029     
  -32.177184470759300     
  -25.408780034754901     
  -19.360763571576488     
  -13.940705200222322     
  -9.0580079306797714     
  -4.6347357396372999     
 -0.60839048911212013     
   3.0709724040750497     
   6.4446121534936092     
   9.5479883286462641     
   12.412579643604246     
   15.067078695417823     
   17.538437684649818     
   19.853194299004954     
   22.039280950474279     
   24.127655749770117     
   26.151391888868243     
   28.139270490573221     
   30.105778146423759     
   32.046870090249215     
   33.946905769809113     
   35.789515042534077     
   37.563785702405347     
   39.265022844537476     
   40.893141883140650     
   42.450856907311461     
   43.942356862526843     
   45.372480677602610     
   46.746241086214610     
   48.068562194437298     
   49.344141183281593     
   50.577380619518863     
   51.772360701408374     
   52.932834070716915     
   54.062233317093835     
   55.163685487830477     
   56.240030269272133     
   57.293839849413210     
   58.327439255048425     
   59.342926426385709     
   60.342191581218067     
   61.326935603710901     
   62.298687311332451     
   63.258819531512778     
   64.208563971537927     
   65.149024899709815     
   66.081191678458367     
   67.005950204497864     
   67.924093319714657     
   68.836330260953019     
   69.743295218429267     
   70.645555072019818     
   71.543616372770771     
   72.437931634130194     
   73.328904993955732     
   74.216897304552390     
   75.102230704034866     
   75.985192718320448     
   76.866039939138062     
   77.745001319653085     
   78.622281125700511     
   79.498061577218664     
   80.372505211296001     
   81.245756995292524     
   82.117946215771340     
   82.989188166472800     
   83.859585656270809     
   84.729230355961590     
   85.598204000833235     
   86.466579464239814     
