   2.5000000000000000        5.0000000000000003E-002  log
  -20539.323893293076     
  -18303.568217887132     
  -16310.709669045611     
  -14534.332523233352     
  -12950.893552123345     
  -11539.409748127955     
  -10281.179990625227     
  -9159.5369558152324     
  -8159.6259821453896     
  -7268.2079653476867     
  -6473.4836776290604     
  -5764.9371893767930     
  -5133.1963228749391     
  -4569.9082893855111     
  -4067.6288571808814     
  -3619.7235730060565     
  -3220.2797174189795     
  -2864.0278191177536     
  -2546.2716868382122     
  -2262.8260399217861     
  -2009.9609281484134     
  -1784.3522237533953     
  -1583.0375397743526     
  -1403.3769802816562     
  -1243.0181722483526     
  -1099.8650945642830     
  -972.05034958595536     
  -857.91074351650275     
  -755.96627359751847     
  -664.90251563023526     
  -583.55525564471407     
  -510.89364934190542     
  -445.99725668525963     
  -388.03010707360653     
  -336.22580549863892     
  -289.88890878072993     
  -248.39967487112912     
  -211.21184776587566     
  -177.84490331133836     
  -147.87516858294748     
  -120.92796759633596     
  -96.671148659301664     
  -74.809759944540176     
  -55.081580349771187     
  -37.253267620896231     
  -21.116924426586419     
  -6.4868921131393682     
   6.8034013182924875     
   18.904612667508303     
   29.954462712184480     
   40.079786987121480     
   49.396450183595398     
   58.006513922814243     
   65.994525727192269     
   73.426922014081541     
   80.356370288045511     
   86.828343454224623     
   92.886229702143453     
   98.573663988041716     
   103.93445858209085     
   109.01062410267957     
   113.83911890486992     
   118.44889696437711     
   122.86024468110509     
   127.08690399950915     
   131.13939506621560     
   135.02762193053977     
   138.76206412993520     
   142.35390783170132     
   145.81470499538395     
   149.15595135108777     
   152.38874750973901     
   155.52357748351926     
   158.57018778038469     
   161.53753879107305     
   164.43380338583526     
   167.26639418835336     
   170.04200694100783     
   172.76667181329847     
   175.44580755184919     
   178.08427537614619     
   180.68643081429354     
   183.25617249082524     
   185.79698739077500     
   188.31199244060690     
   190.80397243819098     
   193.27541447620641     
   195.72853906520524     
   198.16532819264532     
   200.58755056441018     
   202.99678427333185     
   205.39443712995083     
   207.78176487736093     
   210.15988749653056     
   212.52980379226850     
   214.89240443382016     
   217.24848360844095     
   219.59874943148290     
   221.94383324270365     
   224.28429790572835     
   226.62064521587209     
