   2.5000000000000000        5.0000000000000003E-002  log
  -60756.522940316405     
  -54846.363910672611     
  -48878.160025092628     
  -43558.627416522235     
  -38817.222613290971     
  -34591.073596838702     
  -30824.145626215413     
  -27466.497753467786     
  -24473.620168219026     
  -21805.843586552583     
  -19427.812856407763     
  -17308.017802139890     
  -15418.375086140188     
  -13733.855536392117     
  -12232.151987198838     
  -10893.383217892699     
  -9699.8300606371595     
  -8635.7001882112709     
  -7686.9184863193177     
  -6840.9402616666875     
  -6086.5848377443726     
  -5413.8873480676239     
  -4813.9667552761330     
  -4278.9083088507150     
  -3801.6588160865567     
  -3375.9332700599230     
  -2996.1316058761199     
  -2657.2646821856242     
  -2354.8889323251719     
  -2085.0491378205456     
  -1844.2277152106114     
  -1629.2963983492723     
  -1437.4652844639845     
  -1266.2320319456778     
  -1113.3448690672774     
  -976.78431806684705     
  -854.75044753399345     
  -745.64506288710163     
  -648.05004255241022     
  -560.70604488677350     
  -482.49357523685001     
  -412.41662464702227     
  -349.58852049599744     
  -293.21958994595514     
  -242.60632152451444     
  -197.12179278920146     
  -156.20719189003583     
  -119.36430146126713     
  -86.148840540853215     
  -56.164578668023914     
  -29.058148467584800     
  -4.5144887534947191     
   17.747152482626728     
   37.976736916320782     
   56.396571397172764     
   73.204157494981075     
   88.574833742001644     
   102.66425088407591     
   115.61067816481618     
   127.53711126263586     
   138.55314864411523     
   148.75661790034553     
   158.23495565959760     
   167.06636433719297     
   175.32078182998254     
   183.06070564780302     
   190.34191177568590     
   197.21410205506638     
   203.72150378949632     
   209.90343401643517     
   215.79483111333221     
   221.42675015373177     
   226.82681632557455     
   232.01963195970006     
   237.02713569483362     
   241.86891547035566     
   246.56247940365623     
   251.12348984815335     
   255.56596617644291     
   259.90246142303681     
   264.14421718788083     
   268.30130039180591     
   272.38272473105422     
   276.39655906113273     
   280.35002446044098     
   284.24958136566397     
   288.10100790906182     
   291.90947039778155     
   295.67958673634610     
   299.41548348961754     
   303.12084720335685     
   306.79897053518079     
   310.45279369507421     
   314.08494164832848     
   317.69775749277653     
   321.29333238519342     
   324.87353235796616     
   328.44002233612554     
   331.99428763628157     
   335.53765320271282     
   339.07130081167674     
