   2.5000000000000000        5.0000000000000003E-002  log
  -10687.180358531967     
  -9523.2142392418664     
  -8485.6406061920370     
  -7560.7148355476729     
  -6736.1868677682096     
  -6001.1385899577635     
  -5345.8389660963849     
  -4761.6149993358586     
  -4240.7367930775845     
  -3776.3151429616182     
  -3362.2102522969626     
  -2992.9503233568335     
  -2663.6589320156263     
  -2369.9902344819302     
  -2108.0711750985483     
  -1874.4499616245641     
  -1666.0501526303885     
  -1480.1297662029699     
  -1314.2448745940005     
  -1166.2171983893300     
  -1034.1052580889937     
  -916.17868268596169     
  -810.89531571080522     
  -716.88080028220611     
  -632.91036799279311     
  -557.89261063450044     
  -490.85510083799778     
  -430.93187637410830     
  -377.35299588967194     
  -329.43640943936020     
  -286.58166571377251     
  -248.26265149651860     
  -214.01389577323724     
  -183.40941483857048     
  -156.04708069951590     
  -131.55117035494493     
  -109.58367994347228     
  -89.849163205906805     
  -72.091517910088044     
  -56.087914440273408     
  -41.643148254957637     
  -28.585205332080829     
  -16.761875288205989     
  -6.0381051116915128     
   3.7061420076577871     
   12.577675854096560     
   20.671613855050179     
   28.072725201154100     
   34.856626571748130     
   41.090854053650553     
   46.835819673136847     
   52.145647659970500     
   57.068878914229018     
   61.649035533591928     
   65.925051334736764     
   69.931595473159135     
   73.699336341047442     
   77.255201341357463     
   80.622677642644874     
   83.822171836996716     
   86.871414793317868     
   89.785876643738902     
   92.579153269212327     
   95.263296775347939     
   97.849079194405945     
   100.34619285129612     
   102.76339884412157     
   105.10863728892720     
   107.38911153815326     
   109.61135566829265     
   111.78129155055485     
   113.90427940930830     
   115.98516407863508     
   118.02831809221587     
   120.03768212037384     
   122.01680294493912     
   123.96886901912656     
   125.89674361549574     
   127.80299557015982     
   129.68992765664052     
   131.55960265250667     
   133.41386718864177     
   135.25437349168701     
   137.08259914433052     
   138.89986499623814     
   140.70735136156813     
   142.50611263828910     
   144.29709048094608     
   146.08112565295565     
   147.85896867765283     
   149.63128939969894     
   151.39868556049353     
   153.16169048321348     
   154.92077995523545     
   156.67637838812814     
   158.42886432821834     
   160.17857538399778     
   161.92581263036843     
   163.67084454393330     
   165.41391051821870     
   167.15522400284834     
