   2.5000000000000000        5.0000000000000003E-002  log
  -174256.50340236150     
  -168525.05955897659     
  -162222.68869605038     
  -154984.10996919501     
  -146860.10978087824     
  -138657.73532265783     
  -129745.60078138715     
  -121802.13250486851     
  -114721.98857163322     
  -108411.28275398516     
  -102786.33884544448     
  -97772.580422193176     
  -93303.541296193362     
  -89319.983535750944     
  -84295.103924949814     
  -77827.423127718692     
  -69946.723003061823     
  -62322.692730550931     
  -55527.089028335067     
  -49469.821091795115     
  -44070.595440233948     
  -39257.850539478648     
  -34967.807293710859     
  -31143.622795172541     
  -27734.636096184866     
  -24695.696008432002     
  -21986.562078854637     
  -19571.370984334375     
  -17418.161625843357     
  -15498.452997602684     
  -13786.868867948822     
  -12260.801593849668     
  -10900.105270597296     
  -9686.8133368485960     
  -8604.8901716603887     
  -7640.0262512542395     
  -6779.4646747807237     
  -6011.8413318727598     
  -5327.0349182366645     
  -4716.0300279032399     
  -4170.7948692307318     
  -3684.1728645116036     
  -3249.7866149763036     
  -2861.9527181865310     
  -2515.6061166904456     
  -2206.2328388862002     
  -1929.8101361024526     
  -1682.7531380454341     
  -1461.8672591987245     
  -1264.3056993357861     
  -1087.5314875982920     
  -929.28360986197242     
  -787.54682410875125     
  -660.52480841766157     
  -546.61630914802868     
  -444.39397227117877     
  -352.58555435915491     
  -270.05722449883672     
  -195.79868811084489     
  -128.90989293890973     
  -68.589117324303231     
  -14.122284774582265     
   35.126614356187268     
   79.724091181257748     
   120.17480532967821     
   156.92837762997647     
   190.38545309284225     
   220.90309353279389     
   248.79957175607521     
   274.35863182242673     
   297.83327378933353     
   319.44911679865544     
   339.40739081725906     
   357.88760367153844     
   375.04992474835649     
   391.03731880924744     
   405.97745323327683     
   419.98439207429112     
   433.16008402082520     
   445.59565134315125     
   457.37249361465399     
   468.56323107756594     
   479.23252341348530     
   489.43780499768474     
   499.22997364377682     
   508.65405654861280     
   517.74985939197154     
   526.55258932888160     
   535.09343516688159     
   543.40008920552646     
   551.49720202734329     
   559.40676969546416     
   567.14845917671062     
   574.73988118485829     
   582.19682036131178     
   589.53343175516636     
   596.76241088565075     
   603.89514291569606     
   610.94183496332732     
   617.91163442917650     
   624.81273540333768     
