   2.5000000000000000        5.0000000000000003E-002  log
  -241526.50756616061     
  -236579.10196218363     
  -230587.62002488723     
  -223828.36945196881     
  -216127.61758579308     
  -207537.29621244656     
  -198732.36968158223     
  -189460.50361791081     
  -181196.38883762903     
  -173830.43326625539     
  -167264.96271645222     
  -161412.92484768041     
  -156196.73407551603     
  -151547.24209887013     
  -147318.58258052988     
  -141777.62077387635     
  -134668.28466896416     
  -126146.98552304218     
  -116316.90348207798     
  -106115.10933092436     
  -97021.939678062379     
  -88916.832437338016     
  -81692.336680802895     
  -75252.686844928394     
  -69512.532008064896     
  -64395.803392766138     
  -59834.705104771165     
  -55768.814823819783     
  -52144.282751326355     
  -48913.118544339195     
  -46032.556892247529     
  -42521.807880659588     
  -37862.527056481544     
  -33709.169648019801     
  -30006.724166039294     
  -26706.139143771870     
  -23763.686621933779     
  -21140.395989441877     
  -18801.541553438452     
  -16716.180319008272     
  -14856.738595413372     
  -13198.643884571244     
  -11719.997406625384     
  -10401.282693914623     
  -9225.1061561467268     
  -8175.9660205177370     
  -7240.0464899922008     
  -6405.0343367839978     
  -5659.9554683447150     
  -4995.0292809821231     
  -4401.5388595545992     
  -3871.7152961314159     
  -3398.6345902298581     
  -2976.1257614965175     
  -2598.6889551617273     
  -2261.4224535120970     
  -1959.9576249233032     
  -1690.4009473415235     
  -1449.2823369518710     
  -1233.5090964017772     
  -1040.3248714812144     
  -867.27307159475674     
  -712.16426857547197     
  -573.04714117215065     
  -448.18257958797471     
  -336.02060638275924     
  -235.17980742719431     
  -144.42899991075745     
  -62.670894096305823     
   11.072468022839566     
   77.672690422463234     
   137.90658934279904     
   192.46650168493102     
   241.96947231731400     
   286.96544222129916     
   327.94454614290822     
   365.34361659895438     
   399.55198055205744     
   430.91662568129919     
   459.74680480858416     
   486.31813958413215     
   510.87627788893650     
   533.64015348925238     
   554.80489119960805     
   574.54439610637769     
   593.01366121117576     
   610.35082411656981     
   626.67900004625494     
   642.10791552369528     
   656.73536438790404     
   670.64850546740615     
   683.92501913220633     
   696.63413807088398     
   708.83756597090576     
   720.59029629272527     
   731.94134200249891     
   742.93438594667919     
   753.60836049868510     
   763.99796416930315     
   774.13412203600581     
   784.04439610086251     
