   2.5000000000000000        5.0000000000000003E-002  log
  -7045.2428332212021     
  -6277.6930995983948     
  -5593.4631170413741     
  -4983.4923665850902     
  -4439.7056910950914     
  -3954.9060751224288     
  -3522.6790913727018     
  -3137.3077521468435     
  -2793.6966381969382     
  -2487.3042963825374     
  -2214.0830041877248     
  -1970.4250956798999     
  -1753.1151309605059     
  -1559.2872700179073     
  -1386.3872824885109     
  -1232.1386877314828     
  -1094.5125755491229     
  -971.70070748663341     
  -862.09154242285490     
  -764.24886870466673     
  -676.89275935544583     
  -598.88259815169795     
  -529.20195336191341     
  -466.94510204499630     
  -411.30502967808633     
  -361.56274992001590     
  -317.07782196860171     
  -277.28001954811697     
  -241.66225358076130     
  -209.77500917069807     
  -181.22238921820258     
  -155.65856991081694     
  -132.78069952829716     
  -112.31399235282842     
  -93.994865454871331     
  -77.568090040469542     
  -62.799322465921044     
  -49.486055025257912     
  -37.458008164467785     
  -26.571246435203346     
  -16.701740170596658     
  -7.7406276645616998     
  0.40881205049418828     
   7.8330768588295037     
   14.609770195673917     
   20.808657281647974     
   26.492618879743457     
   31.718605597767695     
   36.538701043526899     
   41.001466446483491     
   45.153778796504149     
   49.043084240027930     
   52.718808750267613     
   56.229746431376874     
   59.614987441009795     
   62.893701703337612     
   66.065034848748979     
   69.119020373542696     
   72.047451311049315     
   74.848098968857386     
   77.524122316822073     
   80.082094175085061     
   82.530296054244957     
   84.877609145020884     
   87.132880189437131     
   89.304588030263773     
   91.400683692332791     
   93.428526373245219     
   95.394871198525621     
   97.305884347566419     
   99.167172180424757     
   100.98381701467743     
   102.76041547474041     
   104.50111712955515     
   106.20966213349638     
   107.88941715483381     
   109.54340920982435     
   111.17435722178799     
   112.78470124902327     
   114.37662940377250     
   115.95210253396367     
   117.51287677027192     
   119.06052405933892     
   120.59645081370822     
   122.12191481279561     
   123.63804048882740     
   125.14583272842819     
   126.64618931535679     
   128.13991213345574     
   129.62771724170301     
   131.11024392570326     
   132.58806282230211     
   134.06168320644628     
   135.53155952208124     
   136.99809723186866     
   138.46165805388114     
   139.92256464722078     
   141.38110480273238     
   142.83753518963732     
   144.29208470399823     
   145.74495746041762     
