   2.5000000000000000        5.0000000000000003E-002  log
  -947.24228008114630     
  -843.71586021677706     
  -751.38868161693529     
  -669.04211510039067     
  -595.58989859723408     
  -530.06377357823112     
  -471.60072724156282     
  -419.43165271208238     
  -372.87124837937330     
  -331.30899268691655     
  -294.20105487849099     
  -261.06303233177846     
  -231.46343355954653     
  -205.01784554744731     
  -181.38373248260788     
  -160.25581305730259     
  -141.36196066386623     
  -124.45956921959456     
  -109.33232903117933     
  -95.787362115245514     
  -83.652673974713764     
  -72.774887960481465     
  -63.017237662468624     
  -54.257800467719214     
  -46.387960389975291     
  -39.311094027152905     
  -32.941494726799903     
  -27.203615357356231     
  -22.031840916562871     
  -17.371129336644291     
  -13.178634599087395     
  -9.4250479644285132     
  -6.0914991123580826     
  -3.1575060406273745     
 -0.58571939891707847     
   1.6801235172835030     
   3.7015906892820793     
   5.5322316273667091     
   7.2135314975276712     
   8.7769750155103825     
   10.247798781483242     
   11.648828132204398     
   13.003922748346469     
   14.339498897811845     
   15.681100596833215     
   17.044324963909844     
   18.427170822370503     
   19.812723790811528     
   21.179621815643177     
   22.510514033950585     
   23.794666128595352     
   25.026997982527668     
   26.206259769254075     
   27.333513392758775     
   28.411114742994009     
   29.442086326458661     
   30.429742374312536     
   31.377467120756787     
   32.288584623052685     
   33.166283653188124     
   34.013576202266307     
   34.833276804097864     
   35.627994892914586     
   36.400135353052917     
   37.151904186016530     
   37.885317306159159     
   38.602211157844394     
   39.304254283808206     
   39.992959260270752     
   40.669694605224365     
   41.335696396392336     
   41.992079425651703     
   42.639847780401610     
   43.279904787804490     
   43.913062290457155     
   44.540049245472332     
   45.161519655632752     
   45.778059852954819     
   46.390195162919859     
   46.998395982727146     
   47.603083309894579     
   48.204633758917431     
   48.803384103906843     
   49.399635384489173     
   49.993656611004589     
   50.585688103390353     
   51.175944496219920     
   51.764617440305180     
   52.351878029141666     
   52.937878976347150     
   53.522756568158535     
   54.106632413042547     
   54.689615008563138     
   55.271801143846730     
   55.853277154302411     
   56.434120043690697     
   57.014398487191009     
   57.594173727791521     
   58.173500377110564     
   58.752427130651185     
   59.330997406482581     
