   2.5000000000000000        5.0000000000000003E-002  log
  -47912.476150288923     
  -42698.744887079287     
  -38051.657702109449     
  -33909.592583458776     
  -30217.628855193296     
  -26926.818413363919     
  -23993.536214406184     
  -21378.901397317426     
  -19048.261358256888     
  -16970.731931569597     
  -15118.787575810533     
  -13467.896127178186     
  -11996.193275004791     
  -10684.192442881947     
  -9514.5262316430635     
  -8471.7160017730184     
  -7541.9665455410659     
  -6712.9831247833672     
  -5973.8084317725807     
  -5314.6772748696731     
  -4726.8870091807685     
  -4202.6819403819027     
  -3735.1501428669199     
  -3318.1313599167738     
  -2946.1348826779326     
  -2614.2665012129751     
  -2318.1637505550566     
  -2053.9387568405582     
  -1818.1281144242730     
  -1607.6494253701153     
  -1419.7639440600999     
  -1252.0426704867759     
  -1102.3285138279066     
  -968.68856382208662     
  -849.37075494164230     
  -742.78820672851111     
  -647.52145392287127     
  -562.31336508155550     
  -486.05321249686989     
  -417.75802187446754     
  -356.55590832299214     
  -301.67217521303331     
  -252.41769834591290     
  -208.17904220769381     
  -168.40991114427374     
  -132.62367113548061     
  -100.38676051520591     
  -71.312855694896811     
  -45.057685168608359     
  -21.314401367183553     
  0.19056767909835329     
   19.701250553863666     
   37.435492013989361     
   53.587957299199353     
   68.332772181434919     
   81.825774311686772     
   94.206361846433992     
   105.59897167908642     
   116.11429135659309     
   125.85036422444639     
   134.89373373511327     
   143.32067841894408     
   151.19847224340930     
   158.58654921448979     
   165.53748593659685     
   172.09779782095595     
   178.30860749971026     
   184.20625428922307     
   189.82288258758354     
   195.18700764403192     
   200.32403474725712     
   205.25670806462884     
   210.00547882400284     
   214.58879724999878     
   219.02334177202042     
   223.32420157846786     
   227.50502678921407     
   231.57815694958171     
   235.55473495882822     
   239.44481071570621     
   243.25743683897809     
   247.00075765477706     
   250.68209201221018     
   254.30801019434514     
   257.88440508809038     
   261.41655776899620     
   264.90919768974140     
   268.36655770374966     
   271.79242419337999     
   275.19018259973217     
   278.56285866723010     
   281.91315572191297     
   285.24348829971683     
   288.55601243203648     
   291.85265288238872     
   295.13512761161616     
   298.40496973100392     
   301.66354718386214     
   304.91208037724260     
   308.15165796698301     
   311.38325098154314     
