   2.5000000000000000        5.0000000000000003E-002  log
  -138753.57304575312     
  -133539.84178254349     
  -128234.12223388474     
  -121961.03202693736     
  -114697.81884492570     
  -106504.06381378710     
  -97428.960328851637     
  -87940.362147645035     
  -78367.022097370806     
  -69834.179087099270     
  -62228.680040054525     
  -55449.677171241266     
  -49407.289801008526     
  -44021.411700283177     
  -39220.648147591841     
  -34941.368601728616     
  -31126.862427407927     
  -27726.586471397291     
  -24695.494490157293     
  -21993.439496026422     
  -19584.641039903578     
  -17437.210309062491     
  -15522.726713480884     
  -13815.860379100817     
  -12294.035657631814     
  -10937.131370835317     
  -9727.2140039611604     
  -8648.3004722948808     
  -7686.1475021735305     
  -6828.0651281772543     
  -6062.7518511549761     
  -5380.1471089798661     
  -4771.2921739313679     
  -4228.1921704816023     
  -3743.6923008722183     
  -3311.3904944760743     
  -2925.5757432778664     
  -2581.1660743275620     
  -2273.6418663362610     
  -1998.9819654073685     
  -1753.6067062288182     
  -1534.3280803311795     
  -1338.3060970765914     
  -1163.0103592384376     
  -1006.1860773616346     
  -865.82392135661189     
  -740.13322786907122     
  -627.51816402319184     
  -526.55650726223905     
  -435.98074636624733     
  -354.66124534237576     
  -281.59124251003595     
  -215.87348330869821     
  -156.70830810065462     
  -103.38303615914576     
  -55.262504577156506     
  -11.780636346910683     
   27.567074383818539     
   63.230259653140109     
   95.609646530707082     
   125.06237669949780     
   151.90674738849734     
   176.42643659309024     
   198.87426867752509     
   219.47557035813864     
   238.43116166368029     
   255.92002187855655     
   272.10166756962303     
   287.11828180562060     
   301.09664851411026     
   314.14998543763073     
   326.37983735361917     
   337.87825551553289     
   348.73043583997747     
   359.01757225533072     
   368.81860364165675     
   378.20820926908391     
   387.24952172629281     
   395.98612208766002     
   404.44196382204478     
   412.63010953513157     
   420.56203680561924     
   428.25192093235148     
   435.71678332378178     
   442.97516321560158     
   450.04581703026025     
   456.94685169805604     
   463.69525194136668     
   470.30667159776453     
   476.79538086930722     
   483.17429879626314     
   489.45506887386415     
   495.64815388011584     
   501.76293668513836     
   507.80781993066529     
   513.79032091962017     
   519.71715998985849     
   525.59434172295960     
   531.42722893083715     
   537.22060967955883     
   542.97875776958824     
