   2.5000000000000000        5.0000000000000003E-002  log
  -151383.37521990307     
  -144842.51897784646     
  -138965.86322541023     
  -133219.05559962339     
  -126511.00355995932     
  -118712.00234035819     
  -109925.66242525613     
  -100432.17609110527     
  -90217.710591152092     
  -80395.484195301076     
  -71640.789695515006     
  -63837.533999584499     
  -56882.249030167121     
  -50682.718766264508     
  -45156.755592650938     
  -40231.109720153516     
  -35840.497205454223     
  -31926.733672830727     
  -28437.962242878912     
  -25327.965423468959     
  -22555.551832882658     
  -20084.009619778659     
  -17880.619333520262     
  -15916.219793462929     
  -14164.821215454096     
  -12603.260484082730     
  -11210.894023131003     
  -9969.3242543265424     
  -8862.1562240451458     
  -7874.7816531804910     
  -6994.1880718620423     
  -6208.7894657969218     
  -5508.2703371187008     
  -4883.4327748410351     
  -4326.0525664834549     
  -3828.7698842851287     
  -3385.0144732915483     
  -2988.9366882610466     
  -2635.3332145309450     
  -2319.5743984757059     
  -2037.5387927358424     
  -1785.5557787567632     
  -1560.3553213074458     
  -1359.0237428028925     
  -1178.9646159184460     
  -1017.8640755970077     
  -873.65999309904282     
  -744.51455094767641     
  -628.78982646017118     
  -525.02604416861755     
  -431.92219986041334     
  -348.31879443913357     
  -273.18244612059442     
  -205.59217573417720     
  -144.72718283309030     
  -89.855950467954770     
  -40.326534261788431     
   4.4420928274997760     
   44.967754689531155     
   81.711947384673138     
   115.08596672711758     
   145.45636937290641     
   173.14983985202477     
   198.45752812849022     
   221.63891526507948     
   242.92525852038528     
   262.52266164802762     
   280.61481131440240     
   297.36541671910157     
   312.92038784802384     
   327.40979095130865     
   340.94963147520832     
   353.64353609260411     
   365.58442917894138     
   376.85630167585970     
   387.53610555938991     
   397.69560130743707     
   407.40257715610841     
   416.72041203530245     
   425.70522505314062     
   434.40173497139034     
   442.84118671605864     
   451.04372163248752     
   459.02355476677803     
   466.79346148590793     
   474.36691907810467     
   481.75840499619278     
   488.98290351307321     
   496.05529817089848     
   502.98990666074735     
   509.80019504247986     
   516.49863449870384     
   523.09665407414491     
   529.60465238829818     
   536.03204301260371     
   542.38731737819580     
   548.67811532680901     
   554.91129741728446     
   561.09301558766299     
   567.22878029764502     
   573.32352320304551     
