   2.5000000000000000        5.0000000000000003E-002  log
  -972.69619981852372     
  -866.33090472191793     
  -771.47871885250299     
  -686.88828426088605     
  -611.44387998141053     
  -544.15068337818423     
  -484.12169639624017     
  -430.56612872771831     
  -382.77905057079778     
  -340.13215536702143     
  -302.06550103794171     
  -268.08012184197867     
  -237.73142035901640     
  -210.62326110287509     
  -186.40269563585795     
  -164.75525544125748     
  -145.40075426241927     
  -128.08954667778980     
  -112.59919455844756     
  -98.731497823162016     
  -86.309850671785341     
  -75.176889613122796     
  -65.192406344912413     
  -56.231510246143898     
  -48.183048546076719     
  -40.948334444889078     
  -34.440289563534463     
  -28.583132413688102     
  -23.312618791630126     
  -18.576358784928861     
  -14.332805283542660     
  -10.546907825345164     
  -7.1823666264831321     
  -4.1951864379555373     
  -1.5342368460237359     
  0.85229136668840444     
   3.0107947110992526     
   4.9799640480959431     
   6.7914573160080289     
   8.4717074621259734     
   10.043784568435104     
   11.528816371530272     
   12.946545669460505     
   14.314598299868662     
   15.646535957349201     
   16.949835688892566     
   18.225490422941498     
   19.469846797372860     
   20.677535697062911     
   21.843873728099556     
   22.966019869115513     
   24.043111576900184     
   25.075894243906340     
   26.066226178730478     
   27.016640641681182     
   27.930016803362332     
   28.809353814432793     
   29.657625013980017     
   30.477689043039469     
   31.272239427778100     
   32.043779379022816     
   32.794612729242814     
   33.526844943235119     
   34.242390209180343     
   34.942982003859548     
   35.630185444572462     
   36.305410346067568     
   36.969924299741670     
   37.624865355089234     
   38.271254056288456     
   38.910004700308605     
   39.541935756963937     
   40.167779439075780     
   40.788190441050730     
   41.403753882555151     
   42.014992504464779     
   42.622373169527080     
   43.226312721978019     
   43.827183259918165     
   44.425316872402995     
   45.021009890501304     
   45.614526698406294     
   46.206103147302578     
   46.795949611270416     
   47.384253721157101     
   47.971182809134028     
   48.556886093629075     
   49.141496631498313     
   49.725133061688688     
   50.307901162242985     
   50.889895240304817     
   51.471199372784902     
   52.051888513538437     
   52.632029481264873     
   53.211681840861814     
   53.790898689631902     
   54.369727358542100     
   54.948210037657212     
   55.526384333902065     
   56.104283768439501     
   56.681938220173976     
