   2.5000000000000000        5.0000000000000003E-002  log
  -277799.89060790290     
  -271588.01416067750     
  -264853.19264114293     
  -257493.12561151964     
  -250478.14997742532     
  -243761.25424958873     
  -235924.51048374383     
  -227056.47486135535     
  -216881.69215681020     
  -206409.75155297422     
  -195158.88799397514     
  -185035.87119090182     
  -176013.04014574425     
  -167970.74980625813     
  -160802.36662984139     
  -154412.85359527747     
  -148717.50907363143     
  -143570.06193077215     
  -137004.74578057596     
  -128646.31930249571     
  -118704.02289644649     
  -107324.50106721067     
  -96859.268250325840     
  -87531.184630720338     
  -79216.586218006050     
  -71805.257350026513     
  -65198.968326909773     
  -59310.172276705496     
  -54060.844168896583     
  -49381.446834822527     
  -45210.010301862814     
  -41491.311233299923     
  -38176.138629157242     
  -34993.037713993617     
  -31146.571033373981     
  -27717.520013789206     
  -24660.471168709781     
  -21934.948405674106     
  -19504.882060060576     
  -17338.130506239962     
  -15406.051677230646     
  -13683.121015143139     
  -12146.591374647269     
  -10776.190311722925     
  -9553.8505656778325     
  -8463.4700169488005     
  -7490.6978454850514     
  -6622.7439993297794     
  -5848.2094150249086     
  -5156.9347198556625     
  -4539.8653985187930     
  -3988.9316293838278     
  -3496.9411925020609     
  -3057.4840263089945     
  -2664.8471653169349     
  -2313.9389293069330     
  -2000.2213575709045     
  -1719.6499913337316     
  -1468.6202050988315     
  -1243.9193746295068     
  -1042.6842467713968     
  -862.36294537577328     
  -700.68110912109944     
  -555.61171187118873     
  -425.34816508231035     
  -308.28034532862137     
  -202.97322883421577     
  -108.14784949657047     
  -22.664327719704087     
   54.493255144648082     
   124.23033745827676     
   187.35389194294461     
   244.58313374106183     
   296.55906398154622     
   343.85297548933124     
   386.97403350499496     
   426.37603200672697     
   462.46341528744267     
   495.59664469011597     
   526.09698171496188     
   554.25075096763794     
   580.31313951538766     
   604.51158306642128     
   627.04878390519787     
   648.10540062993016     
   667.84244538439430     
   686.40342040194537     
   703.91622227309369     
   720.49483957385257     
   736.24086821744868     
   751.24487214860653     
   765.58763248502919     
   779.34136886827787     
   792.57109083037699     
   805.33631675099389     
   817.69336316277429     
   829.69797448547149     
   841.40685818458769     
   852.87514069329256     
   864.14799195164937     
   875.25168994839134     
