   2.5000000000000000        5.0000000000000003E-002  log
  -874.50884213351924     
  -778.88309836951669     
  -693.60949927105776     
  -617.56219151720791     
  -549.73742830148774     
  -489.24031234971130     
  -435.27299211381887     
  -387.12416411060894     
  -344.15973813913553     
  -305.81452818161154     
  -271.58484446204511     
  -241.02187915956679     
  -213.72579490862330     
  -189.34043826725997     
  -167.54860959996350     
  -148.06782809805421     
  -130.64653785759629     
  -115.06070879623954     
  -101.11079412975137     
  -88.619012871752560     
  -77.426930281748952     
  -67.393311135067250     
  -58.392220980751674     
  -50.311351047185852     
  -43.050546182493200     
  -36.520527844480299     
  -30.641836625416577     
  -25.344085636054846     
  -20.565715221136831     
  -16.254496335261106     
  -12.368797857123761     
  -8.8786291416017988     
  -5.7635216589801530     
  -3.0038289599101282     
 -0.56827842175676402     
   1.5906727675676295     
   3.5282915830013413     
   5.2954508277260173     
   6.9324273278677691     
   8.4687320986972559     
   9.9255357334244447     
   11.318403309067534     
   12.659335250779097     
   13.957741794055753     
   15.220471679715615     
   16.451472939850081     
   17.651794091240237     
   18.820266888373371     
   19.954647586946081     
   21.052722098136002     
   22.113024693543384     
   23.135112607904585     
   24.119524132433522     
   25.067581469690907     
   25.981154911986685     
   26.862449354944658     
   27.713835164822644     
   28.537724818863406     
   29.336488396937877     
   30.112399056739527     
   30.867600391733106     
   31.604089169166716     
   32.323708560176918     
   33.028148324292509     
   33.718949448308507     
   34.397511502119769     
   35.065101520513061     
   35.722863605545612     
   36.371828713748947     
   37.012924279681656     
   37.646983456759848     
   38.274753845201538     
   38.896905637561311     
   39.514039153261180     
   40.126691760721968     
   40.735344203342251     
   41.340426356581503     
   41.942322449827579     
   42.541375790003904     
   43.137893025008566     
   43.732147984787339     
   44.324385136624585     
   44.914822689439902     
   45.503655379749887     
   46.091056969661715     
   46.677182484924913     
   47.262170218757788     
   47.846143524935748     
   48.429212421512688     
   49.011475024561619     
   49.593018829475277     
   50.173921855664673     
   50.754253668930502     
   51.334076294354418     
   51.913445031257424     
   52.492409180593249     
   53.071012694076835     
   53.649294753383657     
   54.227290286886216     
   54.805030430611033     
   55.382542939395677     
