   2.5000000000000000        5.0000000000000003E-002  log
  -186676.54889497804     
  -180725.55170237538     
  -174227.59038195171     
  -167126.38119173143     
  -159355.03031135476     
  -151897.88186157987     
  -144700.75747065950     
  -136223.72080990320     
  -126815.99005933518     
  -115954.43077627989     
  -104769.04277723510     
  -93361.413343930762     
  -83193.633005134106     
  -74130.869351874615     
  -66052.952902668199     
  -58852.782557936989     
  -52434.904480312027     
  -46714.245539174575     
  -41614.984499590908     
  -37069.545955521680     
  -33017.703633038545     
  -29405.781145418394     
  -26185.939588303212     
  -23315.542535546454     
  -20756.590046382033     
  -18475.214228594603     
  -16441.229724330558     
  -14627.733202728439     
  -13010.746572418817     
  -11568.899185282904     
  -10283.144797294284     
  -9136.5094699968849     
  -8113.8669152600169     
  -7201.7380075438014     
  -6388.1113950397203     
  -5662.2825516506055     
  -5014.7094480774676     
  -4436.8840435116581     
  -3921.2191232907812     
  -3460.9491602538051     
  -3050.0428405372450     
  -2683.1248838954157     
  -2355.4056267405817     
  -2062.6176000949163     
  -1800.9586314880912     
  -1567.0410008754752     
  -1357.8461208915639     
  -1170.6841889716175     
  -1003.1582784960519     
  -853.13237886123704     
  -718.70294440219720     
  -598.17356109648051     
  -490.03238472693147     
  -392.93204391379675     
  -305.67173637241979     
  -227.18127744263350     
  -156.50688693095779     
  -92.798524109667511     
  -35.298601755041084     
   16.668071261047373     
   63.703252785336900     
   106.34325488537677     
   145.06606227597729     
   180.29767630234082     
   212.41776878607294     
   241.76472084765805     
   268.64011363339165     
   293.31273058527472     
   316.02212440756841     
   336.98179616280828     
   356.38202910845263     
   374.39241659689492     
   391.16412319840128     
   406.83192370749674     
   421.51607773877510     
   435.32411567250796     
   448.35262278526426     
   460.68908555257366     
   472.41375992693651     
   483.60127676891858     
   494.32132850397051     
   504.63760368458759     
   514.60488075838930     
   524.26603413545160     
   533.65172089036776     
   542.78356204408317     
   551.67866553786916     
   560.35296418200994     
   568.82262768490591     
   577.10416661453883     
   585.21402438727773     
   593.16812310213027     
   600.98153097238514     
   608.66827030997786     
   616.24123575483191     
   623.71218650128276     
   631.09178362603859     
   638.38965253345600     
   645.61445763512165     
   652.77398131275595     
   659.87520243218114     
