   2.5000000000000000        5.0000000000000003E-002  log
  -141256.00044724596     
  -135305.00325464326     
  -128807.04193421963     
  -121705.83274399933     
  -113934.48186362266     
  -106477.33341384778     
  -99280.209022927418     
  -90803.172362171113     
  -81446.281329070232     
  -72578.647145238443     
  -64674.765150786938     
  -57629.828200601121     
  -51350.426832157260     
  -45753.309786028571     
  -40764.279328651879     
  -36317.206723911477     
  -32353.154791811568     
  -28819.595906874805     
  -25669.715046156740     
  -22861.788617265163     
  -20358.630799437211     
  -18127.100031448324     
  -16137.659091427990     
  -14363.982944894085     
  -12782.609194055214     
  -11372.626544728353     
  -10115.397215923405     
  -8994.3096542283311     
  -7994.5582925671324     
  -7102.9474270134278     
  -6307.7165833495283     
  -5598.3849956348313     
  -4965.6129992694187     
  -4401.0782458064868     
  -3897.3647473834822     
  -3447.8630580101112     
  -3046.6806054835756     
  -2688.5620592627411     
  -2368.8197900254204     
  -2083.2735188562729     
  -1828.1971910173500     
  -1600.2711478132392     
  -1396.5385671550293     
  -1214.3659087294975     
  -1051.4073275984267     
  -905.57292075879104     
  -775.00052417198810     
  -658.03069977526945     
  -553.18454382143602     
  -459.14397763440485     
  -374.73422366381249     
  -298.90821041490096     
  -230.73268492158380     
  -169.37584050664387     
  -114.09629158774599     
  -64.233247372416116     
  -19.197753365278178     
   21.535115642235215     
   58.433214548085672     
   91.913530986827396     
   122.34771451118397     
   150.06700505277689     
   175.36662587018259     
   198.50969912192019     
   219.73073589913523     
   239.23874693262346     
   257.22001517687539     
   273.84056700410650     
   289.24837475521355     
   303.57531984010643     
   316.93894241037844     
   329.44400080126991     
   341.18386142026424     
   352.24173751334013     
   362.69179323731959     
   372.60012768153922     
   382.02565189067747     
   391.02087052199829     
   399.63257850578520     
   407.90248195062009     
   415.86775153051002     
   423.56151569538270     
   431.01330024831088     
   438.24942012141281     
   445.29332854829164     
   452.16592826571832     
   458.88584887354273     
   465.46969403285772     
   471.93226178229230     
   478.28674089566573     
   484.54488588636673     
   490.71717298051533     
   496.81293912846280     
   502.84050589913687     
   508.80728990116449     
   514.71990119593636     
   520.58423100845107     
   526.40552989977095     
   532.18847743836579     
   537.93724429481563     
   543.65554758381597     
