   2.5000000000000000        5.0000000000000003E-002  log
  -30489.453446582495     
  -27170.908682866244     
  -24212.970844500487     
  -21576.424266650880     
  -19226.317951244280     
  -17131.501788459289     
  -15264.213213694660     
  -13599.708815205133     
  -12115.936004065861     
  -10793.240389751252     
  -9614.1049785043178     
  -8562.9177342721905     
  -7625.7644191593299     
  -6790.2439672659875     
  -6045.3039464769081     
  -5381.0939298305784     
  -4788.8348331614816     
  -4260.7024809559816     
  -3789.7238419876162     
  -3369.6845363599491     
  -2995.0463622593729     
  -2660.8737285397624     
  -2362.7680106264593     
  -2096.8089724826395     
  -1859.5025140984703     
  -1647.7341062036996     
  -1458.7273545203218     
  -1290.0071926868870     
  -1139.3672429865906     
  -1004.8409175183206     
  -884.67585912826996     
  -777.31132225955719     
  -681.35804141253288     
  -595.58002535439823     
  -518.87762721351669     
  -450.27138815435558     
  -388.88675419826961     
  -333.94058004712127     
  -284.73047140923956     
  -240.62700373788547     
  -201.06767038104704     
  -165.55127065073691     
  -133.63216893755683     
  -104.91451527465055     
  -79.046721267316357     
  -55.716403165432148     
  -34.645869961052895     
  -15.588145539440458     
   1.6765253537267539     
   17.343747300311730     
   31.587677278029108     
   44.563410019411506     
   56.409087478510521     
   67.247767604371532     
   77.189082187962882     
   86.330709163288233     
   94.759681191793078     
   102.55354945015168     
   109.78141912501296     
   116.50487108307358     
   122.77878244992530     
   128.65205733734763     
   134.16827766231717     
   139.36628286893912     
   144.28068637125639     
   148.94233566029757     
   153.37872224650420     
   157.61434692543565     
   161.67104524917971     
   165.56827754869869     
   169.32338737527763     
   172.95183180527573     
   176.46738667539714     
   179.88232948033976     
   183.20760236625347     
   186.45295738780024     
   189.62708596010702     
   192.73773422630410     
   195.79180587378181     
   198.79545376524015     
   201.75416160179168     
   204.67281670280624     
   207.55577486907654     
   210.40691819065168     
   213.22970656692493     
   216.02722362301699     
   218.80221763205242     
   221.55713798659016     
   224.29416770335808     
   227.01525239276199     
   229.72212607769919     
   232.41633420437176     
   235.09925415051481     
   237.77211350323088     
   240.43600634901401     
   243.09190779215913     
   245.74068689423694     
   248.38311820635687     
   251.01989204726235     
   253.65162366365757     
   256.27886139432945     
