   2.5000000000000000        5.0000000000000003E-002  log
  -243452.23445464316     
  -237501.23726204049     
  -231003.27594161686     
  -223902.06675139655     
  -216130.71587101987     
  -208673.56742124501     
  -201476.44303032462     
  -192999.40636956831     
  -183591.67561900031     
  -172730.11633594500     
  -161544.72833690021     
  -150137.09890359588     
  -139969.31856479924     
  -130906.55491153973     
  -122828.63846233331     
  -115628.46811760211     
  -109210.59003997715     
  -103489.93109883969     
  -97917.465728652649     
  -90511.270756229089     
  -81325.272111796236     
  -72455.209710864758     
  -64548.889520691897     
  -57501.507487198272     
  -51219.656712901109     
  -45620.087803432143     
  -40628.604090817564     
  -36179.077122762763     
  -32212.569381622612     
  -28676.552597813497     
  -25524.211267948453     
  -22713.822075115033     
  -20208.200824415082     
  -17974.209260208954     
  -15982.314812543818     
  -14206.197153214138     
  -12622.396654642083     
  -11210.001203495856     
  -9950.3684438347100     
  -8826.8799434232478     
  -7824.7229772907840     
  -6930.6958233471823     
  -6133.0334909344947     
  -5421.2517340966715     
  -4786.0076466834853     
  -4218.9752707286962     
  -3712.7347112381822     
  -3260.6733396808468     
  -2856.8977905427014     
  -2496.1555887927384     
  -2173.7653722419295     
  -1885.5547816777541     
  -1627.8051813623499     
  -1397.2024470159545     
  -1190.7931257632665     
  -1005.9453414859503     
  -840.31389453827569     
  -691.80908427960469     
  -558.56885729956934     
  -438.93394400986176     
  -331.42568769473462     
  -234.72629665274411     
  -147.66126891003350     
  -69.183756363401798     
   1.6393459116164826     
   65.639778968544817     
   123.55894083815880     
   176.05770192994547     
   223.72514987146127     
   267.08638264189233     
   306.60945488906884     
   342.71157020091300     
   375.76460157010115     
   406.10001309546152     
   434.01324789351520     
   459.76764007700052     
   483.59790235726041     
   505.71323523428407     
   526.30009876267206     
   545.52468344976114     
   563.53511289094706     
   580.46340722300874     
   596.42723333203060     
   611.53146494708744     
   625.86957324767184     
   639.52486637944412     
   652.57159428035595     
   665.07593344170516     
   677.09686464317701     
   688.68695528679052     
   699.89305669349540     
   710.75692560148684     
   721.31577810242379     
   731.60278335751570     
   741.64750363815392     
   751.47628652493074     
   761.11261446517028     
   770.57741632413752     
   779.88934506145688     
   789.06502521531365     
   798.11927347680376     
