   2.5000000000000000        5.0000000000000003E-002  log
  -39227.661186219833     
  -34958.562579384961     
  -31153.411605019697     
  -27761.754548261808     
  -24738.624575900230     
  -22043.945058308385     
  -19641.997766005399     
  -17500.948881129701     
  -15592.426535953258     
  -13891.144279306180     
  -12374.565484914652     
  -11022.604260076378     
  -9817.3588956420645     
  -8742.8743258352606     
  -7784.9304457334238     
  -6930.8534714923426     
  -6169.3478293665858     
  -5490.3463295305110     
  -4884.8766241687636     
  -4344.9421695705132     
  -3863.4161108192493     
  -3433.9466857572579     
  -3050.8729025105940     
  -2709.1493827804056     
  -2404.2793831921899     
  -2132.2551123254129     
  -1889.5045559574075     
  -1672.8441133909823     
  -1479.4364406762147     
  -1306.7529969038719     
  -1152.5408888792886     
  -1014.7936681850326     
  -891.72567030665539     
  -781.74918699180591     
  -683.45321827670909     
  -595.58223523019035     
  -517.01451168402070     
  -446.74247246730238     
  -383.85883900985800     
  -327.54891482507634     
  -277.08522222775287     
  -231.82114408152785     
  -191.18312714669750     
  -154.66249404788601     
  -121.80776339656687     
  -92.217838551479147     
  -65.536086336793275     
  -41.445202146086558     
  -19.662738748238635     
   6.2808209314818730E-002
   17.955443850185020     
   34.214714785901840     
   49.018401303281202     
   62.524905520328069     
   74.875372670632672     
   86.195577093287014     
   96.597600122971329     
   106.18132353184592     
   115.03575923835801     
   123.24023351624851     
   130.86544180856120     
   137.97438840638441     
   144.62322364031095     
   150.86198981693113     
   156.73528588434664     
   162.28285970684442     
   167.54013585081429     
   172.53868591613133     
   177.30664767632666     
   181.86909860556258     
   186.24838876086017     
   190.46443744558849     
   194.53499759736678     
   198.47589141359916     
   202.30122034498413     
   206.02355224631387     
   209.65408817009458     
   213.20281101788336     
   216.67861802311799     
   220.08943882437791     
   223.44234069658847     
   226.74362233710409     
   229.99889745160596     
   233.21316924930088     
   236.39089683620051     
   239.53605438769466     
   242.65218388576997     
   245.74244212079674     
   248.80964258167202     
   251.85629279025721     
   254.88462757557903     
   257.89663872937297     
   260.89410143651958     
   263.87859783112111     
   266.85153799081769     
   269.81417864794463     
   272.76763986583194     
   275.71291990154270     
   278.65090845227905     
   281.58239846123587     
   284.50809663956431     
