   2.5000000000000000        5.0000000000000003E-002  log
  -129392.24707075283     
  -123823.97041505293     
  -117570.01074955365     
  -110664.92648578201     
  -103159.66824749231     
  -94953.050005862868     
  -87089.488819014397     
  -79384.051177834292     
  -70748.986738706197     
  -63045.090223351748     
  -56178.425435663550     
  -50057.944646234675     
  -44602.501342381140     
  -39739.773467844112     
  -35405.303784553849     
  -31541.644616619556     
  -28097.595617005380     
  -25027.524429254572     
  -22290.761217426905     
  -19851.059021783607     
  -17676.112777619124     
  -15737.130619671507     
  -14008.451793077253     
  -12467.206111825222     
  -11093.010455329726     
  -9867.6982818527613     
  -8775.0785735050158     
  -7800.7210219003036     
  -6931.7646275652532     
  -6156.7472284575642     
  -5465.4537880497110     
  -4848.7815250049489     
  -4298.6200742121346     
  -3807.7447236701018     
  -3369.7203632641158     
  -2978.8135874221998     
  -2629.9116289522844     
  -2318.4497864547393     
  -2040.3504249404148     
  -1791.9732633191725     
  -1570.0725938474332     
  -1371.7575769987561     
  -1194.4547108613622     
  -1035.8731165625879     
  -893.97318433295800     
  -766.93863247154013     
  -653.15173229644176     
  -551.17135925416108     
  -459.71353600180731     
  -377.63416851575801     
  -303.91371391113921     
  -237.64355153316291     
  -178.01385691484498     
  -124.30280321302743     
  -75.866938510226476     
  -32.132610492258330     
   7.4116686354625765     
   43.222006880957956     
   75.705145824737130     
   105.22377777567920     
   132.10124375295050     
   156.62569327274653     
   179.05378818783024     
   199.61402725883195     
   218.50975435748785     
   235.92189380363641     
   252.01143683397177     
   266.92168915482421     
   280.78028379233939     
   293.70096527600344     
   305.78515738141851     
   317.12333352892762     
   327.79621379866046     
   337.87581421958424     
   347.42637266146261     
   356.50517221127558     
   365.16327850360324     
   373.44620312930539     
   381.39450167273606     
   389.04431243915224     
   396.42784050575597     
   403.57379111795376     
   410.50775633293415     
   417.25255889243232     
   423.82855738254153     
   430.25391670767999     
   436.54484774416790     
   442.71581976903053     
   448.77974892289149     
   454.74816560321096     
   460.63136332743960     
   466.43853127509340     
   472.17787242340302     
   477.85670893585080     
   483.48157624487823     
   489.05830708532352     
   494.59210657893345     
   500.08761933783057     
   505.54898944188739     
   510.97991404797375     
   516.38369130511808     
