   2.5000000000000000        5.0000000000000003E-002  log
  -1136.9815242972577     
  -1012.8967089082092     
  -902.24192619937151     
  -803.55569233255630     
  -715.53514063344846     
  -637.01883042136637     
  -566.97148678897020     
  -504.47043652805866     
  -448.69351837736991     
  -398.90827509309105     
  -354.46227495389905     
  -314.77444595070273     
  -279.32732505361139     
  -247.66012920470766     
  -219.36255605405981     
  -194.06923084101433     
  -171.45473121085271     
  -151.22913737567802     
  -133.13406516172233     
  -116.93914336286159     
  -102.43889701310479     
  -89.449997424272837     
  -77.808839473658139     
  -67.369407035066274     
  -58.001388914899309     
  -49.588510953202537     
  -42.027056596850869     
  -35.224561069430656     
  -29.098687676979679     
  -23.576331593751505     
  -18.593036859660941     
  -14.092816619705552     
  -10.028352121971411     
  -6.3612016235862194     
  -3.0610644601396979     
 -0.10279453234622085     
   2.5390439427835729     
   4.8954157241765168     
   7.0038602680173856     
   8.9047873150983925     
   10.636580389669881     
   12.232613386840370     
   13.720413489462212     
   15.121825520342163     
   16.453367894053276     
   17.726665356769796     
   18.949150689348372     
   20.125104929935898     
   21.256849790663818     
   22.345804027106102     
   23.393215767465822     
   24.400548667442983     
   25.369607006804664     
   26.302509352519543     
   27.201597204228293     
   28.069330851557798     
   28.908197515295637     
   29.720640278593521     
   30.509007980535582     
   31.275522887979722     
   32.022262155203201     
   32.751149383573598     
   33.463953263749573     
   34.162290985329903     
   34.847634706347932     
   35.521319856839170     
   36.184554415344437     
   36.838428565506078     
   37.483924333774091     
   38.121924947532143     
   38.753223750599574     
   39.378532581342107     
   39.998489565845368     
   40.613666310810906     
   41.224574502374466     
   41.831671931041718     
   42.435367971619165     
   43.036028551983257     
   43.633980646918410     
   44.229516333878209     
   44.822896446963476     
   45.414353864079629     
   46.004096460425323     
   46.592309759382523     
   47.179159309667376     
   47.764792815362618     
   48.349342043251362     
   48.932924529754182     
   49.515645107763163     
   50.097597271784302     
   50.678864398050258     
   51.259520834651219     
   51.839632875249599     
   52.419259628590254     
   52.998453794784915     
   53.577262358230243     
   54.155727206005373     
   54.733885679679346     
   55.311771067632407     
   55.889413044251796     
   56.466838061693302     
