   2.5000000000000000        5.0000000000000003E-002  log
  -30656.272849214791     
  -27319.368473563074     
  -24345.036313339970     
  -21693.846980258844     
  -19330.658995019199     
  -17224.152481227055     
  -15346.413569664050     
  -13672.563998202369     
  -12180.430992381493     
  -10850.253046162823     
  -9664.4176987550636     
  -8607.2278279954808     
  -7664.6933593059866     
  -6824.3456270754241     
  -6075.0719278120396     
  -5406.9680771659523     
  -4811.2070311851667     
  -4279.9218586943853     
  -3806.1015534098942     
  -3383.4983398456061     
  -3006.5452374060815     
  -2670.2826856091433     
  -2370.2930140096055     
  -2102.6415616351283     
  -1863.8235080130974     
  -1650.7160328664490     
  -1460.5357715472690     
  -1290.8009394363346     
  -1139.2966085984172     
  -1004.0425692108900     
  -883.26573803710721     
  -775.37905999267605     
  -678.96535467489412     
  -592.76261777371167     
  -515.64897883946412     
  -446.62765249262748     
  -384.81277977807935     
  -329.41667666746667     
  -279.73858330007300     
  -235.15479626119472     
  -195.11000764629264     
  -159.10968150221629     
  -126.71332312724203     
  -97.528521784176462     
  -71.205667995734231     
  -47.433262633634470     
  -25.933747456244205     
  -6.4597965575921190     
   11.208983989404308     
   27.268995099017989     
   41.895266193292983     
   55.243807019784867     
   67.453754829782284     
   78.649420668224806     
   88.942398381610232     
   98.433952327246828     
   107.21784340121566     
   115.38333592617177     
   123.01698845847757     
   130.20036152463030     
   137.00199506603403     
   143.46885345796994     
   149.62676854168282     
   155.49030530034705     
   161.07268347549632     
   166.39003472938415     
   171.46135145901397     
   176.30703513136697     
   180.94755822184499     
   185.40260057468359     
   189.69059057920887     
   193.82850984301106     
   197.83185073692349     
   201.71465657608761     
   205.48960336227776     
   209.16809995659986     
   212.76039393510820     
   216.27567624785863     
   219.72218109568604     
   223.10727928814183     
   226.43756438506642     
   229.71893150590842     
   232.95664901160225     
   236.15542343402956     
   239.31945811071705     
   242.45250601383077     
   245.55791726406238     
   248.63868180439323     
   251.69746768364294     
   254.73665536984666     
   257.75836848172031     
   260.76450129452138     
   263.75674334554304     
   266.73660143491105     
   269.70541928961313     
   272.66439513293955     
   275.61459737778671     
   278.55697864053940     
   281.49238825242799     
   284.42158342724508     
   287.34523922798650     
