   2.5000000000000000        5.0000000000000003E-002  log
  -42011.409961147816     
  -37916.123183979507     
  -33788.871391215973     
  -30110.110053544289     
  -26831.066254717240     
  -23908.271087373989     
  -21302.982847049534     
  -18980.672953294546     
  -16910.567776391152     
  -15065.240289983871     
  -13420.246131107357     
  -11953.799238374047     
  -10646.482764389502     
  -9480.9914270737681     
  -8441.9018835282423     
  -7515.4680864763632     
  -6689.4389237365767     
  -5952.8957498350856     
  -5296.1076942239733     
  -4710.4028626299269     
  -4188.0537189385286     
  -3722.1750281060458     
  -3306.6327691954816     
  -2935.9624897769904     
  -2605.2958642914823     
  -2310.2948025142036     
  -2047.0928291661448     
  -1812.2428851452291     
  -1602.6698338842768     
  -1415.6269286366983     
  -1248.6580488083644     
  -1099.5675181080512     
  -966.39584114557567     
  -847.39776775207008     
  -741.02079717613901     
  -645.88437870340942     
  -560.76063203861611     
  -484.55703743762831     
  -416.30112815609215     
  -355.12701230296022     
  -300.26349825192347     
  -251.02360992759552     
  -206.79530810233703     
  -167.03326338722275     
  -131.25155121839245     
  -99.017158727434335     
  -69.944208952052008     
  -43.688820412858853     
  -19.944530436810723     
   1.5617807079887365     
   21.073520458181211     
   38.807618947863801     
   54.957413836380937     
   69.695230135002959     
   83.174706338122121     
   95.532931499449418     
   106.89247123311689     
   117.36335388499609     
   127.04503056788822     
   136.02818588062379     
   144.39606583662351     
   152.22482091972597     
   159.58253545850781     
   166.52741043868375     
   173.10656071925274     
   179.35682271251036     
   185.30746076678568     
   190.98330412200156     
   196.40700082857740     
   201.60008182262700     
   206.58320402870811     
   211.37603165200912     
   215.99704517861707     
   220.46339988378040     
   224.79086104902925     
   228.99380517588651     
   233.08526732346436     
   237.07701654389351     
   240.97964600867917     
   244.80266877953898     
   248.55461349926705     
   252.24311658485863     
   255.87500902843004     
   259.45639688531367     
   262.99273513502163     
   266.48889496759494     
   269.94922476108144     
   273.37760513175306     
   276.77749849350897     
   280.15199358004298     
   283.50384537769582     
   286.83551089797686     
   290.14918119256436     
   293.44680998399366     
   296.73013925459531     
   300.00072210600098     
   303.25994317255703     
   306.50903684474520     
   309.74910353343824     
   312.98112418259137     
   316.20597321676757     
