   2.5000000000000000        5.0000000000000003E-002  log
  -189628.19241627713     
  -185532.90563910882     
  -180602.35657605954     
  -175019.76313443913     
  -168720.80913878544     
  -161656.69855212944     
  -154061.82546066999     
  -145487.05385403387     
  -136206.65614552124     
  -126322.61709755642     
  -116972.84418434931     
  -106119.42508687076     
  -94628.853789002853     
  -84321.687862535808     
  -75134.665359572289     
  -66945.971764946269     
  -59647.039847379085     
  -53141.109140170840     
  -47341.942190107540     
  -42172.680576551465     
  -37564.825515173565     
  -33457.329416375615     
  -29795.786101144695     
  -26531.708603351559     
  -23621.884818756476     
  -21027.802773174080     
  -18715.138485334603     
  -16653.299566453243     
  -14815.017486178080     
  -13175.982987584526     
  -11714.522201340398     
  -10411.311471286439     
  -9249.1258344835096     
  -8212.6145344266170     
  -7288.0989746207233     
  -6463.3909592650443     
  -5727.6299061135833     
  -5071.1375962819584     
  -4485.2888439313647     
  -3962.3964752543502     
  -3495.6091261367951     
  -3078.8204923437333     
  -2706.5887372010075     
  -2374.0647915311029     
  -2076.9283438590523     
  -1811.3304903579767     
  -1573.8422772909112     
  -1361.4086097673726     
  -1171.3071186343452     
  -1001.1115775653830     
  -848.65942403741758     
  -712.02292562725586     
  -589.48356020282984     
  -479.50922783460106     
  -380.73396535276851     
  -291.93988342238009     
  -212.04108931808074     
  -140.06939447456267     
  -75.161629906932063     
  -16.548400882631004     
   36.455892765386700     
   84.461951052209685     
   128.01355591830358     
   167.59478304762038     
   203.63653773786436     
   236.52246367076265     
   266.59424791931770     
   294.15634391262017     
   319.48014704609631     
   342.80767227113824     
   364.35479121180595     
   384.31408663351533     
   402.85737684999333     
   420.13795508732761     
   436.29258121486890     
   451.44325671038314     
   465.69880852649567     
   479.15630352779135     
   491.90231210286697     
   504.01403716271011     
   515.56032281317732     
   526.60255539321349     
   537.19546820844050     
   547.38786010231297     
   557.22323695647924     
   566.74038427399910     
   575.97387815728916     
   584.95454123537263     
   593.70984941316351     
   602.26429470168625     
   610.63970883587524     
   618.85555189017941     
   626.92916965637107     
   634.87602314795026     
   642.70989323692743     
   650.44306310753143     
   658.08648092382123     
   665.64990485090345     
   673.14203233940373     
   680.57061537721438     
   687.94256322882552     
