   2.5000000000000000        5.0000000000000003E-002  log
  -121497.36974467899     
  -117402.08296751068     
  -112471.53390446139     
  -106888.94046284100     
  -100589.98646718728     
  -93525.875880531312     
  -85931.002789071834     
  -77356.231182435731     
  -68934.180491095525     
  -61427.456502499372     
  -54736.518296427232     
  -48772.649934387089     
  -43456.783253220019     
  -38718.448679669811     
  -34494.840146246504     
  -30729.981707108313     
  -27373.984810700931     
  -24382.386401283886     
  -21715.559105132870     
  -19338.185710428465     
  -17218.790964625252     
  -15329.324380889284     
  -13644.788285696111     
  -12142.905856595264     
  -10803.824594241443     
  -9609.8516157145932     
  -8545.2178521962051     
  -7595.8679504687743     
  -6749.2720656357951     
  -5994.2569294903387     
  -5320.8563296887323     
  -4720.1813174862118     
  -4184.3071487744055     
  -3706.1721867555361     
  -3279.4858349269389     
  -2898.6448339679955     
  -2558.6579243402248     
  -2255.0785870160430     
  -1983.9452290182812     
  -1741.7280405201125     
  -1525.2817607234274     
  -1331.8036635972142     
  -1158.7961620882297     
  -1004.0335098683598     
  -865.53214697548674     
  -741.52429030432495     
  -630.43441469266702     
  -530.85830839845448     
  -441.54442030973183     
  -361.37724650157963     
  -289.36253125648085     
  -224.61408255203901     
  -166.34202436404200     
  -113.84232804506472     
  -66.487482693884630     
  -23.718180045566541     
   14.964096784981191     
   50.003679162736503     
   81.796601036566713     
   110.69584733445248     
   137.01603217558923     
   161.03756884855764     
   183.01038676293450     
   203.15724457907478     
   221.67668337407451     
   238.74565893808551     
   254.52188804982109     
   269.14593979633133     
   282.74309962945068     
   295.42503084488771     
   307.29125548986138     
   318.43047431600053     
   328.92174326431399     
   338.83552207025645     
   348.23460888417964     
   357.17497329341410     
   365.70649878695150     
   373.87364450442715     
   381.71603504200590     
   389.26898613473168     
   396.56397318532515     
   403.62904885208633     
   410.48921523346496     
   417.16675558508939     
   423.68152996862779     
   430.05123875371174     
   436.29165746794808     
   442.41684611014847     
   448.43933570328483     
   454.37029456185644     
   460.21967647932757     
   465.99635280150943     
   471.70823013803283     
   477.36235527356325     
   482.96500867062053     
   488.52178780453301     
   494.03768143617435     
   499.51713580791295     
   504.96411364105489     
   510.38214671756202     
   515.77438274371025     
