   2.5000000000000000        5.0000000000000003E-002  log
  -288037.45524132007     
  -283877.41295326606     
  -279714.58968547994     
  -274621.94462731213     
  -268811.80448934756     
  -262245.19707478664     
  -254872.07632078871     
  -246750.66414123451     
  -237780.92659909057     
  -227801.45439606145     
  -217834.47861540472     
  -207665.47399326914     
  -195992.45494337316     
  -182796.11011697567     
  -168900.72936058536     
  -155451.03146611911     
  -143463.06904650555     
  -132777.88030969771     
  -123253.79101140804     
  -114764.53473701488     
  -107197.57760794970     
  -100452.62506656072     
  -92928.034131796725     
  -83207.233170047766     
  -74125.014388931391     
  -66029.484663026349     
  -58813.350099461284     
  -52380.987791734908     
  -46647.178178490336     
  -41535.971256338540     
  -36979.670630406654     
  -32917.928183307078     
  -29296.945454163120     
  -26068.769199446640     
  -23190.663042035598     
  -20624.543022211572     
  -18336.471401897350     
  -16296.204525996802     
  -14476.789931746109     
  -12854.207610119012     
  -11407.050577276616     
  -10116.240386599949     
  -8964.7737049009957     
  -7937.4965243243487     
  -7020.9029740295073     
  -6202.9560383851331     
  -5472.9277887250191     
  -4821.2570002700268     
  -4239.4222597921798     
  -3719.8288770839308     
  -3255.7080976209882     
  -2841.0272777416194     
  -2470.4098295694257     
  -2139.0638728230388     
  -1842.7186463711362     
  -1577.5678354770414     
  -1340.2190625240835     
  -1127.6488708533013     
  -937.16260427349152     
  -766.35864979319183     
  -613.09656904086114     
  -475.46869545411028     
  -351.77482031782034     
  -240.49963172579442     
  -140.29260707594469     
  -49.950092270236532     
   31.600670189866964     
   105.31577615855416     
   172.04734674732063     
   232.55483552583624     
   287.51510606579433     
   337.53141355382513     
   383.14140965652888     
   424.82427685929360     
   463.00708694878944     
   498.07046801355875     
   530.35365516131958     
   560.15899197368969     
   587.75594243050148     
   613.38466653997750     
   637.25920712158268     
   659.57033002851949     
   680.48805549812948     
   700.16391421986646     
   718.73295805764064     
   736.31555210771455     
   753.01897187176064     
   768.93882673867142     
   784.16032866391788     
   798.75942288110764     
   812.80379564963289     
   826.35377241063759     
   839.46311826931048     
   852.17975142543514     
   864.54637901900287     
   876.60106382818265     
   888.37772933939823     
   899.90660989148887     
   911.21465186710225     
   922.32587125488806     
   933.26167232713021     
