   2.5000000000000000        5.0000000000000003E-002  log
  -219906.63256972193     
  -215746.59028166792     
  -211583.76701388176     
  -206491.12195571398     
  -200680.98181774945     
  -194114.37440318847     
  -186741.25364919056     
  -178619.84146963636     
  -169650.10392749240     
  -159670.63172446331     
  -149703.65594380657     
  -139534.65132167100     
  -127861.63227177502     
  -114665.28744537753     
  -102176.53419755033     
  -91045.077004190680     
  -81123.311385250403     
  -72279.685086403741     
  -64396.952639571027     
  -57370.619799843298     
  -51107.557155333714     
  -45524.764397524508     
  -40548.268709663025     
  -36112.142588569441     
  -32157.628272945913     
  -28632.357765360521     
  -25489.658820613782     
  -22687.937632563204     
  -20190.128126233190     
  -17963.197138146443     
  -15977.697947263165     
  -14207.372493882787     
  -12628.805113023220     
  -11221.121256500512     
  -9965.7184598215663     
  -8846.0221355393533     
  -7847.2647937921984     
  -6956.2882811903282     
  -6161.3676043942032     
  -5452.0542507873570     
  -4819.0368454379905     
  -4254.0171645128958     
  -3749.5997584951460     
  -3299.1936548646809     
  -2896.9247960568950     
  -2537.5580271822569     
  -2216.4275843417472     
  -1929.3751527921058     
  -1672.6946679434859     
  -1443.0831235795124     
  -1237.5967325592012     
  -1053.6118569895232     
  -888.79018858353959     
  -741.04771659430082     
  -608.52707115337898     
  -489.57287475123621     
  -382.70977459275593     
  -286.62286418961276     
  -200.14023429303077     
  -122.21742155252689     
  -51.923548487270367     
   11.571029186552426     
   69.005731816950956     
   121.03956777658777     
   168.25987833996089     
   211.19013153092450     
   250.29686837129660     
   285.99589371167770     
   318.65779379975049     
   348.61285380606756     
   376.15544056399148     
   401.54790868328223     
   425.02408187159403     
   446.79235566087294     
   467.03846271149968     
   485.92793738930283     
   503.60831231984491     
   520.21107606768021     
   535.85341791839812     
   550.63978291612364     
   564.66325779125043     
   578.00680616912348     
   590.74436945037337     
   602.94184797110040     
   614.65797546245597     
   625.94509841328443     
   636.84987067758641     
   647.41387254389554     
   657.67416248130166     
   667.66376888350067     
   677.41212833605141     
   686.94547622241123     
   696.28719485187389     
   705.45812372887906     
   714.47683608078876     
   723.35988531350108     
   732.12202466522376     
   740.77640297308994     
   749.33473915032289     
   757.80747768916274     
   766.20392725298609     
