   2.5000000000000000        5.0000000000000003E-002  log
  -103593.84743608606     
  -98498.961460331077     
  -93957.773873455997     
  -89619.515270313976     
  -84333.855804945924     
  -78234.868866024888     
  -71372.335723895390     
  -63676.905171432481     
  -56743.263655172654     
  -50563.125010577802     
  -45054.546221815741     
  -40144.495869173938     
  -35767.885060106637     
  -31866.703666509580     
  -28389.250412762649     
  -25289.446631317231     
  -22526.224636118601     
  -20062.982660192552     
  -17867.099166087875     
  -15909.500082537777     
  -14164.273177095709     
  -12608.324374595461     
  -11221.071396637222     
  -9984.1706385999296     
  -8881.2737310852717     
  -7897.8107699063930     
  -7020.7977091609118     
  -6238.6656787142483     
  -5541.1095142992381     
  -4918.9511752958306     
  -4364.0124500623133     
  -3868.9953793097511     
  -3427.3782576823564     
  -3033.3345269345223     
  -2681.6675788353173     
  -2367.7497490292380     
  -2087.4623947501377     
  -1837.1395633440789     
  -1613.5172241843707     
  -1413.6883405649423     
  -1235.0632498601160     
  -1075.3346650320461     
  -932.44667891775521     
  -804.56725583396144     
  -690.06378254432116     
  -587.48131763995741     
  -495.52322971251073     
  -413.03395524634766     
  -338.98364030099646     
  -272.45445791569375     
  -212.62841706144545     
  -158.77649973456607     
  -110.24898099634363     
  -66.466802820978216     
  -26.913886823717956     
   8.8697164551446317     
   41.293932838719904     
   70.724105547313954     
   97.485844292366650     
   121.86934686004599     
   144.13325059252622     
   164.50806492131375     
   183.19923053631538     
   200.38984581151857     
   216.24309668647822     
   230.90442226302972     
   244.50344486608381     
   257.15569018912976     
   268.96412035746067     
   280.02050025799025     
   290.40661527077509     
   300.19535656453456     
   309.45168836031723     
   318.23351000063303     
   326.59242426501095     
   334.57442212850788     
   342.22049305063734     
   349.56716889378492     
   356.64700868929049     
   363.48903068431389     
   370.11909740293180     
   376.56025883134652     
   382.83305828134746     
   388.95580499087049     
   394.94481707907539     
   400.81463807994822     
   406.57822992780876     
   412.24714495561193     
   417.83167918842599     
   423.34100896625455     
   428.78331270914805     
   434.16587944038906     
   439.49520550781574     
   444.77708078673857     
   450.01666550832857     
   455.21855873295675     
   460.38685937709499     
   465.52522060357825     
   470.63689829695886     
   475.72479426719940     
   480.79149475499258     
