   2.5000000000000000        5.0000000000000003E-002  log
  -58173.298988353963     
  -53078.413012598976     
  -48537.225425723904     
  -44198.966822581882     
  -39387.224601402100     
  -35098.358144613609     
  -31275.504753088502     
  -27867.985332003820     
  -24830.632053809793     
  -22123.189158614932     
  -19709.778916343050     
  -17558.425636427037     
  -15640.631383437722     
  -13930.997754127626     
  -12406.888703244567     
  -11048.129977041926     
  -9836.7412224161071     
  -8756.6972789393567     
  -7793.7155270717431     
  -6935.0664679593756     
  -6169.4049722640011     
  -5486.6198846757334     
  -4877.6999244708259     
  -4334.6140871245880     
  -3850.2050361611232     
  -3418.0942912156288     
  -3032.5983302034920     
  -2688.6548110227886     
  -2381.7574837567686     
  -2107.8966072730827     
  -1863.5002820456843     
  -1645.3760309755751     
  -1450.6612935540106     
  -1276.7908680357255     
  -1121.4749666804621     
  -982.67674510881523     
  -858.58671708223346     
  -747.59702370951265     
  -648.27794031202870     
  -559.35726188103729     
  -479.70235856474073     
  -408.30450108803763     
  -344.26509245658866     
  -286.78351738071035     
  -235.14638366981120     
  -188.71797500650288     
  -146.93176642875366     
  -109.28287710033264     
  -75.321352651863634     
  -44.646183433498706     
  -16.899976570342396     
   8.2357905737524177     
   31.044999668570814     
   51.780660710446256     
   70.668273584818209     
   87.908832317536636     
   103.68152617657709     
   118.14620247282552     
   131.44566876052536     
   143.70791048729342     
   155.04825531251598     
   165.57139697922608     
   175.37299552506551     
   184.54038375472783     
   193.15199375527382     
   201.27578327553752     
   208.96794776444190     
   216.27340895984295     
   223.22829660426382     
   229.86314814717076     
   236.20541624484329     
   242.28079400649037     
   248.11363690653386     
   253.72694286381341     
   259.14221203662902     
   264.37933439956822     
   269.45654638860424     
   274.39045164678589     
   279.19608765592852     
   283.88702030775471     
   288.47545265310583     
   292.97233842236119     
   297.38749434443434     
   301.72970771545607     
   306.00683728159356     
   310.22590653490943     
   314.39318916462690     
   318.51428679353910     
   322.59419935206813     
   326.63738856090015     
   330.64783504626695     
   334.62908962493123     
   338.58431928483282     
   342.51634836240294     
   346.42769538523947     
   350.32060601324213     
   354.19708247496038     
   358.05890986034228     
   361.90767959718409     
   365.74481040684952     
   369.57156700547017     
