   2.5000000000000000        5.0000000000000003E-002  log
  -330696.58967474656     
  -325601.70369899157     
  -321060.51611211646     
  -316722.25750897446     
  -311436.59804360638     
  -305337.61110468535     
  -298475.07796255586     
  -290733.99435165542     
  -282095.29050056654     
  -272612.34142773162     
  -262053.50639155332     
  -251995.90034484604     
  -240810.66594644362     
  -228245.96418862176     
  -214395.66495622724     
  -199905.03449507587     
  -186786.66344401159     
  -175093.97825108134     
  -164671.93792492032     
  -155382.36194111552     
  -147102.09683849729     
  -139721.38220557474     
  -132820.97770065139     
  -123819.06610256042     
  -112825.81845325360     
  -100689.15267359444     
  -89699.510530554762     
  -79903.862333592959     
  -71172.375419965843     
  -63389.342753903758     
  -56451.642056899524     
  -50267.356381000085     
  -44754.547267818845     
  -39840.172907220483     
  -35459.131034670470     
  -31553.403013433188     
  -28071.285446520855     
  -24966.702424438630     
  -22198.592002739162     
  -19730.359718564210     
  -17529.391959126668     
  -15566.622563640840     
  -13816.146753612566     
  -12254.877164411220     
  -10862.237350935802     
  -9619.8886638562071     
  -8511.4868512401026     
  -7522.4651436631912     
  -6639.8409373373916     
  -5852.0435057869845     
  -5148.7604512964281     
  -4520.8008569956246     
  -3959.9733226427811     
  -3458.9772650231266     
  -3011.3060401215484     
  -2611.1606012403290     
  -2253.3725471341936     
  -1933.3355388987466     
  -1646.9441754404813     
  -1390.5395163580129     
  -1160.8605292930247     
  -955.00081743922453     
  -770.37005297358803     
  -604.65960462739315     
  -455.81190327461917     
  -321.99313902130780     
  -201.56892749015145     
  -93.082622396793965     
   4.7640133688184116     
   93.128034645094928     
   173.04066748074723     
   245.42099293113571     
   311.08814274761710     
   370.77216879159840     
   425.12373040564472     
   474.72272828861395     
   520.08599944223602     
   561.67417529730551     
   599.89779402336887     
   635.12274812910789     
   667.67513964021316     
   697.84560728036570     
   725.89318307466681     
   752.04872955052554     
   776.51800314574848     
   799.48438447353396     
   821.11131167344126     
   841.54444913751217     
   860.91362038929105     
   879.33453076393084     
   896.91030274834770     
   913.73284435448829     
   929.88406868322136     
   945.43698086174743     
   960.45664677754087     
   975.00105646335282     
   989.12189358987700     
   1002.8652212767889     
   1016.2720933224621     
   1029.3790989630106     
   1042.2188483892892     
