   2.5000000000000000        5.0000000000000003E-002  log
  -205790.08144348327     
  -200695.19546772828     
  -196154.00788085323     
  -191815.74927771121     
  -186530.08981234315     
  -180431.10287342212     
  -173568.56973129261     
  -165827.48612039213     
  -157188.78226930328     
  -147705.83319646836     
  -137146.99816029004     
  -127089.39211358278     
  -115904.15771518036     
  -103654.38933140811     
  -92363.868185487270     
  -82300.378610974396     
  -73330.483415370938     
  -65335.256422429688     
  -58208.704387703561     
  -51856.360637233229     
  -46194.031720075414     
  -41146.680370403097     
  -36647.429892410379     
  -32636.676738532668     
  -29061.299576515878     
  -25873.954564529988     
  -23032.447854001817     
  -20499.177310763720     
  -18240.635599556394     
  -16226.965723096295     
  -14431.559330215749     
  -12830.692582483372     
  -11403.204194347996     
  -10130.220067980998     
  -8994.9149632577446     
  -7982.2971867382639     
  -7079.0111450120239     
  -6273.1584444977889     
  -5554.1378838692790     
  -4912.5031661511712     
  -4339.8365068681132     
  -3828.6362999161802     
  -3372.2171963917854     
  -2964.6211663172930     
  -2600.5383001707828     
  -2275.2362627790617     
  -1984.4974424666896     
  -1724.5629493147269     
  -1492.0827122834874     
  -1284.0710087458590     
  -1097.8668337202514     
  -931.09858128873407     
  -781.65256849305706     
  -647.64498334911877     
  -527.39688428279726     
  -419.41191892593804     
  -322.35646639099230     
  -235.04193936492410     
  -156.40901106633484     
  -85.513557682131079     
  -21.514129685171184     
   36.339214262659119     
   88.714859025327641     
   136.20850240625714     
   179.35105997356024     
   218.61571020550394     
   254.42417345370708     
   287.15230805198945     
   317.13509783556566     
   344.67109725798423     
   370.02639309456151     
   393.43813530544122     
   415.11768391362585     
   435.25341365745544     
   454.01321363539591     
   471.54671511334897     
   487.98727705727197     
   503.45375573882342     
   518.05208189633913     
   531.87666637967141     
   545.01165293139377     
   557.53203472836924     
   569.50464949979335     
   580.98906642654549     
   592.03837659064118     
   602.69989746370970     
   613.01580078274162     
   623.02367214472497     
   632.75700974571998     
   642.24566888239394     
   651.51625811432314     
   660.59249234393269     
   669.49550749925595     
   678.24414099518663     
   686.85518169478939     
   695.34359268751962     
   703.72270984049374     
   712.00441875747379     
   720.19931249371200     
   728.31683211943982     
   736.36539199719994     
