   2.5000000000000000        5.0000000000000003E-002  log
  -158907.87886114957     
  -151501.60294585244     
  -144900.31438132122     
  -139016.47154834593     
  -133772.05289667990     
  -128965.87021090124     
  -123090.81919636606     
  -116337.01257908937     
  -108466.07724738499     
  -99801.827624299010     
  -90074.607298039904     
  -80265.489122457191     
  -71522.414744970534     
  -63729.452928377505     
  -56783.279898609289     
  -50591.808361657473     
  -45072.965668411176     
  -40153.604925426218     
  -35768.534603404223     
  -31859.653751983948     
  -28375.181306859857     
  -25268.969179737047     
  -22499.889856157417     
  -20031.290128110784     
  -17830.503495858171     
  -15868.414914948888     
  -14119.072970798541     
  -12559.345672089516     
  -11168.616036360845     
  -9928.5124096758591     
  -8822.6667745286559     
  -7836.4937266750876     
  -6956.9870067106249     
  -6172.5395029984147     
  -5472.7932207032836     
  -4848.5129115962727     
  -4291.4714182242797     
  -3794.3422473377536     
  -3350.6007766980629     
  -2954.4354928725525     
  -2600.6691386325838     
  -2284.6888543605974     
  -2002.3842476703960     
  -1750.0924163106831     
  -1524.5490844939611     
  -1322.8451341150101     
  -1142.3879114479262     
  -980.86677040986922     
  -836.22238000653203     
  -706.61937966768312     
  -590.42201426312215     
  -486.17242230661492     
  -392.57128735987732     
  -308.46059477999358     
  -232.80826434966050     
  -164.69445449351821     
  -103.29935612512996     
  -47.892314029650557     
   2.1778686424985079     
   47.491571464920199     
   88.566058091994989     
   125.86234008776410     
   159.79129431249376     
   190.71911504456656     
   218.97217318605229     
   244.84134703182113     
   268.58588206960133     
   290.43683102869642     
   310.60011982512714     
   329.25928008677937     
   346.57788451782250     
   362.70171741849310     
   377.76070916198512     
   391.87066029801326     
   405.13477816106700     
   417.64504637339485     
   429.48344541535113     
   440.72304045946669     
   451.42895090325788     
   461.65921446598082     
   471.46555731545169     
   480.89408044411590     
   489.98587140221497     
   498.77754950542408     
   507.30175175157308     
   515.58756589430016     
   523.66091642028823     
   531.54490855178676     
   539.26013483914141     
   546.82494841163964     
   554.25570651255634     
   561.56698754997092     
   568.77178454349382     
   575.88167753382959     
   582.90698724295055     
   589.85691202386204     
   596.73964991720231     
   603.56250743429553     
   610.33199651014604     
   617.05392091288172     
   623.73345325624814     
