   2.5000000000000000        5.0000000000000003E-002  log
  -147552.74174921654     
  -140146.46583391941     
  -133545.17726938819     
  -127661.33443641290     
  -122416.91578474687     
  -117610.73309896822     
  -111735.68208443305     
  -104981.87546715634     
  -97110.940135451965     
  -88446.690512365996     
  -79019.458299794234     
  -70413.220824473552     
  -62742.246300054496     
  -55904.825783777102     
  -49810.311134836840     
  -44377.912229263660     
  -39535.625031343145     
  -35219.276308778637     
  -31371.672316263543     
  -27941.840136289597     
  -24884.351571954940     
  -22158.720538604550     
  -19728.865800164218     
  -17562.631676919431     
  -15631.360149825468     
  -13909.508828301341     
  -12374.310563685160     
  -11005.471517571566     
  -9784.9044055797258     
  -8696.4923471715538     
  -7725.8770177809693     
  -6860.2641885564826     
  -6088.2439114625631     
  -5399.6316055386815     
  -4785.3368420481056     
  -4237.2537861164046     
  -3748.1615707429310     
  -3311.6303041636234     
  -2921.9342729584500     
  -2573.9738781374522     
  -2263.2063107215172     
  -1985.5841708416629     
  -1737.5010764844878     
  -1515.7433903790848     
  -1317.4473191725149     
  -1140.0607505542305     
  -981.30928355593983     
  -839.16597890645426     
  -711.82441494082173     
  -597.67468373019744     
  -495.28200416979433     
  -403.36766527202929     
  -320.79204489365765     
  -246.53947731069817     
  -179.70476799012630     
  -119.48117602189407     
  -65.149704319005835     
  -16.069555161064532     
   28.330375800463578     
   68.559080120724602     
   105.07019244829458     
   138.26801147125906     
   168.51286589824633     
   196.12589674154074     
   221.39331941051935     
   244.57022221049846     
   265.88395168219171     
   285.53712972810553     
   303.71034258109910     
   320.56453731182000     
   336.24315768771970     
   350.87404773515158     
   364.57114827157932     
   377.43600892614637     
   389.55913571721283     
   401.02119207238349     
   411.89406923100620     
   422.24184023525595     
   432.12161017069525     
   441.58427394008459     
   450.67519162691059     
   459.43479041130729     
   467.89910102623242     
   476.10023587298423     
   484.06681514087103     
   491.82434658578461     
   499.39556400743101     
   506.80072891686001     
   514.05789939744147     
   521.18316972707169     
   528.19088394137793     
   535.09382617187896     
   541.90339028485187     
   548.62973107197581     
   555.28189899901065     
   561.86796030058576     
   568.39510401471387     
   574.86973737734070     
   581.29757084277651     
   587.68369385819744     
   594.03264239770874     
