   2.5000000000000000        5.0000000000000003E-002  log
  -340590.07265207794     
  -333183.79673678085     
  -326582.50817224960     
  -320698.66533927433     
  -315454.24668760831     
  -310648.06400182965     
  -304773.01298729447     
  -298019.20637001772     
  -290148.27103831340     
  -281484.02141522738     
  -271756.80108896829     
  -260962.35555086471     
  -249855.58730446489     
  -238456.47542445199     
  -225347.73144401176     
  -210859.14958784604     
  -195605.41268923986     
  -181717.05608454312     
  -169338.04678179705     
  -158304.24731002352     
  -148469.37145787719     
  -139703.04334071188     
  -131889.06735388274     
  -124625.08027678644     
  -115186.50138988782     
  -103768.31336993043     
  -92442.694571289147     
  -82347.601931068246     
  -73349.221008501743     
  -65328.292986355744     
  -58178.534192223109     
  -51805.221844750718     
  -46123.927096626016     
  -41059.387204406354     
  -36544.510765990781     
  -32519.498524581319     
  -28931.057802392643     
  -25731.697163077311     
  -22879.094753084137     
  -20335.534629199192     
  -18067.404635055267     
  -16044.749287652796     
  -14240.871601582985     
  -12631.978417636547     
  -11196.864424224686     
  -9916.6306136857747     
  -8774.4333991256099     
  -7755.2610400912672     
  -6845.7343963950398     
  -6033.9293561989271     
  -5309.2185731200561     
  -4662.1304034746099     
  -4084.2231650093968     
  -3567.9730481939014     
  -3106.6742034943618     
  -2694.3497023361920     
  -2325.6722218216955     
  -1995.8934290452501     
  -1700.7811376707994     
  -1436.5633807909753     
  -1199.8786023569880     
  -987.73123417174622     
  -797.45201241896461     
  -626.66249476203552     
  -473.24334359617910     
  -335.30601687433813     
  -211.16754606357179     
  -99.328093644905877     
   1.5490094150359808     
   92.655029057372005     
   175.05165176997505     
   249.68508904293685     
   317.39865360730568     
   378.94397205400452     
   434.99097812970786     
   486.13681554172121     
   532.91376663553513     
   575.79631236477314     
   615.20741876065074     
   651.52413539028464     
   685.08258212848807     
   716.18239209294109     
   745.09067090823180     
   772.04552560084323     
   797.25921035561441     
   820.92093101901082     
   843.19934553508278     
   864.24479336466061     
   884.19128329215187     
   903.15826580173109     
   921.25221334993785     
   938.56802932768244     
   955.19030425170013     
   971.19443571995896     
   986.64762687863504     
   1001.6097765551958     
   1016.1342727912722     
   1030.2687002414220     
   1044.0554707729125     
   1057.5323855924826     
   1070.7331363255992     
