   2.5000000000000000        5.0000000000000003E-002  log
  -306524.66131627891     
  -299118.38540098176     
  -292517.09683645051     
  -286633.25400347525     
  -281388.83535180922     
  -276582.65266603057     
  -270707.60165149538     
  -263953.79503421870     
  -256082.85970251431     
  -247418.61007942833     
  -237691.38975316921     
  -226896.94421506565     
  -215790.17596866583     
  -204391.06408865293     
  -191282.32010821271     
  -176793.73825204698     
  -161540.00135344081     
  -147651.64474874406     
  -135272.63544599799     
  -124238.83597422446     
  -114403.96012207810     
  -105637.63200491283     
  -97823.656018083682     
  -90559.668940987365     
  -81373.619499310982     
  -72487.553333698495     
  -64566.803661351558     
  -57506.397725651404     
  -51212.778076919290     
  -45602.564978994305     
  -40601.452024134931     
  -36143.216198120273     
  -32168.829097830967     
  -28625.666149540539     
  -25466.812241145213     
  -22650.450253235074     
  -20139.314104841527     
  -17900.196079065157     
  -15903.504700712852     
  -14122.869988225133     
  -12534.791884203330     
  -11118.327323340101     
  -9854.8116459497087     
  -8727.6105106591003     
  -7721.8989089938832     
  -6824.4642844452956     
  -6023.5311051524650     
  -5308.6045400228568     
  -4670.3311508617317     
  -4100.3747441779606     
  -3591.3057305492125     
  -3136.5025204509648     
  -2730.0636462315892     
  -2366.7294428905093     
  -2041.8122475579967     
  -1751.1341908704551     
  -1490.9717543440941     
  -1258.0063577449807     
  -1049.2803205472740     
  -862.15761293887510     
  -694.28887542925281     
  -543.58024278648520     
  -408.16555853471050     
  -286.38161125142989     
  -176.74606401512099     
  -77.937784100645970     
   11.220688121966967     
   91.778763737358588     
   164.67173063136704     
   230.73316443086830     
   290.70598973506804     
   345.25233842401383     
   394.96233586600766     
   440.36193161785235     
   481.91987853157849     
   520.05395288014574     
   555.13649804258137     
   587.49936531241383     
   617.43831739293671     
   645.21695301260547     
   671.07020473910222     
   695.20745640694497     
   717.81532152581440     
   739.06011953803045     
   759.09008278411591     
   778.03732346194465     
   796.01958668014868     
   813.14181286799112     
   829.49753027413976     
   845.17009603211352     
   860.23380226071538     
   874.75486187683350     
   888.79228720182869     
   902.39867302014591     
   915.62089448091228     
   928.50072910329266     
   941.07541113926777     
   953.37812564991839     
   965.43844885132830     
   977.28274057324279     
   988.93449403818670     
