   2.5000000000000000        5.0000000000000003E-002  log
  -113084.19751387477     
  -105721.81782430588     
  -97560.016076879474     
  -89414.550695834201     
  -82154.403258481208     
  -75683.297869972404     
  -69915.428447092781     
  -64397.879431543864     
  -57824.461724499626     
  -51526.184684833861     
  -45912.288904067471     
  -40908.348284806169     
  -36448.030249635383     
  -32472.215753018128     
  -28928.215013151221     
  -25769.068517324107     
  -22952.923990220148     
  -20442.481034280841     
  -18204.496066893345     
  -16209.341001547869     
  -14430.609857314925     
  -12844.768135965594     
  -11430.840377216102     
  -10170.131791351130     
  -9045.9802910147464     
  -8043.5356359570960     
  -7149.5628085906892     
  -6352.2671701876661     
  -5641.1393384677885     
  -5006.8178264759499     
  -4440.9667632647233     
  -3936.1641349410115     
  -3485.7951595293471     
  -3083.9515969648774     
  -2725.3479280833335     
  -2405.2601196721575     
  -2119.4761529017924     
  -1864.2469732188079     
  -1636.2371047411707     
  -1432.4782968915247     
  -1250.3280245127119     
  -1087.4329360793815     
  -941.69670226710411     
  -811.25164879967133     
  -694.43364696417734     
  -589.75983404235876     
  -495.90881309430802     
  -411.70303833640338     
  -336.09313494165025     
  -268.14393532590549     
  -207.02204096237995     
  -151.98474135418343     
  -102.37014112221922     
  -57.588362946779000     
  -17.113708810110825     
   19.522325041314552     
   52.737272512370417     
   82.903244358487981     
   110.35187101526350     
   135.37870734515394     
   158.24715791252240     
   179.19197500812027     
   198.42237595206009     
   216.12482113356359     
   232.46548972815984     
   247.59248600807297     
   261.63780557547653     
   274.71908765321120     
   286.94117672081006     
   298.39751424725358     
   309.17137901193024     
   319.33699249165329     
   328.96050399740358     
   338.10086864580103     
   346.81062982581960     
   355.13661655196563     
   363.12056496410207     
   370.79967222625351     
   378.20709017863584     
   385.37236529685509     
   392.32183079905644     
   399.07895610627907     
   405.66465829492853     
   412.09757967557800     
   418.39433518253941     
   424.56973285782226     
   430.63697035589382     
   436.60781007731731     
   442.49273525564570     
   448.30108906911585     
   454.04119862336404     
   459.72048545056981     
   465.34556399147056     
   470.92232936719040     
   476.45603560567946     
   481.95136536087455     
   487.41249204978590     
   492.84313523209067     
   498.24660996713345     
   503.62587080330871     
   508.98355098356734     
