   2.5000000000000000        5.0000000000000003E-002  log
  -204485.91734223659     
  -196552.31640910252     
  -188747.59464864901     
  -180015.38092478670     
  -171546.07775674234     
  -163997.27648462591     
  -157268.87504648915     
  -151271.65749122604     
  -145362.11440765168     
  -138203.22404095731     
  -129900.35805209550     
  -120370.86097681969     
  -109756.65468179120     
  -98146.762882563635     
  -87455.074851562968     
  -77925.298356624364     
  -69431.075995041232     
  -61859.791574141891     
  -55111.075858092940     
  -49095.474789565509     
  -43733.262511735185     
  -38953.383442111408     
  -34692.509369565254     
  -30894.199081648589     
  -27508.149399854530     
  -24489.527728586523     
  -21798.377341929030     
  -19399.087676591887     
  -17259.922870341161     
  -15352.602553856472     
  -13651.929038810847     
  -12135.453818470844     
  -10783.174323214518     
  -9577.2549246755461     
  -8501.7787004791699     
  -7542.5405197381688     
  -6686.8737679661817     
  -5923.4931587629317     
  -5242.3472959378223     
  -4634.4833494978038     
  -4091.9257419998844     
  -3607.5684553488159     
  -3175.0795732302154     
  -2788.8165735875514     
  -2443.7510557531614     
  -2135.4017807820292     
  -1859.7750652446091     
  -1613.3116974905022     
  -1392.8396496324153     
  -1195.5319452521003     
  -1018.8691167186425     
  -860.60574996522007     
  -718.74067051414102     
  -591.49037380654875     
  -477.26534646823819     
  -374.64896379261063     
  -282.37868306539110     
  -199.32928290915936     
  -124.49792602773108     
  -56.990846959880351     
   3.9885119603654222     
   59.150074002577568     
   109.12655121995053     
   154.48184255386980     
   195.71851838977574     
   233.28449095575621     
   267.57895914025539     
   298.95770666698712     
   327.73782397564594     
   354.20191650225121     
   378.60185523126086     
   401.16211931230731     
   422.08277511674316     
   441.54213128113594     
   459.69910498222811     
   476.69533085349946     
   492.65704053634840     
   507.69673781363593     
   521.91469155942798     
   535.40026632015929     
   548.23310818698621     
   560.48420169815211     
   572.21681179823395     
   583.48732335543332     
   594.34598937833960     
   604.83759786178655     
   615.00206611142460     
   624.87497043412509     
   634.48801822351300     
   643.86946870541590     
   653.04450792666682     
   662.03558296345034     
   670.86269978418704     
   679.54368871961924     
   688.09444106288140     
   696.52911993922555     
   704.86034824361468     
   713.09937614008254     
   721.25623034553871     
   729.33984717897658     
   737.35819114160540     
