   2.5000000000000000        5.0000000000000003E-002  log
  -2076.3993205064994     
  -1849.6860913137409     
  -1647.5343715530221     
  -1467.2733185381990     
  -1306.5225285213237     
  -1163.1604253189303     
  -1035.2961000524933     
  -921.24423550068741     
  -819.50278091551183     
  -728.73307030974559     
  -647.74210381209559     
  -575.46674103433656     
  -510.95958797422685     
  -453.37639211773859     
  -401.96478963167675     
  -356.05427009579444     
  -315.04723712687797     
  -278.41104950712599     
  -245.67093089351076     
  -216.40364131046374     
  -190.23181445145624     
  -166.81888353428840     
  -145.86454381792410     
  -127.10072689636266     
  -110.28808472396747     
  -95.213000175548643     
  -81.685169023079666     
  -69.535857669443715     
  -58.617027977351555     
  -48.801509940249822     
  -39.983867215268589     
  -32.079803797536933     
  -25.019491554028331     
  -18.732800444978864     
  -13.136509380352781     
  -8.1372282728975378     
  -3.6451600053880835     
  0.41635952329878745     
   4.1096694835550576     
   7.4856196462364721     
   10.586822628211593     
   13.450251446109307     
   16.109362173005579     
   18.596177927220701     
   20.943366903486911     
   23.185181018447533     
   25.354761760009279     
   27.476608441436639     
   29.559056874912805     
   31.594876256176292     
   33.569973238450515     
   35.472042033983350     
   37.294206937542860     
   39.034780304033823     
   40.695694940926309     
   42.281008716964941     
   43.795849464819696     
   45.245757461288029     
   46.636301259302513     
   47.972863438136407     
   49.260527729681328     
   50.504025693014071     
   51.707718155274961     
   52.875596812541957     
   54.011297325176884     
   55.118118707859473     
   56.199045858041714     
   57.256773291671031     
   58.293728903639909     
   59.312097036620251     
   60.313840437220883     
   61.300720867920937     
   62.274318265849672     
   63.236048418923424     
   64.187179180921859     
   65.128845279246548     
   66.062061788527274     
   66.987736354029195     
   67.906680253744952     
   68.819618389034815     
   69.727198292026998     
   70.629998234633263     
   71.528534519620621     
   72.423268029164277     
   73.314610101008682     
   74.202927797004889     
   75.088548623522144     
   75.971764758153512     
   76.852836832309691     
   77.731997314762282     
   78.609453536975082     
   79.485390397155072     
   80.359972776360806     
   81.233347696713409     
   82.105646248752123     
   82.976985312243599     
   83.847469092275873     
   84.717190490224496     
   85.586232327151649     
   86.454668435371403     
   87.322564632268453     
