   2.5000000000000000        5.0000000000000003E-002  log
  -113957.39893053019     
  -106378.03251878990     
  -97912.764237324402     
  -89464.971949102473     
  -80200.958480936853     
  -71471.411616597485     
  -63690.631377003985     
  -56755.440288048696     
  -50573.881346394635     
  -45063.997837389514     
  -40152.745889212034     
  -35775.025355266458     
  -31872.816177294248     
  -28394.408751163508     
  -25293.718011582951     
  -22529.671995473600     
  -20065.666581320111     
  -17869.079013645034     
  -15910.833800455035     
  -14165.015607321535     
  -12608.524630776925     
  -11220.770313674948     
  -9983.3992233887202     
  -8880.0529268702630     
  -7896.1521084913948     
  -7018.7038533035966     
  -6236.1296568108246     
  -5538.1122052117753     
  -4915.4593232106863     
  -4359.9836276088099     
  -3864.3959543277128     
  -3422.2089477118116     
  -3027.6451586224889     
  -2675.5470214435609     
  -2361.2974264220288     
  -2080.7624395528746     
  -1830.2507123586838     
  -1606.4750755226125     
  -1406.5116604339328     
  -1227.7597186387845     
  -1067.9049695157098     
  -924.88719069768899     
  -796.87174190942142     
  -682.22449629661355     
  -579.48969939715482     
  -487.37036116562246     
  -404.71085764171903     
  -330.48147232289904     
  -263.76464792953254     
  -203.74275119690330     
  -149.68717920962587     
  -100.94865722502320     
  -56.948595971889304     
  -17.171391801717640     
   18.842433649323318     
   51.502346058783196     
   81.173244890936843     
   108.18031639233801     
   132.81335781128575     
   155.33063048162029     
   175.96229312743355     
   194.91346114820834     
   212.36693265647733     
   228.48561759527212     
   243.41470230139547     
   257.28357835053663     
   270.20756137481226     
   282.28942274081243     
   293.62075447945955     
   304.28318563472362     
   314.34946621680086     
   323.88443318028709     
   332.94587127553143     
   341.58528022069640     
   349.84855839430185     
   357.77661213648145     
   365.40589875693308     
   372.76891046534394     
   379.89460565409746     
   386.80879326281348     
   393.53447533036422     
   400.09215228411085     
   406.50009502079041     
   412.77458739213881     
   418.93014231507152     
   424.97969437581662     
   430.93477148512898     
   436.80564786345485     
   442.60148038694854     
   448.33043010427349     
   453.99977053720119     
   459.61598420253648     
   465.18484863651128     
   470.71151306341989     
   476.20056672606648     
   481.65609978490653     
   487.08175759411932     
   492.48078907493414     
   497.85608982818439     
   503.21024055823960     
   508.54554131823238     
