   2.5000000000000000        5.0000000000000003E-002  log
  -170733.08449019532     
  -163153.71807845501     
  -154688.44979698953     
  -146240.65750876759     
  -136976.64404060197     
  -128247.09717626260     
  -120466.31693666910     
  -113531.12584771382     
  -107349.56690605976     
  -100982.96798941409     
  -93162.233950931288     
  -84129.098262152736     
  -74964.980907205943     
  -66796.736379492519     
  -59516.067420951498     
  -53026.455393334545     
  -47241.879273865263     
  -42085.673447457593     
  -37489.509182173948     
  -33392.486656660651     
  -29740.326110657963     
  -26484.647821277675     
  -23582.331235855436     
  -20994.944202374994     
  -18688.234182469609     
  -16631.674482968894     
  -14798.059603087544     
  -13163.144653921236     
  -11705.324495797711     
  -10405.348679372652     
  -9246.0680724867507     
  -8212.2076136823725     
  -7290.1578027807827     
  -6467.7807513287771     
  -5734.2381302963895     
  -5079.8513381616667     
  -4495.9873363210872     
  -3974.9546694969472     
  -3509.9041450840937     
  -3094.7365659361567     
  -2724.0196557524650     
  -2392.9142755918042     
  -2097.1090731751260     
  -1832.7625497513106     
  -1596.4516285843911     
  -1385.1259418067580     
  -1196.0671658291876     
  -1026.8528266388323     
  -875.32407051841312     
  -739.55695758865647     
  -617.83688812608943     
  -508.63581680783005     
  -410.59194925866024     
  -322.49164954637166     
  -243.25331737943600     
  -171.91302032861009     
  -107.61168991700839     
  -49.583711301991208     
   2.8532451641830292     
   50.307285684605610     
   93.320368551289704     
   132.37550082113765     
   167.90315180705684     
   200.28696864176152     
   229.86886988944013     
   256.95358490800049     
   281.81269929245201     
   304.68826016041481     
   325.79598918657638     
   345.32814607636232     
   363.45608052077768     
   380.33250653243874     
   396.09352937209582     
   410.86045198628159     
   424.74138494628568     
   437.83268126741103     
   450.22021516061665     
   461.98052169519826     
   473.18181250348357     
   483.88488101201756     
   494.14390921646452     
   504.00718670992762     
   513.51775150918138     
   522.71396118492987     
   531.63000187682735     
   540.29634194932339     
   548.74013630946251     
   556.98558675279378     
   565.05426311984809     
   572.96538952543438     
   580.73609945940507     
   588.38166314436694     
   595.91569016759217     
   603.35031007621205     
   610.69633333230763     
   617.96339476385140     
   625.16008141514874     
   632.29404649338983     
   639.37211092340237     
   646.40035385824854     
   653.38419334674006     
