   2.5000000000000000        5.0000000000000003E-002  log
  -2224.5028639894099     
  -1981.4208101699553     
  -1764.6797731401175     
  -1571.4151448014993     
  -1399.0737829141583     
  -1245.3800964536097     
  -1108.3058083106607     
  -986.04300574404908     
  -876.98013959569050     
  -779.68067903570977     
  -692.86416844097243     
  -615.38946231829107     
  -546.23992461134844     
  -484.51036235996833     
  -429.39541974836527     
  -380.17910063824729     
  -336.22505355652800     
  -296.96731403710561     
  -261.90143195995677     
  -230.57628434583620     
  -202.58713253728959     
  -177.57031284187318     
  -155.19940635784542     
  -135.18229474558061     
  -117.25851752312494     
  -101.19666571609078     
  -86.791868808926012     
  -73.863636128585668     
  -62.254423819303767     
  -51.829229853339008     
  -42.475867934318217     
  -34.103732974943227     
  -26.636683137069866     
  -19.998550882622258     
  -14.101014635955016     
  -8.8462832758179744     
  -4.1399354874905452     
   9.9877895021283941E-002
   3.9408846850927386     
   7.4390563522823445     
   10.641569349749116     
   13.589273837659215     
   16.318760451939099     
   18.864460208483703     
   21.260984323132323     
   23.544822077709465     
   25.752664764567346     
   27.913778309373619     
   30.040233291223586     
   32.125263898481812     
   34.152505225728540     
   36.106770463433243     
   37.979033771363248     
   39.766395263776317     
   41.470259950255524     
   43.094566861195979     
   44.644548024679935     
   46.125962454983409     
   47.544651156472334     
   48.906288625918116     
   50.216250412780298     
   51.479548607278474     
   52.700807102248810     
   53.884260124429858     
   55.033764228834876     
   56.152817829638145     
   57.244584630141169     
   58.311918696663092     
   59.357389775875482     
   60.383307994949170     
   61.391747430753739     
   62.384568259853154     
   63.363437348433642     
   64.329847237451872     
   65.285133540322548     
   66.230490809536946     
   67.166986952132191     
   68.095576286923702     
   69.017111342288118     
   69.932353494401696     
   70.841982543832103     
   71.746605324389350     
   72.646763432951445     
   73.542940163142845     
   74.435566719631908     
   75.325027783683169     
   76.211666494621696     
   77.095788906144151     
   77.977667971014796     
   78.857547102644233     
   79.735643357383239     
   80.612150277068949     
   81.487240427430066     
   82.361067664372754     
   83.233769156911734     
   84.105467192558990     
   84.976270788314068     
   85.846277127991158     
   86.715572844449142     
   87.584235163338420     
   88.452332923225242     
