   2.5000000000000000        5.0000000000000003E-002  log
  -46685.261768075987     
  -41604.432167373699     
  -37075.762413297307     
  -33039.205640529726     
  -29441.245024055799     
  -26234.183643585424     
  -23375.511575296703     
  -20827.341814589130     
  -18555.907550325137     
  -16531.114131240374     
  -14726.139798161581     
  -13117.079905753109     
  -11682.629924901366     
  -10403.803001268972     
  -9263.6782510173125     
  -8247.1763151469986     
  -7340.8590049131753     
  -6532.7502241528227     
  -5812.1758353559226     
  -5169.6207285400878     
  -4596.6018156609762     
  -4085.5557009057534     
  -3629.7394214071674     
  -3223.1423861826852     
  -2860.4078035526145     
  -2536.7623416894871     
  -2247.9532072649640     
  -1990.1921334284573     
  -1760.1059641041463     
  -1554.6935224320762     
  -1371.2878555986192     
  -1207.5211580741993     
  -1061.2875336346945     
  -930.70169164337199     
  -814.06294049250027     
  -709.83660658502095     
  -616.64793472056760     
  -533.27442151373975     
  -458.63233380214098     
  -391.76094557653022     
  -331.80764775777629     
  -278.01493411220196     
  -229.70921134046944     
  -186.29113679483012     
  -147.22720840802211     
  -112.04239444672780     
  -80.313642067420304     
  -51.664139462625485     
  -25.758231274707775     
  -2.2969048728301842     
   18.986221531912324     
   38.328467669595852     
   55.941267519976968     
   72.012997233617099     
   86.711493359821034     
   100.18629553534245     
   112.57064389675136     
   123.98325809745722     
   134.52992184092588     
   144.30489421653567     
   153.39216679414588     
   161.86658335990504     
   169.79483732874954     
   177.23636022305652     
   184.24411314014381     
   190.86529182449016     
   197.14195479653526     
   203.11158295336190     
   208.80757813369320     
   214.25970731811108     
   219.49449840416386     
   224.53559284518721     
   229.40405986238528     
   234.11867642412608     
   238.69617672747688     
   243.15147450849165     
   247.49786114409784     
   251.74718218466819     
   255.90999466810283     
   259.99570730957538     
   264.01270543253480     
   267.96846230300889     
   271.86963834797507     
   275.72216957710367     
   279.53134638336184     
   283.30188376985643     
   287.03798393617473     
   290.74339205581225     
   294.42144598570343     
   298.07512056817279     
   301.70706711372702     
   305.31964858904507     
   308.91497097744428     
   312.49491122823952     
   316.06114216608961     
   319.61515469104216     
   323.15827756399949     
   326.69169504025922     
   330.21646258520667     
   333.73352088076655     
   337.24370830852916     
