   2.5000000000000000        5.0000000000000003E-002  log
  -341060.14116919070     
  -333480.77475745039     
  -325015.50647598488     
  -316567.71418776293     
  -307303.70071959734     
  -298574.15385525796     
  -290793.37361566449     
  -283858.18252670916     
  -277676.62358505512     
  -271310.02466840943     
  -263489.29062992666     
  -254456.15494114810     
  -244356.67386724686     
  -232921.92807674196     
  -220326.73258065796     
  -207833.27851790292     
  -193599.28153983114     
  -177771.85115369756     
  -161144.18197855022     
  -146058.43884182037     
  -132612.16383573215     
  -120627.06493916213     
  -109944.23714176881     
  -100422.05528500985     
  -91934.295966643229     
  -83844.628586507853     
  -74685.354949395536     
  -66520.970252958054     
  -59243.284549621829     
  -52755.878598772317     
  -46972.826510635983     
  -41817.555874009740     
  -37221.825868249070     
  -33124.808389284182     
  -29472.269907738875     
  -26215.855809072127     
  -23312.463021793883     
  -20723.678641478833     
  -18415.272955148175     
  -16356.743851185944     
  -14520.909932877239     
  -12883.548137308086     
  -11423.071171773994     
  -10120.240339412532     
  -8957.9097962263913     
  -7920.7987451525014     
  -6995.2884811074064     
  -6169.2415548455065     
  -5431.8406318593898     
  -4773.4448931427596     
  -4185.4620632107226     
  -3660.2343617658489     
  -3190.9368623863438     
  -2771.4869075783395     
  -2396.4633770156847     
  -2061.0347369672286     
  -1760.8949156674332     
  -1492.2061533588974     
  -1251.5480683565154     
  -1035.8722630102357     
  -842.46186698662302     
  -668.89548083149828     
  -513.01504118941034     
  -372.89718111651359     
  -246.82770532248540     
  -133.27884152987190     
  -30.888965994240426     
   61.555465925304240     
   145.13602398246306     
   220.81665579536374     
   289.45647863115357     
   351.82117999990356     
   408.59317836702161     
   460.38067883520642     
   507.72574397920988     
   551.11148694452572     
   590.96848227097814     
   627.68047951933909     
   661.58949552567265     
   693.00035286121977     
   722.18472472578696     
   749.38473995220522     
   774.81619596150335     
   798.67142230549848     
   821.12183279645831     
   842.32020009078724     
   862.40268291047175     
   881.49063280338862     
   899.69220441797017     
   917.10379066029543     
   933.81130177783098     
   949.89130534292917     
   965.41204226332798     
   980.43433230177516     
   995.01238112069814     
   1009.1944995610884     
   1023.0237447001380     
   1036.5384911941844     
   1049.7729404884292     
   1062.7575746504042     
   1075.5195608493352     
