   2.5000000000000000        5.0000000000000003E-002  log
  -352415.27828112373     
  -344835.91186938342     
  -336370.64358791790     
  -327922.85129969596     
  -318658.83783153037     
  -309929.29096719099     
  -302148.51072759752     
  -295213.31963864219     
  -289031.76069698815     
  -282665.16178034246     
  -274844.42774185969     
  -265811.29205308110     
  -255711.81097917989     
  -244277.06518867498     
  -231681.86969259099     
  -219188.41562983594     
  -204954.41865176416     
  -189126.98826563059     
  -172499.31909048324     
  -157413.57595375340     
  -143967.30094766515     
  -131982.20205109514     
  -121299.37425370184     
  -111777.19239694286     
  -103289.43307857626     
  -95199.765698440882     
  -85129.469206843249     
  -75828.200990339479     
  -67537.235482699281     
  -60146.711655175794     
  -53558.723611712339     
  -47686.021749267115     
  -42450.849189952743     
  -37783.896634754390     
  -33623.371681344594     
  -29914.182862573274     
  -26607.222880742498     
  -23658.727559186402     
  -21029.697858521602     
  -18685.381000499769     
  -16594.807177782215     
  -14730.376902932481     
  -13067.493641722882     
  -11584.236707960354     
  -10261.069932140608     
  -9080.5821373500276     
  -8027.2559154647797     
  -7087.2615963732906     
  -6248.2736521338147     
  -5499.3070849268261     
  -4830.5716186391137     
  -4233.3417537893802     
  -3699.8409582315435     
  -3223.1384549772310     
  -2797.0572364051650     
  -2416.0920835232901     
  -2075.3365019452795     
  -1770.4176046896775     
  -1497.4380774309193     
  -1252.9244558557175     
  -1033.7810285682581     
  -837.24875366211359     
  -660.86864362951292     
  -502.44913259354774     
  -360.03699271319715     
  -231.89141372595287     
  -116.46090158334434     
  -12.362689557878802     
   81.635611447577674     
   166.63236693247612     
   243.60649422679526     
   313.43045275899306     
   376.88182156690613     
   434.65361770268356     
   487.36349247058996     
   535.56192754220945     
   579.73953971944525     
   620.33359128547465     
   657.73379234040760     
   692.28747212180883     
   724.30418793572255     
   754.05983286020466     
   781.80029673151580     
   807.74472899477962     
   832.08844671733357     
   855.00552635408735     
   876.65111365743144     
   897.16348238390231     
   916.66586911627530     
   935.26810854876214     
   953.06809093511254     
   970.15306103951741     
   986.60077582695749     
   1002.4805362551258     
   1017.8541068594009     
   1032.7765353333834     
   1047.2968829804731     
   1061.4588757292481     
   1075.3014843513147     
   1088.8594415808368     
   1102.1637029976644     
