   2.5000000000000000        5.0000000000000003E-002  log
  -1065.6800308717134     
  -949.13154071332417     
  -845.19498849970932     
  -752.49883767189669     
  -669.82070451303366     
  -596.07113678923258     
  -530.27915467312266     
  -471.57936079123107     
  -419.20044720567876     
  -372.45494684316037     
  -330.73009560010257     
  -293.47968856873825     
  -260.21682847158530     
  -230.50747554005997     
  -203.96471564542335     
  -180.24366844590921     
  -159.03696129447255     
  -140.07069933160085     
  -123.10086866257566     
  -107.91011798021712     
  -94.304873826257577     
  -82.112754901111359     
  -71.180260483779904     
  -61.370716232841268     
  -52.562466697986800     
  -44.647308612020090     
  -37.529167265614419     
  -31.123037573490514     
  -25.354239377849172     
  -20.158034361705983     
  -15.479521466382929     
  -11.273342777150720     
  -7.5021459710749339     
  -4.1326507829151131     
  -1.1297986062064720     
   1.5476738476526557     
   3.9467821434956347     
   6.1156997810546754     
   8.0988038085069416     
   9.9336781191623409     
   11.649927446649842     
   13.269076936214519     
   14.805339491784139     
   16.267209439399331     
   17.659512113281103     
   18.985304095384052     
   20.247196465818806     
   21.448034186653643     
   22.591101843567760     
   23.680072143217977     
   24.718857178824123     
   25.711450524356632     
   26.661796890616515     
   27.573698199946683     
   28.450752821899769     
   29.296320943099317     
   30.113508957405308     
   30.905166959009119     
   31.673894839358709     
   32.422053735321377     
   33.151780552693879     
   33.865004011640337     
   34.563461177895270     
   35.248713806505442     
   35.922164076043671     
   36.585069463120739     
   37.238556623397507     
   37.883634223082595     
   38.521204715993022     
   39.152075093960825     
   39.776966658464914     
   40.396523872864385     
   41.011322360290563     
   41.621876114050927     
   42.228643986648002     
   42.832035521145556     
   43.432416185264024     
   44.030112064693810     
   44.625414067978681     
   45.218581691140763     
   45.809846386125642     
   46.399414573223638     
   46.987470333921074     
   47.574177817180498     
   48.159683388951422     
   48.744117551774224     
   49.327596658651558     
   49.910224442913822     
   50.492093383582606     
   51.073285923724733     
   51.653875557472233     
   52.233927799745885     
   52.813501051245296     
   53.392647369943482     
   53.971413159133775     
   54.549839781009432     
   55.127964103799698     
   55.705818989629137     
   56.283433729499791     
   56.860834431109893     
   57.438044364608821     
