   2.5000000000000000        5.0000000000000003E-002  log
  -6524.0738968203259     
  -5812.9670616029034     
  -5179.0359251216005     
  -4613.8877025399916     
  -4110.0423164990580     
  -3660.8331410352594     
  -3260.3185395044065     
  -2903.2030226733141     
  -2584.7669807950292     
  -2300.8040572549544     
  -2047.5653327742054     
  -1821.7095795284883     
  -1620.2589250848828     
  -1440.5593378439060     
  -1280.2454096526858     
  -1137.2089682759677     
  -1009.5711032321427     
  -895.65723379959104     
  -793.97488839585037     
  -703.19390064372919     
  -622.12875995832508     
  -549.72288422837937     
  -485.03460984898015     
  -427.22472014766583     
  -375.54535665975391     
  -329.33017924958909     
  -287.98566511134203     
  -250.98347070528260     
  -217.85382268328382     
  -188.17991565061396     
  -161.59317765298940     
  -137.76889016127041     
  -116.42106780476544     
  -97.295399403754899     
  -80.160668982219576     
  -64.801914547769812     
  -51.018664005439689     
  -38.627354123181398     
  -27.463965039587176     
  -17.384425772993726     
  -8.2630427894586340     
   9.8718603454650434E-003
   7.5303537183881524     
   14.382808602001427     
   20.641669457512201     
   26.372745347207477     
   31.634332231920766     
   36.478142436965328     
   40.950094286009751     
   45.090991244840978     
   48.937111476092376     
   52.520723080338307     
   55.870536563608702     
   59.012103546522091     
   61.968168970812471     
   64.758982787263349     
   67.402576154570411     
   69.915006436901592     
   72.310574694019110     
   74.602018870647669     
   76.800685484521395     
   78.916682267183162     
   80.959013915561769     
   82.935702856518262     
   84.853896704125333     
   86.719963895169172     
   88.539578818078667     
   90.317797600818139     
   92.059125591445039     
   93.767577448705467     
   95.446730657246832     
   97.099773191088616     
   98.729545968461863     
   100.33858066975549     
   101.92913342700759     
   103.50321483720545     
   105.06261670178074     
   106.60893585038076     
   108.14359536762541     
   109.66786350655997     
   111.18287054139238     
   112.68962378442291     
   114.18902096744776     
   115.68186216600510     
   117.16886042532967     
   118.65065122952198     
   120.12780093998434     
   121.60081431541472     
   123.07014121339748     
   124.53618256271712     
   125.99929568580365     
   127.45979904206126     
   128.91797645512179     
   130.37408088019558     
   131.82833776157358     
   133.28094802488269     
   134.73209074383973     
   136.18192551692172     
   137.63059458551467     
   139.07822472166760     
   140.52492891051622     
