   2.5000000000000000        5.0000000000000003E-002  log
  -102526.29809537956     
  -95450.947579007974     
  -87284.916526946821     
  -78276.985846579890     
  -69757.783615884575     
  -62164.504527192730     
  -55396.455307451215     
  -49363.892982587677     
  -43986.834042769209     
  -39193.993109822004     
  -34921.837023573440     
  -31113.741795417060     
  -27719.241242386499     
  -24693.357331568939     
  -21996.003348935435     
  -19591.451973001047     
  -17447.861194976125     
  -15536.851794662622     
  -13833.130765492173     
  -12314.155691953329     
  -10959.835626520344     
  -9752.2644986726118     
  -8675.4835224533090     
  -7715.2694568057668     
  -6858.9459189768759     
  -6095.2152603683635     
  -5414.0087945335090     
  -4806.3534294486626     
  -4264.2530017571034     
  -3780.5828039081789     
  -3348.9958398582307     
  -2963.8391149999038     
  -2620.0778129091609     
  -2313.2252222749503     
  -2039.2779965336447     
  -1794.6592587678858     
  -1576.1722270519042     
  -1380.9628742060088     
  -1206.4871268702018     
  -1050.4796891493941     
  -910.92432381555898     
  -786.02639407843412     
  -674.18815216085909     
  -573.98678980708121     
  -484.15502164193055     
  -403.56390775685861     
  -331.20763582694258     
  -266.19001867847737     
  -207.71249898693497     
  -155.06348307093626     
  -107.60885035891054     
  -64.783505142461848     
  -26.083853810225730     
   8.9388952715496384     
   40.684700103359013     
   69.510002128482753     
   95.732463488696922     
   119.63518794293378     
   141.47048190081455     
   161.46320579840651     
   179.81376052285216     
   196.70074868978799     
   212.28334621966178     
   226.70341578317669     
   240.08739023728972     
   252.54795110341320     
   264.18552440638490     
   275.08961375900839     
   285.33998840942706     
   295.00774203794623     
   304.15623637010697     
   312.84194214071101     
   321.11518857852275     
   329.02083136524453     
   336.59884793879053     
   343.88486804539764     
   350.91064658480559     
   357.70448502613812     
   364.29160698900108     
   370.69449297557395     
   376.93317869700553     
   383.02552095400540     
   388.98743460072171     
   394.83310373707690     
   400.57516993259401     
   406.22489997983627     
   411.79233540384678     
   417.28642571180751     
   422.71514715131144     
   428.08560855329887     
   433.40414566428933     
   438.67640521976512     
   443.90741987441146     
   449.10167498357004     
   454.26316812211940     
   459.39546213061141     
   464.50173239259368     
   469.58480897049083     
   474.64721415918763     
   479.69119595564632     
   484.71875788869681     
