   2.5000000000000000        5.0000000000000003E-002  log
  -227432.80632664284     
  -220357.45581027123     
  -212191.42475821008     
  -203183.49407784315     
  -194167.12106078732     
  -184372.49017588032     
  -175427.25604129035     
  -167454.21301758531     
  -160347.63623350175     
  -154013.29829834201     
  -146896.47200710722     
  -138502.77753166313     
  -128822.97952301239     
  -117881.58439638921     
  -105608.85283500599     
  -94103.141673605744     
  -83847.789393222251     
  -74706.820638557459     
  -66559.047246695583     
  -59296.460154068023     
  -52822.796182888953     
  -47052.260690958741     
  -41908.389139123079     
  -37323.032477025539     
  -33235.452893784983     
  -29591.517947895980     
  -26342.982403548547     
  -23446.848283284318     
  -20864.794712682982     
  -18562.670057009833     
  -16510.039546013551     
  -14679.781933726643     
  -13047.728804560265     
  -11592.340608997854     
  -10294.415642427277     
  -9136.8314770623529     
  -8104.3188460579340     
  -7183.2641087243301     
  -6361.5336760667997     
  -5628.3155873845399     
  -4973.9763824235160     
  -4389.9325672255636     
  -3868.5358186937729     
  -3402.9707476424146     
  -2987.1639258835171     
  -2615.7029342178162     
  -2283.7643053840620     
  -1987.0493636650785     
  -1721.7270806299784     
  -1484.3831698789772     
  -1271.9747334197377     
  -1081.7898504078510     
  -911.41156731547130     
  -758.68580868829565     
  -621.69278072097904     
  -498.72148688335852     
  -388.24701654172054     
  -288.91030458613272     
  -199.50009304349950     
  -118.93685499718219     
  -46.258467257437523     
   19.392558508161166     
   78.780455752036701     
   132.58634523788976     
   181.41727410395762     
   225.81427180072413     
   266.25952984665980     
   303.18280070891524     
   336.96710074626981     
   367.95379291086937     
   396.44711667033158     
   422.71822527305955     
   447.00878393946584     
   469.53417673330779     
   490.48636467298456     
   510.03643301342152     
   528.33686150355197     
   545.52354774759976     
   561.71761052151805     
   577.02699697554363     
   591.54791505108517     
   605.36611012053152     
   618.55800279122820     
   631.19170297239725     
   643.32791366168999     
   655.02073644457664     
   666.31838939546367     
   677.26384690696784     
   687.89540993774540     
   698.24721424592110     
   708.34968335222175     
   718.22993224349011     
   727.91212717357598     
   737.41780633602673     
   746.76616566376924     
   755.97431354822436     
   765.05749785785906     
   774.02930826860791     
   782.90185659099029     
   791.68593748677438     
   800.39117170781606     
