   2.5000000000000000        5.0000000000000003E-002  log
  -56705.683941563431     
  -50534.860750344051     
  -45034.701885663118     
  -40132.273231182407     
  -35762.572187293539     
  -31867.665126114389     
  -28395.918647445535     
  -25301.314434920205     
  -22542.838620905175     
  -20083.937557395850     
  -17892.032771315909     
  -15938.088667973128     
  -14196.227246358787     
  -12643.384713796841     
  -11259.005443427843     
  -10024.769213529476     
  -8924.3481093061728     
  -7943.1898613915564     
  -7068.3247461605224     
  -6288.1934858578907     
  -5592.4938661331598     
  -4972.0440394186962     
  -4418.6607088691526     
  -3925.0505916647307     
  -3484.7137416996247     
  -3091.8574684627292     
  -2741.3197275053058     
  -2428.5010041003975     
  -2149.3039037127614     
  -1900.0798736014669     
  -1677.5824245994197     
  -1478.9252255373183     
  -1301.5412961818488     
  -1143.1394564594518     
  -1001.6619768100638     
  -875.25555342247583     
  -762.25802352134576     
  -661.18862767145151     
  -570.73337528128229     
  -489.72699608857431     
  -417.13516445409402     
  -352.03871502009980     
  -293.62004846535126     
  -241.15142549511751     
  -193.98480446156375     
  -151.54294715912613     
  -113.31158706788558     
  -78.832504533700273     
  -47.697387115933495     
  -19.542376291383544     
   5.9567819766197809     
   29.089053089335284     
   50.111956819122447     
   69.254990464327605     
   86.722678702167059     
   102.69729122324696     
   117.34126452887992     
   130.79936018424669     
   143.20058823861351     
   154.65992136737952     
   165.27982249748345     
   175.15160619853555     
   184.35665191722632     
   192.96748516919507     
   201.04874105281007     
   208.65802288931130     
   215.84666740266354     
   222.66042661193026     
   229.14007550277026     
   235.32195355832727     
   241.23844735044105     
   246.91842060823728     
   252.38759748246486     
   257.66890410124006     
   262.78277295790741     
   267.74741417719196     
   272.57905726514065     
   277.29216655567433     
   281.89963321668148     
   286.41294636681289     
   290.84234557634124     
   295.19695677791771     
   299.48491339249944     
   303.71346427919167     
   307.88906994262550     
   312.01748827544907     
   316.10385097445806     
   320.15273164498529     
   324.16820649775445     
   328.15390844401037     
   332.11307530705761     
   336.04859279020246     
   339.96303277146376     
   343.85868743336420     
   347.73759968081583     
   351.60159025083152     
   355.45228187387534     
   359.29112080752537     
   363.11939602824077     
   366.93825633593860     
   370.74872559838150     
