   2.5000000000000000        5.0000000000000003E-002  log
  -170257.05506089368     
  -163492.42978574411     
  -155766.78353923385     
  -147047.11475505441     
  -137580.85759062934     
  -127930.51075048783     
  -117713.51227158122     
  -108606.97678242283     
  -100490.14247464035     
  -93255.380273231203     
  -86621.749667922966     
  -78877.239583065370     
  -70284.198381464928     
  -62624.922437706504     
  -55797.865655996487     
  -49712.524983195086     
  -44288.239488288753     
  -39453.120040853886     
  -35143.095386058456     
  -31301.061958519058     
  -27876.126154809899     
  -24822.929013769837     
  -22101.044352124340     
  -19674.442384275462     
  -17511.011729057685     
  -15582.133480435990     
  -13862.301707961902     
  -12328.785389425913     
  -10961.327407239183     
  -9741.8768403292761     
  -8654.3510752422972     
  -7684.4235729963339     
  -6819.3312574126358     
  -6047.6956683409726     
  -5359.3600293278641     
  -4745.2527534203546     
  -4197.2783762213039     
  -3708.2224521897656     
  -3271.6608376135387     
  -2881.8738334675359     
  -2533.7679752049944     
  -2222.8063861088217     
  -1944.9471782148598     
  -1696.5889619505622     
  -1474.5225521621230     
  -1275.8880890915871     
  -1098.1369176190617     
  -938.99766734215029     
  -796.44605351485575     
  -668.67798078082615     
  -554.08558267471142     
  -451.23587301399135     
  -358.85172243176305     
  -275.79490562201300     
  -201.05099321818321     
  -133.71588721549281     
  -72.983820950449498     
  -18.136664247300043     
   31.465608255290849     
   76.393412109004657     
   117.15512413153301     
   154.20383002842121     
   187.94333811065164     
   218.73353892164511     
   246.89518191036694     
   272.71413255329628     
   296.44516643439533     
   318.31535064755298     
   338.52705740896403     
   357.26064988508733     
   374.67687589063053     
   390.91900123284552     
   406.11471102193553     
   420.37780418678352     
   433.80970368966820     
   446.50080248673208     
   458.53166310024011     
   469.97408672517037     
   480.89206606061822     
   491.34263451286273     
   501.37662304125183     
   511.03933469203020     
   520.37114577258421     
   529.40804164479721     
   538.18209424835993     
   546.72188769144464     
   555.05289755684669     
   563.19782895738126     
   571.17691782682584     
   579.00819944475666     
   586.70774775876521     
   594.28988867997020     
   601.76739018233604     
   609.15163172846201     
   616.45275527015372     
   623.67979982756572     
   630.84082143278374     
   637.94300002949171     
   644.99273474726954     
   651.99572881479696     
   658.95706523874424     
