   2.5000000000000000        5.0000000000000003E-002  log
  -283808.42618022393     
  -277043.80090507434     
  -269318.15465856408     
  -260598.48587438464     
  -251132.22870995960     
  -241481.88186981805     
  -231264.88339091145     
  -222158.34790175306     
  -214041.51359397059     
  -206806.75139256145     
  -200173.12078725320     
  -192428.61070239561     
  -183233.50431351957     
  -172695.34736181441     
  -160892.97107364461     
  -147667.94908943577     
  -134497.72488470303     
  -120076.19920427742     
  -106990.20542412921     
  -95326.268275625436     
  -84929.740437654036     
  -75662.792350831078     
  -67402.583324466221     
  -60039.631565911324     
  -53476.361523809581     
  -47625.809289028824     
  -42410.468892374854     
  -37761.264228323038     
  -33616.633080302039     
  -29921.711319021560     
  -26627.606524667834     
  -23690.750387560718     
  -21072.318075953975     
  -18737.703565598447     
  -16656.048491746911     
  -14799.830957458757     
  -13144.511642251497     
  -11668.220498421575     
  -10351.471563080449     
  -9176.9037786083918     
  -8129.0483086900076     
  -7194.1212167859285     
  -6359.8391641904118     
  -5615.2555606258938     
  -4950.6148039194386     
  -4357.2225340033792     
  -3827.3300918832474     
  -3354.0315988251350     
  -2931.1722601847946     
  -2553.2666597840898     
  -2215.4259505216819     
  -1913.2929691452282     
  -1642.9844107310776     
  -1401.0392935633224     
  -1184.3730294460315     
  -990.23648937565849     
  -816.17952108017585     
  -660.01843416756969     
  -519.80702135887077     
  -393.81073124293312     
  -280.48364982520218     
  -178.44798541790502     
  -86.475784635900851     
  -3.4726368652670301     
   71.536849044874671     
   139.42198860197473     
   200.95755777745265     
   256.83407449834874     
   307.66696197068262     
   354.00471544309175     
   396.33618079388259     
   435.09704153728927     
   470.67560033918977     
   503.41793176945657     
   533.63247467330564     
   561.59412510675611     
   587.54788415292637     
   611.71210902842063     
   634.28141062409759     
   655.42923593218279     
   675.31016962971046     
   694.06198536114800     
   711.80747394129764     
   728.65607273909302     
   744.70531786441609     
   760.04213842853619     
   774.74401005299433     
   788.87998293392116     
   802.51159810407626     
   815.69370405125403     
   828.47518452940551     
   840.89960722034800     
   853.00580185361321     
   864.82837545589939     
   876.39817156730578     
   887.74267951797469     
   898.88639919607726     
   909.85116614746005     
   920.65644132087903     
   931.31956930360877     
   941.85600847408818     
