   2.5000000000000000        5.0000000000000003E-002  log
  -442780.34574728622     
  -436015.72047213669     
  -428290.07422562642     
  -419570.40544144699     
  -410104.14827702194     
  -400453.80143688037     
  -390236.80295797379     
  -381130.26746881544     
  -373013.43316103291     
  -365778.67095962376     
  -359145.04035431554     
  -351400.53026945796     
  -342205.42388058192     
  -331667.26692887675     
  -319864.89064070693     
  -306639.86865649809     
  -293469.64445176540     
  -278529.97952292545     
  -261933.78293751689     
  -244692.87234009957     
  -229162.25649012771     
  -215319.39114366769     
  -202980.73506434844     
  -191982.70704123867     
  -182179.51536568423     
  -173441.22343312850     
  -164769.68989143730     
  -153475.42154363744     
  -139916.77542858291     
  -125881.44829471823     
  -113371.04060491640     
  -102219.73895966723     
  -92279.767476231165     
  -83419.417403950589     
  -75521.287482071435     
  -68480.724376398139     
  -62204.445300635154     
  -56609.312528682465     
  -51621.235221803421     
  -47174.185675551962     
  -43209.320858972933     
  -38592.757739419270     
  -34321.723467279931     
  -30513.693016968471     
  -27118.314177230659     
  -24090.710822070083     
  -21390.887259664931     
  -18983.197413021910     
  -16835.871758835936     
  -14920.595729979861     
  -13212.133977152249     
  -11687.995497927177     
  -10328.135186205571     
  -9114.6878398120025     
  -8031.7310955529010     
  -7065.0741454145291     
  -6202.0694299731977     
  -5431.4448101464459     
  -4743.1539902337609     
  -4128.2432074193302     
  -3578.7324187716058     
  -3087.5094091516435     
  -2648.2354148937911     
  -2255.2610109269976     
  -1903.5511451922550     
  -1588.6183255892374     
  -1306.4630728637921     
  -1053.5208492629395     
  -826.61475871457640     
  -622.91339087516474     
  -439.89324964638791     
  -275.30526759665378     
  -127.14496194254211     
   6.3741639317717409     
   126.84432637126746     
   235.68458933298348     
   334.15969461520416     
   423.39684430357858     
   504.40065813111977     
   578.06650423051985     
   645.19238017251257     
   706.48950194668225     
   762.59174139588231     
   814.06403733475929     
   861.40989196400812     
   905.07805205418549     
   945.46846355510604     
   982.93757864549411     
   1017.8030856447178     
   1050.3481245500616     
   1080.8250441374794     
   1109.4587504805675     
   1136.4496913212399     
   1161.9765158975954     
   1186.1984455557611     
   1209.2573867774042     
   1231.2798153930953     
   1252.3784593825542     
   1272.6538088084969     
   1292.1954856096327     
   1311.0835112686837     
