   2.5000000000000000        5.0000000000000003E-002  log
  -238387.87773249182     
  -231623.25245734226     
  -223897.60621083199     
  -215177.93742665256     
  -205711.68026222748     
  -196061.33342208597     
  -185844.33494317936     
  -176737.79945402098     
  -168620.96514623848     
  -161386.20294482936     
  -154752.57233952111     
  -147008.06225466350     
  -137812.95586578746     
  -127274.79891408230     
  -115472.42262591251     
  -102936.27016861690     
  -91719.396839106441     
  -81721.440246881961     
  -72809.844340384501     
  -64866.468414899849     
  -57786.019459312629     
  -51474.654989324452     
  -45848.737836180684     
  -40833.726382936547     
  -36363.185542609404     
  -32377.905374154529     
  -28825.115658472529     
  -25657.786050516246     
  -22834.002638421745     
  -20316.412862901961     
  -18071.731507336684     
  -16070.300196533683     
  -14285.691340908445     
  -12694.347969918716     
  -11275.259198299051     
  -10009.679704435226     
  -8880.8922988379909     
  -7873.9984153897212     
  -6975.7254307055200     
  -6174.2499318272203     
  -5459.0385134391017     
  -4820.7059465103475     
  -4250.8892445287865     
  -3742.1358347871919     
  -3287.8041615500460     
  -2881.9752615584207     
  -2519.3740508273336     
  -2195.2992266706210     
  -1905.5608249147788     
  -1646.4245863819906     
  -1414.5623842902751     
  -1207.0080488360802     
  -1021.1179993119268     
  -854.53615937259917     
  -705.16268877034281     
  -571.12611603425000     
  -450.75850199161715     
  -342.57330440902359     
  -245.24564995786429     
  -157.59475169314982     
  -78.568238720292783     
  -7.2281901023753816     
   57.261312326385855     
   115.64527742288003     
   168.58769169424355     
   216.68033096705281     
   260.45061371177900     
   300.36860025068773     
   336.85323074272452     
   370.27788473649468     
   400.97533607836897     
   429.24216893770239     
   455.34271355875586     
   479.51255397433260     
   501.96165423483092     
   522.87714464300609     
   542.42580497204403     
   560.75627762268971     
   578.00104009076529     
   594.27816292188083     
   609.69287648307386     
   624.33896734372604     
   638.30002279670418     
   651.65054003523824     
   664.45691470483609     
   676.77832194867983     
   688.66750163821553     
   700.17145820909627     
   711.33208438937436     
   722.18671709684088     
   732.76863288225343     
   743.10748949294134     
   753.22971941627441     
   763.15888062524425     
   772.91596918046832     
   782.51969783676236     
   791.98674435130442     
   801.33197278835496     
   810.56863075716649     
   819.70852520035203     
   828.76217906535055     
