   2.5000000000000000        5.0000000000000003E-002  log
  -215677.60350862576     
  -208912.97823347620     
  -201187.33198696593     
  -192467.66320278650     
  -183001.40603836146     
  -173351.05919821991     
  -163134.06071931330     
  -154027.52523015492     
  -145910.69092237245     
  -138675.92872096330     
  -132042.29811565505     
  -124297.78803079747     
  -115102.68164192142     
  -104564.52469021626     
  -93307.023623459347     
  -83139.718643086118     
  -74077.253427643562     
  -65999.477689197258     
  -58799.307371008224     
  -52381.303707641739     
  -46660.406812662710     
  -41560.806993125436     
  -37014.938822485528     
  -32962.584639120534     
  -29350.075594666640     
  -26129.579670224550     
  -23258.467230481041     
  -20698.745735201574     
  -18416.556224540145     
  -16381.725122752285     
  -14567.365489034970     
  -12949.521417520473     
  -11506.847649759433     
  -10220.316847601696     
  -9072.9551649006862     
  -8049.6152949441457     
  -7136.7867823996257     
  -6322.4290659750968     
  -5595.8167217676619     
  -4947.3965307471026     
  -4368.6584000657276     
  -3852.0203798279867     
  -3390.7266577427363     
  -2978.7570566349796     
  -2610.7466446310809     
  -2281.9142506866583     
  -1987.9988491953438     
  -1725.2029179522372     
  -1490.1419879856255     
  -1279.7996984719532     
  -1091.4877502109575     
  -922.81022033153681     
  -771.63176123972687     
  -636.04925982952227     
  -514.36657976505489     
  -405.07205106561418     
  -306.81840797417658     
  -218.40490873988071     
  -138.76139998232173     
  -66.934114149304975     
  -2.0730115930459250     
   56.579500709846428     
   109.69862350305304     
   157.88612609023974     
   201.67833259235482     
   241.55323961452018     
   277.93685978934542     
   311.20887539096992     
   341.70767705816002     
   369.73485450409487     
   395.55919881697355     
   419.42026947290589     
   441.53157340480135     
   462.08339832154218     
   481.24533788233788     
   499.16854224092418     
   515.98772382891889     
   531.82294499881118     
   546.78121125160317     
   560.95789119362519     
   574.43798206723477     
   587.29723765046083     
   599.60317349395984     
   611.41596283563945     
   622.78923508238881     
   633.77078745524443     
   644.40321924186640     
   654.72449707309499     
   664.76845872496483     
   674.56526213172413     
   684.14178556831348     
   693.52198431273757     
   702.72720852123132     
   711.77648653439394     
   720.68677737372400     
   729.47319577913549     
   738.14921277364954     
   746.72683441670108     
   755.21676111806062     
   763.62852962641307     
   771.97063957672970     
