   2.5000000000000000        5.0000000000000003E-002  log
  -339526.75437098555     
  -333265.46055797255     
  -326025.36346200039     
  -317585.39787697064     
  -308312.82514710980     
  -298375.96570737526     
  -287880.86716752534     
  -277556.43046119215     
  -268354.11466473975     
  -260151.89157291828     
  -252841.00326867256     
  -245751.03782251937     
  -237159.80250920143     
  -227142.83203941182     
  -215822.55998658517     
  -203048.14986690073     
  -189586.98525198322     
  -175130.12776892548     
  -158780.56418999727     
  -141876.14692985947     
  -126413.11320011734     
  -112630.48358333632     
  -100345.51515318890     
  -89395.338293590976     
  -79634.795618715580     
  -70934.516078494184     
  -63179.198805183463     
  -56266.083998583250     
  -50103.590400528483     
  -44610.100581166647     
  -39712.876546672662     
  -35347.090149365547     
  -31454.956857609854     
  -27984.965936773126     
  -24891.199807086661     
  -22132.730910025719     
  -19673.083449712332     
  -17479.751170593889     
  -15523.765747110072     
  -13779.311403087311     
  -12223.381379495531     
  -10835.471914736032     
  -9597.3096751299745     
  -8492.6089580843054     
  -7506.8553874822301     
  -6627.1131883249463     
  -5841.8534552122792     
  -5140.8011182578402     
  -4514.7985648808726     
  -3955.6841011163756     
  -3456.1836355549358     
  -3009.8141460388856     
  -2610.7976465451152     
  -2253.9845116041006     
  -1934.7851401399487     
  -1649.1090515063638     
  -1393.3106052617206     
  -1164.1406242149433     
  -958.70327866945013     
  -774.41765964711715     
  -608.98353112241227     
  -460.35080676919637     
  -326.69234615824826     
  -206.37970940024559     
  -97.961548492583475     
 -0.14434862087176051     
   88.224736147894490     
   168.17318054945019     
   240.61672218160814     
   306.37151285993207     
   366.16494851505490     
   420.64532134109231     
   470.39042227587743     
   515.91520796473071     
   557.67863394531207     
   596.08974472702550     
   631.51310157762271     
   664.27362004122176     
   694.66088137928728     
   722.93297514526546     
   749.31992388189371     
   774.02673538514739     
   797.23612303675520     
   819.11093030263714     
   839.79629156904014     
   859.42155798947601     
   878.10201389737767     
   895.94040656030279     
   913.02830957465585     
   929.44733799239566     
   945.27023130376062     
   960.56181864656423     
   975.37987904982674     
   989.77590812667302     
   1003.7958013900585     
   1017.4804632585227     
   1030.8663498331152     
   1043.9859526478203     
   1056.8682298125641     
   1069.5389902698096     
   1082.0212362636012     
