   2.5000000000000000        5.0000000000000003E-002  log
  -24309.955070081181     
  -21663.588702697001     
  -19304.730759517548     
  -17202.115258682534     
  -15327.876561737681     
  -13657.179640942342     
  -12167.890523196738     
  -10840.282521733921     
  -9656.7743546788843     
  -8601.6966912249736     
  -7661.0840609432762     
  -6822.4894067774376     
  -6074.8188564352740     
  -5408.1845350691001     
  -4813.7734561627185     
  -4283.7307215726842     
  -3811.0554453769832     
  -3389.5079914111179     
  -3013.5272774118198     
  -2678.1570451495822     
  -2378.9801241426312     
  -2112.0598282592623     
  -1873.8877242915366     
  -1661.3371062940803     
  -1471.6216069612540     
  -1302.2584800447767     
  -1151.0361776192783     
  -1015.9858618652646     
  -895.35631439484030     
  -787.59121257950596     
  -691.30709951559243     
  -605.27062549342475     
  -528.37618222991136     
  -459.62817870279491     
  -398.13070427593163     
  -343.08180527530453     
  -293.76766878935007     
  -249.55494013378316     
  -209.88204654822556     
  -174.25075694138550     
  -142.21859808901573     
  -113.39224928517488     
  -87.421826162981006     
  -63.995917143250878     
  -42.837247961325659     
  -23.698874000426574     
  -6.3608218421743095     
   9.3728821617513205     
   23.676846614390751     
   36.706654758345060     
   48.600944310884728     
   59.483257632547300     
   69.463688411206462     
   78.640347755366520     
   87.100669827665655     
   94.922574789325722     
   102.17550478533263     
   108.92134691992932     
   115.21525560970350     
   121.10638532455120     
   126.63854350942201     
   131.85077240117900     
   136.77786749784784     
   141.45083958736353     
   145.89732648711748     
   150.14195997329765     
   154.20669278072930     
   158.11109002134063     
   161.87258889517270     
   165.50673014554923     
   169.02736433388901     
   172.44683567459458     
   175.77614587197550     
   179.02510013525023     
   182.20243731075325     
   185.31594585938117     
   188.37256721922162     
   191.37848792570952     
   194.33922171231018     
   197.25968268164669     
   200.14425051839842     
   202.99682860961312     
   205.82089584389993     
   208.61955277704013     
   211.39556277675925     
   214.15138869274895     
   216.88922553862406     
   219.61102961956166     
   222.31854449218906     
   225.01332410124110     
   227.69675340003462     
   230.37006672841190     
   233.03436419204104     
   235.69062626043635     
   238.33972677742085     
   240.98244455668348     
   243.61947371630720     
   246.25143288940822     
   248.87887343311229     
   251.50228674480053     
   254.12211078271145     
