   2.5000000000000000        5.0000000000000003E-002  log
  -407657.57704258367     
  -401396.28322957066     
  -394156.18613359856     
  -385716.22054856882     
  -376443.64781870792     
  -366506.78837897338     
  -356011.68983912346     
  -345687.25313279033     
  -336484.93733633787     
  -328282.71424451639     
  -320971.82594027073     
  -313881.86049411754     
  -305290.62518079957     
  -295273.65471100999     
  -283953.38265818334     
  -271178.97253849887     
  -257717.80792358136     
  -243260.95044052362     
  -226911.38686159541     
  -209470.68258344790     
  -192830.28337890148     
  -177998.29437767877     
  -164778.05211121216     
  -152994.28026708672     
  -142490.76397973148     
  -133128.27720988274     
  -124686.22429090690     
  -114148.51605415615     
  -102069.14195633814     
  -90917.350594785967     
  -80976.972199594704     
  -72116.281944186281     
  -64217.873569100266     
  -57177.098418846988     
  -50900.679691843296     
  -45305.480878693015     
  -40317.407416456408     
  -35870.425288145583     
  -31905.684519367540     
  -28370.737286393571     
  -25218.840992825684     
  -22408.337289743613     
  -19902.098797672359     
  -17667.036128015407     
  -15673.658603741287     
  -13895.682807611212     
  -12309.683735556750     
  -10894.783908593292     
  -9632.3763070848181     
  -8505.8774441635178     
  -7500.5072975945777     
  -6603.0931773306265     
  -5801.8949245660524     
  -5086.4491217456116     
  -4447.4302456119658     
  -3876.5269204316769     
  -3366.3316290569401     
  -2910.2424181531542     
  -2502.3752931404670     
  -2137.4861402852425     
  -1810.9011398251557     
  -1518.4547467019120     
  -1256.4344159066729     
  -1021.5313389497711     
  -810.79653773713358     
  -621.60173323037179     
  -451.60446962965494     
  -298.71703128942630     
  -161.07873990634687     
  -37.031264374571613     
   74.903384319072231     
   176.04246515767073     
   267.55998635730720     
   350.50228377187403     
   425.80190515717578     
   494.28998453133062     
   556.70727083270810     
   613.71395721977899     
   665.89844144233496     
   713.78513352937330     
   757.84141439731070     
   798.48383771533804     
   836.08365732314599     
   870.97175354668889     
   903.44302378136035     
   933.76029560307234     
   962.15781433194002     
   988.84435132650333     
   1014.0059742537195     
   1037.8085160945755     
   1060.3997756475635     
   1081.9114787293940     
   1102.4610260969130     
   1122.1530512841014     
   1141.0808090257299     
   1159.3274126912092     
   1176.9669371486507     
   1194.0654016934741     
   1210.6816460844377     
   1226.8681113115601     
   1242.6715354562539     
