   2.5000000000000000        5.0000000000000003E-002  log
  -339754.06519245601     
  -332438.49461979663     
  -325608.89429580449     
  -317811.67353272944     
  -308611.09079235233     
  -298548.35622323042     
  -288124.64554645831     
  -276946.20970378438     
  -266574.83148982289     
  -257330.65853853413     
  -249091.10981846874     
  -241746.93415610195     
  -233884.50777271486     
  -224494.17255216179     
  -213609.86016501166     
  -201339.55355752734     
  -187560.30012502553     
  -173677.11899426984     
  -157939.96358535421     
  -140895.93810428318     
  -125539.62567823959     
  -111852.11623242994     
  -99651.928304564091     
  -88777.316441785049     
  -79084.124929566315     
  -70443.874978623688     
  -62742.060031703404     
  -55876.626644796219     
  -49756.620872088264     
  -44300.982208603411     
  -39437.468844272473     
  -35101.699220274095     
  -31236.295955510133     
  -27790.120152384377     
  -24717.587736765377     
  -21978.062698015507     
  -19535.320988364088     
  -17357.075249496116     
  -15414.550355838035     
  -13682.102999879462     
  -12136.881148180903     
  -10758.519946707489     
  -9528.8706390811130     
  -8431.7590899024453     
  -7452.7707128194415     
  -6579.0589010972299     
  -5799.1743695436508     
  -5102.9131063866707     
  -4481.1808927148795     
  -3925.8725758204332     
  -3429.7644844533170     
  -2986.4185521196250     
  -2590.0968722441721     
  -2235.6855488868387     
  -1918.6268309474576     
  -1634.8586282748602     
  -1380.7606064064998     
  -1153.1061441887475     
  -949.01951647370674     
  -765.93773351995833     
  -601.57653058155370     
  -453.90005628413189     
  -321.09385749779705     
  -201.54080217972898     
  -93.799620659127399     
   3.4142194074750232     
   91.245558208763555     
   170.71473527335260     
   242.73112887992451     
   308.10522305108202     
   367.55936225904600     
   421.73733655651284     
   471.21292432527690     
   516.49750600257062     
   558.04684981685307     
   596.26715957734052     
   631.52046476909163     
   664.12942447795808     
   694.38160889136418     
   722.53331518844948     
   748.81296845460645     
   773.42415274886105     
   796.54831254481894     
   818.34716039189038     
   838.96482274518041     
   858.52975243804792     
   877.15643317479589     
   894.94689866116767     
   911.99208653065546     
   928.37304503246048     
   944.16200849316215     
   959.42335582285591     
   974.21446478458176     
   988.58647336270030     
   1002.5849583331307     
   1016.2505400396786     
   1029.6194214014802     
   1042.7238683038702     
   1055.5926377471781     
   1068.2513594347315     
   1080.7228758635108     
