   2.5000000000000000        5.0000000000000003E-002  log
  -146716.73428959461     
  -139401.16371693523     
  -132571.56339294309     
  -124774.34262986801     
  -115573.75988949095     
  -105511.02532036899     
  -95087.314643596925     
  -84736.245728382870     
  -75510.202716191736     
  -67286.842138454522     
  -59957.124704471571     
  -53423.868329865269     
  -47600.458626105319     
  -42409.699744942067     
  -37782.790294962040     
  -33658.410677772197     
  -29981.909666636006     
  -26704.579389598435     
  -23783.009085094629     
  -21178.509070498618     
  -18856.597309123103     
  -16786.541792143555     
  -14940.952685506660     
  -13295.418844580046     
  -11828.183885880364     
  -10519.857538742592     
  -9353.1584904718839     
  -8312.6853874824392     
  -7384.7130408415323     
  -6557.0111475942540     
  -5818.6828797947601     
  -5160.0204514889283     
  -4572.3745329378453     
  -4048.0351480326513     
  -3580.1242896596159     
  -3162.5027657221435     
  -2789.6918503368697     
  -2456.8059821640763     
  -2159.4919128909946     
  -1893.8723560268961     
  -1656.4942647854969     
  -1444.2821501854448     
  -1254.4964186723155     
  -1084.6963656692421     
  -932.70733792849489     
  -796.59158057711988     
  -674.62233287884931     
  -565.26079210399405     
  -467.13561502925830     
  -379.02466914892068     
  -299.83878142530023     
  -228.60726265121400     
  -164.46501138740052     
  -106.64102384247413     
  -54.448155618040843     
  -7.2739984170342398     
   35.427250034360611     
   74.142031192243905     
   109.30388247843358     
   141.29919153238336     
   170.47232443472086     
   197.13019605445550     
   221.54634323911458     
   243.96455494927213     
   264.60210754529686     
   283.65264818446462     
   301.28876460987118     
   317.66427544589658     
   332.91627140241178     
   347.16693448180735     
   360.52515933507067     
   373.08799828622585     
   384.94194920347479     
   396.16410330917671     
   406.82316816161330     
   416.98037938459061     
   426.69031324429398     
   436.00161085682242     
   444.95762363699225     
   453.59698855374660     
   461.95414082594573     
   470.05977086208054     
   477.94123150751972     
   485.62290100344899     
   493.12650647393031     
   500.47141223370318     
   507.67487674251191     
   514.75228161567611     
   521.71733572980725     
   528.58225713208492     
   535.35793516696538     
   542.05407497167687     
   548.67932625790013     
   555.24139808850828     
   561.74716117240291     
   568.20273903484883     
   574.61358927309448     
   580.98457597549952     
   587.32003426513279     
   593.62382782430200     
   599.89940016333435     
