   2.5000000000000000        5.0000000000000003E-002  log
  -362464.33941632207     
  -355148.76884366269     
  -348319.16851967055     
  -340521.94775659544     
  -331321.36501621839     
  -321258.63044709648     
  -310834.91977032437     
  -299656.48392765038     
  -289285.10571368888     
  -280040.93276240019     
  -271801.38404233480     
  -264457.20837996801     
  -256594.78199658092     
  -247204.44677602785     
  -236320.13438887772     
  -224049.82778139340     
  -210270.57434889156     
  -196387.39321813590     
  -180650.23780922027     
  -163309.24319779791     
  -145526.43740626710     
  -129663.51622289662     
  -115524.42794211034     
  -102921.70671985093     
  -91688.273518805421     
  -81675.219116751046     
  -72749.828313911057     
  -64793.819196545453     
  -57701.774179968350     
  -51379.742027490123     
  -45743.992052308691     
  -40719.903223436399     
  -36240.972220600903     
  -32247.926644355637     
  -28687.933429414701     
  -25513.895894973546     
  -22683.831914914259     
  -20160.322238192992     
  -17910.017935027234     
  -15903.199290614506     
  -14113.381169692037     
  -12516.960712816615     
  -11092.903288252273     
  -9822.4627214796456     
  -8688.9320938680394     
  -7677.4217553887311     
  -6774.6615565972570     
  -5968.8246387485115     
  -5249.3704190438812     
  -4606.9046716041739     
  -4033.0548375060844     
  -3520.3589030390772     
  -3062.1663677105475     
  -2652.5499853953397     
  -2286.2271058778415     
  -1958.4895719901920     
  -1665.1412414351209     
  -1402.4423037861156     
  -1167.0596534743834     
  -956.02266002929593     
  -766.68374852257671     
  -596.68326703903040     
  -443.91817491297525     
  -306.51413618958742     
  -182.80064797020211     
  -71.288873581966186     
   29.348113589035453     
   120.29293776872476     
   202.59961362450414     
   277.20753249611141     
   344.95392762309643     
   406.58498377981846     
   462.76573873981380     
   514.08890795881871     
   561.08274957683648     
   604.21807410475287     
   643.91449181109863     
   680.54598070901409     
   714.44584902801296     
   745.91115802015588     
   775.20666378906787     
   802.56833044785856     
   828.20646122371215     
   852.30848905723929     
   875.04146372633136     
   896.55426849728588     
   916.97959571692888     
   936.43570756073427     
   955.02800530106651     
   972.85042791884018     
   989.98669861736755     
   1006.5114357789106     
   1022.4911431056832     
   1037.9850920838965     
   1053.0461084806241     
   1067.7212733098386     
   1082.0525475690231     
   1096.0773290362417     
   1109.8289485160326     
   1123.3371121190155     
   1136.6282954439939     
