   2.5000000000000000        5.0000000000000003E-002  log
  -67230.774506063433     
  -59915.203933404060     
  -53394.758487823354     
  -47582.970314899663     
  -42402.775291491969     
  -37785.490342042955     
  -33669.901898612909     
  -30001.453425698444     
  -26731.521255371201     
  -23816.769156546390     
  -21218.573113051509     
  -18902.508719990226     
  -16837.894429545020     
  -14997.384590223997     
  -13356.606845240176     
  -11893.839014991760     
  -10589.721109387589     
  -9426.9986042407218     
  -8390.2935636920520     
  -7465.9005873244041     
  -6641.6049034076677     
  -5906.5202239000710     
  -5250.9442320138887     
  -4666.2297994729443     
  -4144.6702371601150     
  -3679.3970776947663     
  -3264.2890773063896     
  -2893.8913043076341     
  -2563.3433276138494     
  -2268.3155680185446     
  -2004.9527250285905     
  -1769.8227806379934     
  -1559.8696891791180     
  -1372.3684942188795     
  -1204.8840921061974     
  -1055.2370326236007     
  -921.47771355226166     
  -801.86590832927118     
  -694.85165121243585     
  -599.05608393190664     
  -513.25288619711796     
  -436.35114110499410     
  -367.38000682766858     
  -305.47518042389521     
  -249.86697808256594     
  -199.86982525916608     
  -154.87296810986135     
  -114.33224609480803     
  -77.762791775517258     
  -44.732545021109750     
  -14.856485539176118     
   12.208499082653848     
   36.768181876513758     
   59.095064666211812     
   79.432001503876947     
   97.995426498663178     
   114.97822955793173     
   130.55231866010192     
   144.87090296993412     
   158.07052730479418     
   170.27288509573782     
   181.58643400394681     
   192.10783570429268     
   201.92323899378746     
   211.10942328913760     
   219.73481771477501     
   227.86040932455217     
   235.54055252386459     
   242.82369044410248     
   249.75299785017219     
   256.36695411853401     
   262.69985389373073     
   268.78226220325155     
   274.64142007269783     
   280.30160602572477     
   285.78445826734719     
   291.10926182710517     
   296.29320447332952     
   301.35160479513081     
   306.29811547924334     
   311.14490447957030     
   315.90281648381966     
   320.58151682009475     
   325.18961971322494     
   329.73480259290596     
   334.22390797059296     
   338.66303423710599     
   343.05761658586613     
   347.41249913563661     
   351.73199920984894     
   356.01996462550642     
   360.27982475188929     
   364.51463601660691     
   368.72712246285676     
   372.91971189607756     
   377.09456809965513     
   381.25361954717346     
   385.39858499221526     
   389.53099627527888     
   393.65221865045112     
   397.76346890156350     
