   2.5000000000000000        5.0000000000000003E-002  log
  -6244.9373137303592     
  -5564.0815873892852     
  -4957.1136773044636     
  -4415.9996099891405     
  -3933.5795322669546     
  -3503.4726147660526     
  -3119.9922249062943     
  -2778.0702604069543     
  -2473.1896658275464     
  -2201.3242696140628     
  -1958.8851821737110     
  -1742.6730853902689     
  -1549.8358124508493     
  -1377.8306586232584     
  -1224.3908879335888     
  -1087.4959287260415     
  -965.34479935354307     
  -856.33237260543490     
  -759.02815857811788     
  -672.15734447247507     
  -594.58386918808196     
  -525.29533314212574     
  -463.38955714490527     
  -408.06261674687693     
  -358.59819709145563     
  -314.35814303358234     
  -274.77412236593710     
  -239.34037008572278     
  -207.60751093440848     
  -179.17740089436626     
  -153.69868256982653     
  -130.86225154630233     
  -110.39536125218339     
  -92.053656937388382     
  -75.612847194082690     
  -60.863838545856751     
  -47.613077465394483     
  -35.685384437918536     
  -24.925612485140793     
  -15.198008622969693     
  -6.3841445606528175     
   1.6195175172086997     
   8.9038675262296039     
   15.549057959561116     
   21.626130811957417     
   27.198454323240625     
   32.323031975978274     
   37.051669469649376     
   41.431883781703178     
   45.507354381636283     
   49.317736507652299     
   52.897880652977726     
   56.276899939411706     
   59.477788695139616     
   62.518051771436390     
   65.411159802002800     
   68.168188266207736     
   70.799077069734750     
   73.313325729174835     
   75.720235255303749     
   78.028895870663135     
   80.248079079172896     
   82.386122779863570     
   84.450845515349940     
   86.449497202537714     
   88.388741559443233     
   90.274662082206603     
   92.112783819491739     
   93.908104778181126     
   95.665132477550458     
   97.387922573084339     
   99.080117528280780     
   100.74498406618490     
   102.38544865120150     
   104.00413060028008     
   105.60337265172808     
   107.18526896711322     
   108.75169063343309     
   110.30430878728616     
   111.84461551269430     
   113.37394267799533     
   114.89347888057817     
   116.40428466502514     
   117.90730617303861     
   119.40338737408119     
   120.89328101508750     
   122.37765841665342     
   123.85711823225255     
   125.33219427656347     
   126.80336251909232     
   128.27104733003367     
   129.73562705677128     
   131.19743900158045     
   132.65678386393932     
   134.11392970435529     
   135.56911548072409     
   137.02255420292082     
   138.47443574652860     
   139.92492936229803     
   141.37418591405552     
   142.82233987430263     
