   2.5000000000000000        5.0000000000000003E-002  log
  -282978.37963279086     
  -275662.80906013155     
  -268833.20873613941     
  -261035.98797306430     
  -251835.40523268725     
  -241772.67066356528     
  -231348.95998679320     
  -220170.52414411923     
  -209799.14593015774     
  -200554.97297886902     
  -192315.42425880363     
  -184971.24859643684     
  -177108.82221304975     
  -167718.48699249668     
  -156834.17460534655     
  -144563.86799786222     
  -130784.61456536040     
  -117158.32724597440     
  -104389.85988391432     
  -93008.928023111774     
  -82864.637539384697     
  -73822.504041718770     
  -65762.668288100424     
  -58578.305687304019     
  -52174.208794255115     
  -46465.524010738722     
  -41376.625771967731     
  -36840.113354944398     
  -32795.917083965236     
  -29190.502088763573     
  -25976.158807027743     
  -23110.370068764812     
  -20555.245149931699     
  -18277.012654313607     
  -16245.567309678294     
  -14434.068602102005     
  -12818.587733202317     
  -11377.795497216090     
  -10092.683232311840     
  -8946.3120009515442     
  -7923.5875475994480     
  -7011.0591450552165     
  -6196.7402589684007     
  -5469.9488401028057     
  -4821.1651290515938     
  -4241.9050381868146     
  -3724.6073815629743     
  -3262.5334195091882     
  -2849.6773601250852     
  -2480.6866141737669     
  -2150.7907351809708     
  -1855.7380955356327     
  -1591.7394543680743     
  -1355.4176658763163     
  -1143.7628591501129     
  -954.09249370968280     
  -784.01576003130469     
  -631.40185221653599     
  -494.35169149168746     
  -371.17272511257607     
  -260.35646612362689     
  -160.55847583393239     
  -70.580523316362644     
   10.645314855589064     
   84.070825658202210     
   150.54428952425229     
   210.82173671775780     
   265.57697955721824     
   315.41055362021217     
   360.85768658224771     
   402.39540043797064     
   440.44884135179291     
   475.39692113495835     
   507.57734521088537     
   537.29109378904093     
   564.80641571150250     
   590.36238796944622     
   614.17208812320519     
   636.42542172278286     
   657.29164224759529     
   676.92159700399759     
   695.44972878267026     
   712.99585983694249     
   729.66678185459318     
   745.55767302127526     
   760.75336097927834     
   775.32944844043891     
   789.35331638948867     
   802.88501818980956     
   815.97807645589319     
   828.68019326656156     
   841.03388314308177     
   853.07703719143865     
   864.84342589461130     
   876.36314722661973     
   887.66302603455597     
   898.76696998816772     
   909.69628682023779     
   920.46996706735376     
   931.10493606287082     
   941.61627852586537     
