   2.5000000000000000        5.0000000000000003E-002  log
  -57572.464066913766     
  -51307.549935727722     
  -45723.532432531618     
  -40746.364687803645     
  -36310.052359616653     
  -32355.777928816718     
  -28831.120226281015     
  -25689.358835864216     
  -22888.854142925520     
  -20392.494802220757     
  -18167.205293889423     
  -16183.507034276268     
  -14415.127219947619     
  -12838.650217436803     
  -11433.206875387923     
  -10180.197636355026     
  -9063.0457691841511     
  -8066.9774371365866     
  -7178.8256696331655     
  -6386.8556237124758     
  -5680.6088097580123     
  -5050.7642170299514     
  -4489.0145087076880     
  -3987.9556638900503     
  -3540.9886265028895     
  -3142.2316812243148     
  -2786.4424196062018     
  -2468.9482921095614     
  -2185.5848662418916     
  -1932.6410161444028     
  -1706.8103232525036     
  -1505.1479260171711     
  -1325.0318931956097     
  -1164.1279908319102     
  -1020.3567967276539     
  -891.86296901451874     
  -776.98789389424780     
  -674.24735227679525     
  -582.31418647848977     
  -500.00398466990407     
  -426.26175417524928     
  -360.14886829005491     
  -300.83054315628880     
  -247.56426512438082     
  -199.68938353219218     
  -156.61788042465201     
  -117.82622414584563     
  -82.848182138640439     
  -51.268471083923792     
  -22.717136698684421     
   3.1354288471212115     
   26.582910109229651     
   47.886998933562360     
   67.280889901134969     
   84.972390540003175     
   101.14668987951185     
   115.96882360823061     
   129.58586956296534     
   142.12890336539454     
   153.71474062102058     
   164.44748911722419     
   174.41993183821887     
   183.71475930346500     
   192.40566769134952     
   200.55833739762971     
   208.23130506969761     
   215.47674072879389     
   222.34114032191962     
   228.86594291514439     
   235.08808073437092     
   241.04046936441119     
   246.75244462013498     
   252.25015189358393     
   257.55689314866675     
   262.69343617181596     
   267.67829018521292     
   272.52795148213215     
   277.25712234563377     
   281.87890615690827     
   286.40498128331944     
   290.84575605436811     
   295.21050688266445     
   299.50750136319692     
   303.74410798474719     
   307.92689390956480     
   312.06171211902279     
   316.15377908181392     
   320.20774397544864     
   324.22775037969973     
   328.21749126072160     
   332.18025797552275     
   336.11898394711051     
   340.03628358989437     
   343.93448700190254     
   347.81567088418331     
   351.68168609769685     
   355.53418222337740     
   359.37462945127805     
   363.20433808926424     
   367.02447595013388     
   370.83608384788761     
