   2.5000000000000000        5.0000000000000003E-002  log
  -238614.36296068534     
  -230198.40837185251     
  -222447.72468454877     
  -215094.69219787573     
  -206475.88588143766     
  -196765.49609074809     
  -185885.51426217577     
  -174950.60487748194     
  -163328.49551971428     
  -152963.22750235509     
  -143724.45274890581     
  -135489.66618003321     
  -127980.00922872257     
  -119230.87620802652     
  -108897.22303741232     
  -97390.976525355916     
  -86777.495634408158     
  -77317.314343155260     
  -68885.013152352651     
  -61368.812047557927     
  -54669.087186216457     
  -48697.048853133252     
  -43373.563154089788     
  -38628.101832459201     
  -34397.806297857838     
  -30626.653472231515     
  -27264.712410557633     
  -24267.481863151381     
  -21595.300031150640     
  -19212.818727618436     
  -17088.534973624439     
  -15194.373696741519     
  -13505.315641706271     
  -11999.064938517731     
  -10655.751338125643     
  -9457.6634075398069     
  -8389.0107768744565     
  -7435.7142861690827     
  -6585.2215248734683     
  -5826.3435640100906     
  -5149.1088756093450     
  -4544.6319625212473     
  -4004.9953851479722     
  -3523.1442062673796     
  -3092.7918217863817     
  -2708.3360774766775     
  -2364.7845880249047     
  -2057.6882508593490     
  -1783.0820460239363     
  -1537.4323131278361     
  -1317.5897883044313     
  -1120.7477659101746     
  -944.40482169708412     
  -786.33159747963828     
  -644.54120304459752     
  -517.26284025042946     
  -402.91829779981362     
  -300.10100376889744     
  -207.55735724934800     
  -124.17009092085345     
  -48.943443466651551     
   19.010055142022733     
   80.481360998609119     
   136.17541263875137     
   186.72048580130175     
   232.67653076097534     
   274.54260290475753     
   312.76348518110757     
   347.73559031979124     
   379.81222115749313     
   409.30825888268265     
   436.50434141901047     
   461.65058739872455     
   484.96991514618395     
   506.66100071633969     
   526.90091424259185     
   545.84746957909010     
   563.64131841759922     
   580.40781666797500     
   596.25868786906221     
   611.29350570330007     
   625.60101528775363     
   639.26031077480945     
   652.34188488897473     
   664.90856432680869     
   677.01634343241653     
   688.71512721106546     
   700.04939354041187     
   711.05878336659816     
   721.77862671685682     
   732.24041150856226     
   742.47220137559964     
   752.49900805639936     
   762.34312328503438     
   772.02441458940518     
   781.56058892159353     
   790.96742761862129     
   800.25899581141186     
   809.44782906069747     
   818.54509969642402     
   827.56076506788600     
