   2.5000000000000000        5.0000000000000003E-002  log
  -284034.91140841745     
  -275618.95681958459     
  -267868.27313228085     
  -260515.24064560782     
  -251896.43432916974     
  -242186.04453848017     
  -231306.06270990788     
  -220371.15332521402     
  -208749.04396744640     
  -198383.77595008721     
  -189145.00119663792     
  -180910.21462776529     
  -173400.55767645466     
  -164651.42465575860     
  -154317.77148514442     
  -142530.89669193252     
  -129221.37023316204     
  -115147.52036915712     
  -102597.86594389200     
  -91411.944704270194     
  -81441.453128091423     
  -72554.215690008481     
  -64632.430851802972     
  -57571.107782857747     
  -51276.673091389799     
  -45665.729103783167     
  -40663.947241039787     
  -36205.081839305996     
  -32230.091370192487     
  -28686.355444640420     
  -25526.977217374701     
  -22710.161818146942     
  -20198.662209014525     
  -17959.284497192340     
  -15962.445560599965     
  -14181.777359047084     
  -12593.774313359781     
  -11177.481076061576     
  -9914.2168280278638     
  -8787.3306903899302     
  -7781.9831672136070     
  -6884.9501803336880     
  -6084.4475257523609     
  -5369.9740088484577     
  -4732.1715453889537     
  -4162.7005215893714     
  -3654.1287887388021     
  -3199.8328028486444     
  -2793.9095710101078     
  -2431.0982126201734     
  -2106.7100771777496     
  -1816.5664792571617     
  -1556.9432163425067     
  -1324.5211279698492     
  -1116.3420366229325     
  -929.76948344021275     
  -762.45373619555426     
  -612.30060421350754     
  -477.44364572830102     
  -356.21939843050353     
  -247.14530420689655     
  -148.90003492719282     
  -60.305958057954008     
   19.686490676366649     
   92.012735028614983     
   157.50647122912372     
   216.91073100463285     
   270.88774144529043     
   320.02771257613381     
   364.85666925506644     
   405.84343133400512     
   443.40583471481347     
   477.91627585653123     
   509.70665331135916     
   539.07277186454985     
   566.27826772150445     
   591.55810682925437     
   615.12170275472374     
   637.15569549351255     
   657.82642808337744     
   677.28215388640308     
   695.65500382980690     
   713.06273970997529     
   729.61031682540579     
   745.39127667405683     
   760.48898819559554     
   774.97775402926447     
   788.92379646688903     
   802.38613618413854     
   815.41737541036764     
   828.06439592929530     
   840.36898117262808     
   852.36837066147541     
   864.09575415269467     
   875.58071204721614     
   886.84960790432206     
   897.92593827032238     
   908.83064446365643     
   919.58239045363052     
   930.19781052008216     
   940.69172998027022     
