   2.5000000000000000        5.0000000000000003E-002  log
  -170483.54028908719     
  -162067.58570025436     
  -154316.90201295062     
  -146963.86952627759     
  -138345.06320983951     
  -128634.67341914994     
  -117754.69159057764     
  -106819.78220588378     
  -95197.672848116141     
  -84832.404830756961     
  -75593.630077307680     
  -67358.843508435064     
  -60018.862369161121     
  -53476.377453924673     
  -47644.661895918558     
  -42446.420387017533     
  -37812.763553210250     
  -33682.293865735097     
  -30000.290944758242     
  -26717.985432337395     
  -23791.911792636012     
  -21183.331454005645     
  -18857.718650868261     
  -16784.302163096239     
  -14935.656896383309     
  -13287.339909295581     
  -11817.566083199705     
  -10506.919162584834     
  -9338.0943731794778     
  -8295.6692471869283     
  -7365.8996215536163     
  -6536.5379851627195     
  -5796.6714116170097     
  -5136.5763097511290     
  -4547.5874858215311     
  -4021.9800228919648     
  -3552.8640428784347     
  -3134.0929574886050     
  -2760.1842681133380     
  -2426.2501114251181     
  -2127.9347901261531     
  -1861.3579214211097     
  -1623.0628785762133     
  -1409.9704280192489     
  -1219.3373152648649     
  -1048.7193997467909     
  -895.93887879059002     
  -759.05514924194347     
  -636.33889360383989     
  -526.24902339947607     
  -427.41215634991090     
  -338.60434294262774     
  -258.73479181626192     
  -186.83137266885288     
  -122.02770081783223     
  -63.551629727062135     
  -10.714997279399151     
   37.095511282191588     
   80.426505671935260     
   119.76514664514303     
   155.54561245139595     
   188.15486168399383     
   217.93776914997133     
   245.20170301997979     
   270.22060407209784     
   293.23862121483739     
   314.47335157129140     
   334.11872814817957     
   352.34759342936132     
   369.31399306011861     
   385.15522007015312     
   399.99363677001270     
   413.93829850328331     
   427.08640080596803     
   439.52456917995079     
   451.33000859809215     
   462.57152799652420     
   473.31045335032968     
   483.60144144995394     
   493.49320517774157     
   503.02915990941347     
   512.24799961848839     
   521.18421032871231     
   529.86852772809334     
   538.32834501711307     
   546.58807640325642     
   554.66948106540167     
   562.59195188703097     
   570.37277278969600     
   578.02734808148921     
   585.56940686390817     
   593.01118520952775     
   600.36358852791216     
   607.63633627429874     
   614.83809092128115     
   621.97657290488746     
   629.05866307033762     
   636.09049397688693     
   643.07753127332637     
   650.02464622395200     
   656.93618034738631     
