   2.5000000000000000        5.0000000000000003E-002  log
  -488427.37942321185     
  -480011.42483437905     
  -472260.74114707531     
  -464907.70866040228     
  -456288.90234396420     
  -446578.51255327463     
  -435698.53072470229     
  -424763.62134000845     
  -413141.51198224083     
  -402776.24396488164     
  -393537.46921143233     
  -385302.68264255975     
  -377793.02569124912     
  -369043.89267055306     
  -358710.23949993885     
  -346923.36470672698     
  -333613.83824795648     
  -319530.64740369970     
  -304203.78710315330     
  -287153.43259211129     
  -268959.35325417598     
  -252020.86632734386     
  -236923.14742517308     
  -223466.01598576418     
  -211471.06068002808     
  -200779.27194313545     
  -191248.93202711031     
  -182389.24344872226     
  -170925.52137382937     
  -157403.95986194699     
  -142696.95895423810     
  -129587.81319991338     
  -117902.76369828091     
  -107486.95023081386     
  -98202.354448475264     
  -89925.965313322959     
  -82548.144083772699     
  -75971.169150545364     
  -70107.941691667700     
  -64880.833219046915     
  -60220.657885322733     
  -56065.755375637273     
  -50724.037885124322     
  -45125.873386129184     
  -40134.913344395907     
  -35685.123136186157     
  -31717.649881042013     
  -28180.041259565824     
  -25025.549339771962     
  -22212.510150787162     
  -19703.790753756010     
  -17466.296460819955     
  -15470.531655167721     
  -13690.208379167585     
  -12101.897493279695     
  -10684.717774534482     
  -9420.0588275784976     
  -8291.3341304694022     
  -7283.7609376040627     
  -6384.1641187607793     
  -5580.8013310000379     
  -4863.2072033400682     
  -4222.0544664777090     
  -3649.0301847209516     
  -3136.7254477280130     
  -2678.5370582731748     
  -2268.5799114549955     
  -1901.6089026424218     
  -1572.9493279027329     
  -1278.4348533510008     
  -1014.3522302998762     
  -777.39202260420836     
  -564.60469237541975     
  -373.36146134453105     
  -201.31942852393021     
  -46.390481297413181     
   93.286412594782220     
   219.36989984626942     
   333.33825083638447     
   436.50897539411096     
   530.05630536416288     
   615.02677595890634     
   692.35311265169969     
   762.86660788268671     
   827.30815180871969     
   886.33806346900428     
   940.54485282025325     
   990.45302990838229     
   1036.5300647998295     
   1079.1925906266513     
   1118.8119320561104     
   1155.7190325442423     
   1190.2088457551097     
   1222.5442494172478     
   1252.9595335518234     
   1281.6635093591985     
   1308.8422800169562     
   1334.6617101562049     
   1359.2696267846247     
   1382.7977808611754     
   1405.3635955513789     
