   2.5000000000000000        5.0000000000000003E-002  log
  -443613.12221044640     
  -435486.86830982729     
  -426602.15776796069     
  -418484.52094579884     
  -410564.70715848706     
  -401144.48718007619     
  -390597.13759242173     
  -379234.54083438567     
  -367395.39842343901     
  -355830.09846706130     
  -345521.76310721092     
  -336333.69885594258     
  -328144.07762275351     
  -320148.65740392543     
  -310442.00528035202     
  -299104.09250600776     
  -286297.68632629444     
  -271908.71938254830     
  -257330.89319322226     
  -240620.07537619758     
  -222445.05734145868     
  -204389.72207041242     
  -188296.57975739002     
  -173952.24394860564     
  -161166.53359879483     
  -149769.94951578428     
  -139611.42526845227     
  -130556.32273043371     
  -120075.86946825286     
  -107562.95064789733     
  -95808.718418180157     
  -85331.288194299661     
  -75991.815131168347     
  -67666.556822878105     
  -60245.229906134802     
  -53629.543445869094     
  -47731.890872728778     
  -42474.185746325442     
  -37786.827386883022     
  -33607.781201872342     
  -29881.758893175858     
  -26559.486419209174     
  -23597.050311650870     
  -20955.314444436914     
  -18599.400057544906     
  -16498.222368560204     
  -14624.077675676035     
  -12952.275455411729     
  -11460.810539488764     
  -10130.070990748987     
  -8942.5777795922895     
  -7882.7527914530701     
  -6936.7120769557123     
  -6092.0815948523432     
  -5337.8329985993423     
  -4664.1372848646133     
  -4062.2343602133824     
  -3524.3167940462604     
  -3043.4262144939062     
  -2613.3609719889942     
  -2228.5938449168052     
  -1884.1986951077740     
  -1575.7850997678565     
  -1299.4400923349240     
  -1051.6762391146940     
  -829.38536264529307     
  -629.79729768474101     
  -450.44313250717840     
  -289.12244771928982     
  -143.87411785902492     
  -12.950288319005525     
   105.20681772519806     
   211.98557014696678     
   308.62335475543983     
   396.22299270181054     
   475.76737428376089     
   548.13250133210715     
   614.09911124603309     
   674.36303692220702     
   729.54444004884101     
   780.19604028574122     
   826.81044952722948     
   869.82670856966149     
   909.63611292155133     
   946.58740506157540     
   980.99140204281264     
   1013.1251198489100     
   1043.2354492300251     
   1071.5424317947766     
   1098.2421798300447     
   1123.5094785929307     
   1147.5001056057688     
   1170.3528977298702     
   1192.1915934468500     
   1213.1264747935181     
   1233.2558307378376     
   1252.6672614140766     
   1271.4388405235763     
   1289.6401513254996     
   1307.3332099645343     
   1324.5732883875612     
