   2.5000000000000000        5.0000000000000003E-002  log
  -239220.65419565196     
  -231094.40029503289     
  -222209.68975316628     
  -214092.05293100441     
  -206172.23914369263     
  -196752.01916528176     
  -186204.66957762730     
  -174842.07281959124     
  -163002.93040864455     
  -151437.63045226687     
  -141129.29509241646     
  -131941.23084114818     
  -123751.60960795906     
  -115756.18938913103     
  -106049.53726555761     
  -94930.011706890757     
  -84583.953333245896     
  -75362.115374789108     
  -67142.240633787020     
  -59815.367222030720     
  -53284.382677191112     
  -47462.735317820734     
  -42273.285739364139     
  -37647.283215832802     
  -33523.453430049376     
  -29847.185432179856     
  -26569.807044868037     
  -23647.939116476795     
  -21042.920090268988     
  -18720.293313493585     
  -16649.350341872465     
  -14802.724162420138     
  -13156.026709663598     
  -11687.525289901907     
  -10377.852791544348     
  -9209.7474741438273     
  -8167.8201140714518     
  -7238.3480480642429     
  -6409.0948730910122     
  -5669.1519620868012     
  -5008.7970816170646     
  -4419.3669879931786     
  -3893.1426246166943     
  -3423.2461688268768     
  -3003.5491037721190     
  -2628.5903282353138     
  -2293.5032703154452     
  -1993.9510199846184     
  -1726.0685860485119     
  -1486.4114811931834     
  -1271.9099306594046     
  -1079.8280817763152     
  -907.72766312974750     
  -753.43560469254703     
  -615.01518509143284     
  -490.74032045653513     
  -379.07265192541195     
  -278.64112661121573     
  -188.22380031909293     
  -106.73162002814084     
  -33.193970591939369     
   33.254206369498768     
   93.383892477921322     
   147.88222395512713     
   197.36161017831913     
   242.36786048961721     
   283.38742714042644     
   320.85386051132832     
   355.15356228721799     
   386.63091294572507     
   415.59284161013977     
   442.31289891541741     
   467.03488693879416     
   489.97609436733740     
   511.33017983520642     
   531.26974169386074     
   549.94860831688334     
   567.50387933220372     
   584.05774486904158     
   599.71910696096654     
   614.58502462095510     
   628.74200176437114     
   642.26713507034071     
   655.22913701334494     
   667.68924764035228     
   679.70204719246635     
   691.31618035427641     
   702.57500174141251     
   713.51715119165124     
   724.17706649343052     
   734.58544035544298     
   744.76962768107558     
   754.75400855202497     
   764.56031173769884     
   774.20790302320381     
   783.71404218188081     
   793.09411200227453     
   802.36182240860080     
   811.52939238327735     
   820.60771210552832     
   829.60648745755100     
