   2.5000000000000000        5.0000000000000003E-002  log
  -5582.1059644327352     
  -4973.6250918316018     
  -4431.1594408315987     
  -3947.5299181279338     
  -3516.3381504871154     
  -3131.8815832167325     
  -2789.0778133719837     
  -2483.3971551227751     
  -2210.8025439806570     
  -1967.6959829062096     
  -1750.8708177772592     
  -1557.4692041664557     
  -1384.9441944118728     
  -1231.0259359724730     
  -1093.6915301958386     
  -971.13815425284872     
  -861.75909627683461     
  -764.12239319040475     
  -676.95179266443665     
  -599.10978757786495     
  -529.58249639983057     
  -467.46618797262056     
  -411.95527378574093     
  -362.33161301209378     
  -317.95499382308901     
  -278.25466965968013     
  -242.72184503091012     
  -210.90302756620332     
  -182.39419458661459     
  -156.83575627252486     
  -133.90830681003598     
  -113.32908904282064     
  -94.848895962452630     
  -78.248788103698658     
  -63.335749408353806     
  -49.936857957134478     
  -37.893127414788353     
  -27.055581459434837     
  -17.285024245362347     
  -8.4540844209399868     
 -0.44896997972590807     
   6.8302904388803443     
   13.470832196388123     
   19.548456654594485     
   25.129176260076417     
   30.270608578639603     
   35.023164197941625     
   39.431019311390585     
   43.532888268997979     
   47.362640171235384     
   50.949825147195220     
   54.320172583531516     
   57.496094318752959     
   60.497188303585439     
   63.340713538541316     
   66.042004299408816     
   68.614805042057739     
   71.071524966033692     
   73.423424040995840     
   75.680747629523637     
   77.852826305196558     
   79.948153985685650     
   81.974453395059669     
   83.938734366566806     
   85.847347980374209     
   87.706037932372041     
   89.519989622536229     
   91.293877000170056     
   93.031907024745038     
   94.737861569605357     
   96.415136633755452     
   98.066778789957098     
   99.695518862287045     
   101.30380288256985     
   102.89382041905776     
   104.46753040226363     
   106.02668459343346     
   107.57284885276979     
   109.10742236919702     
   110.63165501297618     
   112.14666296831180     
   113.65344279642555     
   115.15288407130981     
   116.64578072120139     
   118.13284119923509     
   119.61469759710670     
   121.09191380614735     
   122.56499282115401     
   124.03438327374090     
   125.50048527393660     
   126.96365563127947     
   128.42421251976728     
   129.88243964468600     
   131.33858996355383     
   132.79288900814768     
   134.24553784979270     
   135.69671574576242     
   137.14658250072020     
   138.59528057360006     
   140.04293695714307     
   141.48966485444313     
