   2.5000000000000000        5.0000000000000003E-002  log
  -227865.51708371894     
  -219739.26318309986     
  -210854.55264123325     
  -202736.91581907138     
  -194817.10203175960     
  -185396.88205334876     
  -174849.53246569427     
  -163486.93570765821     
  -151647.79329671155     
  -140082.49334033384     
  -129774.15798048343     
  -120586.09372921515     
  -112396.47249602605     
  -104401.05227719800     
  -94694.400153624592     
  -84375.569233257353     
  -75178.028336931093     
  -66979.838958093591     
  -59672.323274492563     
  -53158.622029055863     
  -47352.409240808949     
  -42176.746689930747     
  -37563.062978559028     
  -33450.243624708579     
  -29783.820120833781     
  -26515.247201319689     
  -23601.258735560747     
  -21003.293716157943     
  -18686.984761946424     
  -16621.702408182460     
  -14780.149195489868     
  -13137.998154376957     
  -11673.570660986541     
  -10367.548813999596     
  -9202.7176878011924     
  -8163.7336797141888     
  -7236.9171081966351     
  -6410.0689409743172     
  -5672.3107125641536     
  -5013.9440590148661     
  -4426.3253950273602     
  -3901.7528230756525     
  -3433.3640872306187     
  -3015.0449892318516     
  -2641.3475931909184     
  -2307.4173663126176     
  -2008.9283413709984     
  -1742.0254227619771     
  -1503.2730368484613     
  -1289.6094151172388     
  -1098.3058812992747     
  -926.93058707308853     
  -773.31620518609498     
  -635.53114484933110     
  -511.85390328709423     
  -400.75021040651012     
  -300.85266155383090     
  -210.94256694108560     
  -129.93377612823139     
  -56.858262405733399     
   9.1467245592831610     
   68.850108530541590     
   122.93719106285728     
   172.01874593799621     
   216.63912443684393     
   257.28347905932975     
   294.38420158935224     
   328.32666096511173     
   359.45431711578050     
   388.07327863891516     
   414.45636480878647     
   438.84672582541202     
   461.46106934986949     
   482.49253614540726     
   502.11326298642672     
   520.47666684668786     
   537.71948067890423     
   553.96356780111773     
   569.31753896706687     
   583.87819357918465     
   597.73180416909281     
   610.95526119052909     
   623.61709331592613     
   635.77837677576179     
   647.49354580737293     
   658.81111496764390     
   669.77432289441344     
   680.42170605907347     
   690.78761012382824     
   700.90264568910845     
   710.79409447870489     
   720.48627135251036     
   730.00084695060593     
   739.35713525001745     
   748.57234984987565     
   757.66183238575150     
   766.63925610410286     
   775.51680729815655     
   784.30534701278236     
   793.01455516409078     
   801.65305898614372     
