   2.5000000000000000        5.0000000000000003E-002  log
  -330061.75109111617     
  -321935.49719049706     
  -313050.78664863046     
  -304933.14982646861     
  -297013.33603915683     
  -287593.11606074596     
  -277045.76647309150     
  -265683.16971505544     
  -253844.02730410875     
  -242278.72734773107     
  -231970.39198788066     
  -222782.32773661235     
  -214592.70650342325     
  -206597.28628459523     
  -196890.63416102179     
  -185552.72138667753     
  -172746.31520696421     
  -158357.34826321804     
  -143779.52207389200     
  -128164.93357047231     
  -114193.83345443166     
  -101740.92570843615     
  -90641.108685422019     
  -80747.235228244914     
  -71928.160126913455     
  -64066.999932824969     
  -57059.582045675670     
  -50813.062509809613     
  -45244.694215503281     
  -40280.729219548390     
  -35855.440678186307     
  -31910.251397042583     
  -28392.957207201998     
  -25257.034286675495     
  -22461.020407528191     
  -19967.961536143070     
  -17744.917674129552     
  -15762.524013753320     
  -13994.603076048688     
  -12417.821236945483     
  -11011.382472771948     
  -9756.7540139018529     
  -8637.4205794859208     
  -7638.6647037478315     
  -6747.3707805545773     
  -5951.8504588121796     
  -5241.6871243248688     
  -4607.5973866628656     
  -4041.3076993332120     
  -3535.4444459762399     
  -3083.4360118846698     
  -2679.4255262487468     
  -2318.1931073100795     
  -1995.0865722127032     
  -1705.9596879489200     
  -1447.1171413318677     
  -1215.2654960229356     
  -1007.4694846881424     
  -821.11305553918487     
  -653.86465585463861     
  -503.64629146436278     
  -368.60595139460912     
  -247.09303159854719     
  -137.63643154281951     
  -38.925032922083219     
   50.209698593468730     
   130.80921948471692     
   203.80172817243107     
   270.01448187137004     
   330.18477396373612     
   384.96971756762457     
   434.95496513188027     
   480.66247976816157     
   522.55746144641705     
   561.05451996424767     
   596.52317660481197     
   629.29276748931022     
   659.65681369038487     
   687.87691609660089     
   714.18622671157993     
   738.79254245067057     
   761.88106248861277     
   783.61684574704088     
   804.14700113159188     
   823.60263958204837     
   842.10061383828247     
   859.74506900783103     
   876.62882451034307     
   892.83460573658135     
   908.43614176544111     
   923.49914370509566     
   938.08217664032065     
   952.23743675625508     
   966.01144395059487     
   979.44565912479061     
   992.57703434535335     
   1005.4385031755893     
   1018.0594176841855     
   1030.4659379294944     
   1042.6813790877457     
   1054.7265208313731     
