   2.5000000000000000        5.0000000000000003E-002  log
  -148379.55730018776     
  -140253.30339956869     
  -131368.59285770208     
  -123250.95603554021     
  -115331.14224822844     
  -105910.92226981759     
  -95363.572682163096     
  -84982.596165791809     
  -75729.883861185896     
  -67482.738173322927     
  -60131.804819647041     
  -53579.621782308692     
  -47739.326055332029     
  -42533.501020104028     
  -37893.149152212856     
  -33756.776430790196     
  -30069.576307718580     
  -26782.702415953561     
  -23852.620371149311     
  -21240.530066381099     
  -18911.850792710491     
  -16835.762352562604     
  -14984.796078666990     
  -13334.470336238212     
  -11862.965677163975     
  -10550.835340678459     
  -9380.7472659211799     
  -8337.2542094830569     
  -7406.5889540390508     
  -6576.4819501933889     
  -5835.9990303477971     
  -5175.3970241586103     
  -4585.9951324408767     
  -4060.0597773083955     
  -3590.7005722733829     
  -3171.7756698415683     
  -2797.8064614102127     
  -2463.9031286558752     
  -2165.7015498861228     
  -1899.3092761644159     
  -1661.2572493952737     
  -1448.4553742773303     
  -1258.1516679406398     
  -1087.8952168447729     
  -935.50299104462863     
  -799.03030822991809     
  -676.74460814919814     
  -567.10217159737761     
  -468.72744132134602     
  -380.39464034268627     
  -301.01142157015494     
  -229.60431659707430     
  -165.30578063808176     
  -107.34265524749689     
  -55.025891562332006     
  -7.7413950079996416     
   35.058131775326942     
   73.860457180541360     
   109.10029726862172     
   141.16508724762880     
   170.40012473007616     
   197.11315325722535     
   221.57844707797392     
   244.04045150209004     
   264.71702721612604     
   283.80234167152003     
   301.46944595471973     
   317.87257136402633     
   333.14917619021389     
   347.42176987735945     
   360.79953878195471     
   373.37979511253690     
   385.24926828346145     
   396.48525582364846     
   407.15664911622798     
   417.32484758313109     
   427.04457344767940     
   436.36459788840699     
   445.32838822114593     
   453.97468469818182     
   462.33801457910027     
   470.44915029539277     
   478.33551778890029     
   486.02156044290086     
   493.52906343529799     
   500.87744281812701     
   508.08400315948154     
   515.16416716676349     
   522.13168033833733     
   528.99879335928574     
   535.77642466162172     
   542.47430530609006     
   549.10110810809954     
   555.66456272124321     
   562.17155820552455     
   568.62823444133187     
   575.04006360218352     
   581.41192276735580     
   587.74815863792776     
   594.05264521499532     
   600.32883520541634     
