   2.5000000000000000        5.0000000000000003E-002  log
  -159734.69441212079     
  -151608.44051150171     
  -142723.72996963511     
  -134606.09314747324     
  -126686.27936016145     
  -117266.05938175060     
  -106718.70979409611     
  -95356.113036060051     
  -84974.840432893310     
  -75721.833019701429     
  -67474.393159197221     
  -60123.166556109027     
  -53570.691201051995     
  -47730.104103681530     
  -42523.988651918087     
  -37883.347305111260     
  -33746.685996098509     
  -30059.198100212649     
  -26772.037147910090     
  -23841.668631350149     
  -21229.292302336540     
  -18900.327294972332     
  -16823.953242817039     
  -14972.701306055586     
  -13322.089687290618     
  -11850.298804458365     
  -10537.881817490519     
  -9367.5066840250802     
  -8323.7263579020309     
  -7392.7741407005142     
  -6562.3815293491280     
  -5821.6161257619960     
  -5160.7372304132632     
  -4571.0666282435741     
  -4044.8720239983722     
  -3575.2612182051794     
  -3156.0868503567481     
  -2781.8630763673646     
  -2447.6945660248198     
  -2149.2154303009779     
  -1882.5346571745738     
  -1644.1860845120366     
  -1431.0825595264162     
  -1240.4744481743201     
  -1069.9124855821410     
  -917.21470730979479     
  -780.43707518505630     
  -657.84739010754242     
  -547.90211194064455     
  -449.22574880343763     
  -360.59252005736505     
  -280.91003452152796     
  -209.20475737647371     
  -144.60906645920622     
  -86.349722030060590     
  -33.737594316628574     
   13.841489231367445     
   56.934899583048278     
   96.030473651369689     
   131.56299065355208     
   163.91994359468748     
   193.44668269925791     
   220.45099920786126     
   245.20721048056214     
   267.95980069676347     
   288.92666552088281     
   308.30200383144626     
   326.25889491628402     
   342.95159535452001     
   358.51758608048215     
   373.07939680539334     
   386.74623201521297     
   399.61542012770553     
   411.77370504352268     
   423.29839723346208     
   434.25839963923693     
   444.71512200321405     
   454.72329576155010     
   464.33170031527504     
   473.58381031759023     
   482.51837256733933     
   491.16992016433579     
   499.56923074959064     
   507.74373491141154     
   515.71788017698702     
   523.51345541965043     
   531.14987998670313     
   538.64446138450000     
   546.01262494024047     
   553.26811848803243     
   560.42319479536184     
   567.48877415071581     
   574.47458926984393     
   581.38931444351226     
   588.24068064049152     
   595.03557809314782     
   601.78014772690415     
   608.47986264679923     
   615.13960076243154     
   621.76370951498882     
   628.35606356525477     
