   2.5000000000000000        5.0000000000000003E-002  log
  -397282.58343435026     
  -390101.19406175328     
  -382167.90829031687     
  -373315.56840856053     
  -363429.81299418316     
  -353535.68993742089     
  -344338.19132267218     
  -333796.53850024944     
  -321929.12568848219     
  -309310.85336271691     
  -295954.04086932767     
  -283510.43759797345     
  -272419.21939922619     
  -262533.31567673461     
  -253721.64964819903     
  -244445.85425031057     
  -233275.12367971303     
  -220338.78447811349     
  -205633.54821512674     
  -190333.13788252839     
  -173145.12536079410     
  -154734.02538504140     
  -137865.52597128288     
  -122830.14514797057     
  -109428.55174068194     
  -97483.096094501103     
  -86835.444245314575     
  -77344.466798553563     
  -68884.364989131718     
  -61343.011104530844     
  -54620.471369821265     
  -48627.684600510991     
  -43285.280167364261     
  -38522.522858611825     
  -34276.372424578556     
  -30490.645773801705     
  -27115.270638866859     
  -24105.620652515678     
  -21421.922885851291     
  -19028.729906265729     
  -16894.449301341745     
  -14990.924397733825     
  -13293.060595186013     
  -11778.492347888994     
  -10427.286368584842     
  -9221.6771136679945     
  -8145.8310371152620     
  -7185.6364834257820     
  -6328.5164299336939     
  -5563.2615911244357     
  -4879.8816657699736     
  -4269.4727459976721     
  -3724.0991210787065     
  -3236.6879035571601     
  -2800.9350854652157     
  -2411.2217978314611     
  -2062.5396934329851     
  -1750.4244958785205     
  -1470.8968561580923     
  -1220.4097342587013     
  -995.80158467930517     
  -794.25467744266962     
  -613.25793896199525     
  -450.57376212245396     
  -304.20832170957794     
  -172.38503198423243     
  -53.520868524834171     
   53.794683896041946     
   150.81830580368236     
   238.66942071808552     
   318.34497265941917     
   390.73267508965745     
   456.62294110237406     
   516.71963195930903     
   571.64970649366376     
   621.97183166412879     
   668.18401940184708     
   710.73037098972600     
   750.00702324013855     
   786.36739421656875     
   820.12682073675865     
   851.56666913769516     
   880.93798850241762     
   908.46476411558342     
   934.34681933134152     
   958.76240642332823     
   981.87052105584598     
   1003.8129703762320     
   1024.7162210280237     
   1044.6930503524686     
   1063.8440214927466     
   1082.2588009146405     
   1100.0173349270194     
   1117.1909000718722     
   1133.8430407210353     
   1150.0304058404461     
   1165.8034956442928     
   1181.2073277463944     
   1196.2820314124069     
   1211.0633776134646     
   1225.5832517702095     
