   2.5000000000000000        5.0000000000000003E-002  log
  -215600.38964342189     
  -208419.00027082491     
  -200485.71449938847     
  -191633.37461763216     
  -181747.61920325478     
  -171853.49614649251     
  -162655.99753174381     
  -152114.34470932110     
  -140246.93189755382     
  -127628.65957178854     
  -114271.84707839930     
  -101828.24380704506     
  -90737.025608297801     
  -80851.121885806206     
  -72039.455857270659     
  -64185.205279372472     
  -57184.252353223157     
  -50943.802253279086     
  -45381.151955676833     
  -40422.593037575971     
  -36002.433929033577     
  -32062.128771629683     
  -28549.501539394398     
  -25418.055135396546     
  -22626.355254741953     
  -20137.477975610320     
  -17918.511275529145     
  -15940.108183079707     
  -14176.096122675037     
  -12603.139316650922     
  -11200.439885315058     
  -9949.4665850457732     
  -8833.7086625745160     
  -7838.4548295587820     
  -6950.5962106354500     
  -6158.4510985396746     
  -5451.6091262716564     
  -4820.7926325257586     
  -4257.7332557472637     
  -3755.0620385274033     
  -3306.2115358115693     
  -2905.3285998929805     
  -2547.1966686648880     
  -2227.1665164668129     
  -1941.0945429948511     
  -1685.2877779640269     
  -1456.4548695943972     
  -1251.6624051496065     
  -1068.2959829769657     
  -904.02551885071648     
  -756.77432581228641     
  -624.69155691722722     
  -506.12764502431315     
  -399.61241360320173     
  -303.83556802957628     
  -217.62930845749256     
  -139.95283353178218     
  -69.878529306226184     
  -6.5796601016510268     
   50.680602028984858     
   102.55895479809827     
   149.64067988307852     
   192.44740946403650     
   231.44404819955489     
   267.04494274342676     
   299.61938179796192     
   329.49650363342118     
   356.96968711386342     
   382.30050855998735     
   405.72235880470544     
   427.44382291174713     
   447.65190749158666     
   466.51512229079452     
   484.18624281305438     
   500.80429987297703     
   516.49514219181583     
   531.37028301898397     
   545.52500353562198     
   559.03787438293477     
   571.97310050079113     
   584.38472356486852     
   596.32051711992744     
   607.82434459456545     
   618.93710742924134     
   629.69693115254779     
   640.13910598486109     
   650.29603244683005     
   660.19724672792279     
   669.86952373972395     
   679.33703382062038     
   688.62152904592733     
   697.74254112916572     
   706.71757905808704     
   715.56231931842080     
   724.29078477229723     
   732.91551032345501     
   741.44769477581099     
   749.89733905024877     
   758.27337135531036     
   766.58376013430200     
   774.83561571288453     
