   2.5000000000000000        5.0000000000000003E-002  log
  -374572.30921048427     
  -367390.91983788722     
  -359457.63406645082     
  -350605.29418469453     
  -340719.53877031710     
  -330825.41571355483     
  -321627.91709880612     
  -311086.26427638344     
  -299218.85146461613     
  -286600.57913885085     
  -273243.76664546161     
  -260800.16337410739     
  -249708.94517536013     
  -239823.04145286855     
  -231011.37542433300     
  -221735.58002644451     
  -210564.84945584697     
  -197628.51025424743     
  -182923.27399126068     
  -167622.86365866236     
  -150434.85113692807     
  -134037.07497399510     
  -119421.27681436282     
  -106393.68069811778     
  -94781.589895565601     
  -84431.092725641109     
  -75205.011715694607     
  -66981.073214022021     
  -59650.283654054409     
  -53115.492972217726     
  -47290.116237254828     
  -42096.989434119852     
  -37467.345297007036     
  -33339.898871751502     
  -29660.032459633596     
  -26379.069575631154     
  -23453.628222362102     
  -20845.044742010807     
  -18518.860476065023     
  -16444.364340382581     
  -14594.185197559696     
  -12943.928589566724     
  -11471.852994077255     
  -10158.581299130228     
  -8986.8436619193872     
  -7941.2483360731230     
  -7008.0774238664753     
  -6175.1048402633369     
  -5431.4340683445880     
  -4767.3535440760988     
  -4174.2077373586726     
  -3644.2822034465858     
  -3170.7010734622527     
  -2747.3356417807877     
  -2368.7228907337903     
  -2029.9929579015736     
  -1726.8046766789087     
  -1455.2883819325089     
  -1211.9951612352336     
  -993.85168853257244     
  -798.11979573198971     
  -622.36009930721514     
  -464.39926870304799     
  -322.30075198304087     
  -194.33883332054725     
  -78.975788857844606     
   25.158258588362315     
   119.28328089369653     
   204.48552655180285     
   281.73221609486404     
   351.88484215198127     
   415.71107765727260     
   473.89531649323305     
   527.04793885243464     
   575.71344585885515     
   620.37762217625198     
   661.47387108747114     
   699.38884129231985     
   734.46744018133472     
   767.01730908196419     
   797.31282214687326     
   825.59866084972793     
   852.09300906672854     
   876.99040841178396     
   900.46430920442856     
   922.66934880659312     
   943.74338586332578     
   963.80931611567917     
   982.97669286318501     
   1001.3431728048733     
   1018.9958058590577     
   1036.0121856353055     
   1052.4614754913514     
   1068.4053235383446     
   1083.8986785454556     
   1098.9905174258563     
   1113.7244938474062     
   1128.1395164908199     
   1142.2702645642523     
   1156.1476473655994     
   1169.7992139527084     
