   2.5000000000000000        5.0000000000000003E-002  log
  -192890.11541955586     
  -185708.72604695885     
  -177775.44027552241     
  -168923.10039376613     
  -159037.34497938873     
  -149143.22192262646     
  -139945.72330787775     
  -129404.07048545504     
  -117536.65767368776     
  -104918.38534792249     
  -93493.983479016693     
  -83311.192084198861     
  -74234.987192350789     
  -66145.028570977258     
  -58934.062899642064     
  -52506.500617761892     
  -46777.147574855255     
  -41670.074664774162     
  -37117.610451888868     
  -33059.443430473824     
  -29441.822045532870     
  -26216.841988168671     
  -23341.811523406555     
  -20778.686437562395     
  -18493.566065865867     
  -16456.240850324626     
  -14639.782951526800     
  -13020.178806820415     
  -11576.009246185327     
  -10288.174969128077     
  -9139.6538602091769     
  -8115.2798292394591     
  -7201.5413191040434     
  -6386.4000778460386     
  -5659.1295762886657     
  -5010.1713754406155     
  -4431.0074731427885     
  -3914.0467800290876     
  -3452.5240933678342     
  -3040.4101474580793     
  -2672.3314987091298     
  -2343.4991541661193     
  -2049.6449797827454     
  -1786.9650338325469     
  -1552.0690645839097     
  -1341.9354920559044     
  -1153.8712639701446     
  -985.47603961550749     
  -834.61021677005965     
  -699.36638048430996     
  -578.04382151421737     
  -469.12584607466999     
  -371.25966846687476     
  -283.23872021483163     
  -203.98718762443389     
  -132.54648577272133     
  -68.063242272736687     
  -9.7783272455192733     
   42.983377119422457     
   90.822495882437892     
   134.27379653880169     
   173.81376277473575     
   209.86707208808659     
   242.81210906708807     
   272.98575041014800     
   300.68766805409791     
   326.18432131520279     
   349.71269355132853     
   371.48373784058958     
   391.68546913416526     
   410.48566848362947     
   428.03421119289084     
   444.46506445754818     
   459.89801197858185     
   474.44015890372305     
   488.18725949832208     
   501.22489862917661     
   513.62954922547794     
   525.46952176853881     
   536.80581798956246     
   547.69289858269883     
   558.17937327013192     
   568.30862058673472     
   578.11934404572651     
   587.64607077403264     
   596.91959820166949     
   605.96739392399331     
   614.81395341761186     
   623.48111987700349     
   631.98837004951508     
   640.35306958234094     
   648.59070105704041     
   656.71506757532120     
   664.73847447378716     
   672.67189148428099     
   680.52509741909557     
   688.30680924527860     
   696.02479721792429     
   703.68598756715232     
   711.29655407581174     
   718.86199974328781     
