   2.5000000000000000        5.0000000000000003E-002  log
  -249665.80097922098     
  -242484.41160662397     
  -234551.12583518756     
  -225698.78595343124     
  -215813.03053905387     
  -205918.90748229160     
  -196721.40886754289     
  -186179.75604512016     
  -174312.34323335288     
  -161694.07090758762     
  -148337.25841419838     
  -135893.65514284413     
  -124802.43694409687     
  -114916.53322160528     
  -106104.86719306973     
  -96829.071795181255     
  -86369.823871824497     
  -76952.798382525842     
  -68558.928387620472     
  -61076.948356747198     
  -54407.693912651608     
  -48462.786525995427     
  -43163.461774865769     
  -38439.525629503798     
  -34228.423871401792     
  -30474.409435918082     
  -27127.794156881988     
  -24144.279309065518     
  -21484.366552272448     
  -19112.843508629223     
  -16998.327267365115     
  -15112.852665979644     
  -13431.500962153228     
  -11932.067239413822     
  -10594.763919297826     
  -9401.9568941365724     
  -8337.9307144862123     
  -7388.6795593359702     
  -6541.7210903582782     
  -5785.9306393922898     
  -5111.3934806522511     
  -4509.2731993395491     
  -3971.6943937531337     
  -3491.6381449497612     
  -3062.8488612641727     
  -2679.7512581292553     
  -2337.3763693952478     
  -2031.2956069448683     
  -1757.5619926645022     
  -1512.6577823074565     
  -1293.4477858073169     
  -1097.1377643317533     
  -921.23735183443785     
  -763.52700897207365     
  -622.02857081029629     
  -494.97899746277926     
  -380.80697932994923     
  -278.11208649507330     
  -185.64618560169299     
  -102.29687762756085     
  -27.072736787187843     
   40.909845305312238     
   102.43838478139325     
   158.21475555611966     
   208.86450292491762     
   254.94514430568159     
   296.95356727341118     
   335.33262305647600     
   370.47700298801800     
   402.73847589127183     
   432.43055589750639     
   459.83266263735521     
   485.19382901025932     
   508.73600573321460     
   530.65700651935651     
   551.13313296813101     
   570.32151399861891     
   588.36219086960887     
   605.37997545398673     
   621.48610642612675     
   636.77972533931529     
   651.34919218020525     
   665.27325785720188     
   678.62210918122287     
   691.45830020528490     
   703.83758228138481     
   715.80964384915035     
   727.41876977291111     
   738.70442897627311     
   749.70179817181770     
   760.44222863555410     
   770.95366221998029     
   781.26100212602864     
   791.38644335384231     
   801.34976721728447     
   811.16860383022754     
   820.85866604767034     
   830.43395796595007     
   839.90696074873006     
   849.28879824456760     
   858.58938459371336     
