   2.5000000000000000        5.0000000000000003E-002  log
  -361458.10778119240     
  -354759.58931803500     
  -347243.82518858090     
  -338732.87955889257     
  -329412.70742572733     
  -318888.27429232240     
  -308897.42681302386     
  -298995.63046050235     
  -287442.67783030361     
  -274760.26390696072     
  -261600.56218100761     
  -247950.64365964552     
  -235784.26475778123     
  -224940.09230983636     
  -215274.33848485103     
  -206377.59374202005     
  -195944.59000559250     
  -183508.63550674732     
  -169452.52294244038     
  -153824.78082860832     
  -137780.20243332832     
  -122759.42082199531     
  -109370.93265531170     
  -97437.229276070531     
  -86800.106311785232     
  -77318.568294416516     
  -68866.959639114488     
  -61333.293627857056     
  -54617.756554986452     
  -48631.374720431711     
  -43294.836098032953     
  -38537.448482183521     
  -34296.210011374671     
  -30514.975669542724     
  -27143.711089355471     
  -24137.826580587964     
  -21457.583760067115     
  -19067.567108221887     
  -16936.213318823327     
  -15035.392046725354     
  -13340.032381780555     
  -11827.790024452441     
  -10478.750705716393     
  -9275.1658905956992     
  -8201.2172420745628     
  -7242.8067091919747     
  -6387.3694468208651     
  -5623.7070803491015     
  -4941.8391004409468     
  -4332.8704147627395     
  -3788.8732981378312     
  -3302.7821732308203     
  -2868.2998239628841     
  -2479.8137966547797     
  -2132.3218814157281     
  -1821.3656887192942     
  -1542.9714425793745     
  -1293.5972026590657     
  -1070.0858066694850     
  -869.62289853888626     
  -689.69948577504147     
  -528.07855919761425     
  -382.76541157207589     
  -251.98139135090031     
  -134.14087232811755     
  -27.831138344701898     
   68.205332551583354     
   155.08688659619605     
   233.80762248951214     
   305.25142467128154     
   370.20488514782363     
   429.36880414792535     
   483.36815629431521     
   532.76064577365889     
   578.04408959721025     
   619.66286549358108     
   658.01360734830985     
   693.45027578903034     
   726.28869200135330     
   756.81059890738391     
   785.26730025462098     
   811.88292032563652     
   836.85732198724850     
   860.36871712080404     
   882.57600039774513     
   903.62083458971040     
   923.62951302408999     
   942.71462238593483     
   960.97652682325725     
   978.50469223789946     
   995.37886773883599     
   1011.6701394957141     
   1027.4418706509400     
   1042.7505395196647     
   1057.6464870182401     
   1072.1745831021144     
   1086.3748209527448     
   1100.2828467192010     
   1113.9304317836129     
   1127.3458937709763     
   1140.5544718543379     
