   2.5000000000000000        5.0000000000000003E-002  log
  -350102.97066925938     
  -343404.45220610197     
  -335888.68807664787     
  -327377.74244695954     
  -318057.57031379431     
  -307533.13718038937     
  -297542.28970109083     
  -287640.49334856932     
  -276087.54071837058     
  -263405.12679502775     
  -250245.42506907461     
  -236595.50654771249     
  -224429.12764584820     
  -213584.95519790333     
  -203919.20137291800     
  -195022.45663008702     
  -184589.45289365947     
  -172153.49839481432     
  -158097.38583050738     
  -142469.64371667532     
  -127140.71999551647     
  -113277.92874091005     
  -100921.53186650494     
  -89907.712120242737     
  -80090.467607319908     
  -71339.678329379749     
  -63539.381474129535     
  -56586.229016182027     
  -50388.106492794817     
  -44862.902161371232     
  -39937.419721805025     
  -35546.417615151018     
  -31631.751874141639     
  -28141.607086397544     
  -25029.807650187628     
  -22255.203008642558     
  -19781.119918561020     
  -17574.874684100105     
  -15607.338760613673     
  -13852.551812846661     
  -12287.376982660389     
  -10891.193722779593     
  -9645.6240796838410     
  -8534.2887697166097     
  -7542.5897977716641     
  -6657.5167258364663     
  -5867.4740157799333     
  -5162.1271523056148     
  -4532.2655022397821     
  -3969.6800888861258     
  -3467.0546581804242     
  -3017.8685896642769     
  -2616.3103624733963     
  -2257.2004266772310     
  -1935.9224544150452     
  -1648.3620532107830     
  -1390.8521157349314     
  -1160.1240593066793     
  -953.26428303865578     
  -767.67525357441082     
  -601.04073546985398     
  -451.29481822949748     
  -316.59454853384005     
  -195.29608922873686     
  -85.934251219170690     
   12.795143576559305     
   102.05111966883668     
   182.86272253456841     
   256.14387828971485     
   322.70741679121528     
   383.27751716551313     
   438.50026986161004     
   488.95253822069247     
   535.14949824079758     
   577.55119604541267     
   616.56835236060897     
   652.56755235612036     
   685.87590535071877     
   716.78523206347984     
   745.55582482455895     
   772.41982038475635     
   797.58422163563137     
   821.23360195952398     
   843.53252347308023     
   864.62769796799091     
   884.64991690528518     
   903.71577443749084     
   921.92920516332549     
   939.38285619351711     
   956.15931114006037     
   972.33218183967267     
   987.96708198286308     
   1003.1224953357013     
   1017.8505499023305     
   1032.1977081715493     
   1046.2053825091252     
   1059.9104837877876     
   1073.3459104785193     
   1086.5409846499047     
   1099.5218406277565     
   1112.3117714466373     
