   2.5000000000000000        5.0000000000000003E-002  log
  -347772.91646393068     
  -341558.88643966918     
  -334536.41652850580     
  -326483.66519685788     
  -317523.61373059597     
  -307480.90724900755     
  -296549.72272529372     
  -286517.53498867125     
  -275597.88439324521     
  -263179.35279076541     
  -249752.53996694859     
  -235714.40368428724     
  -222410.68971813397     
  -210552.85066532335     
  -199983.64948659041     
  -190562.94826718414     
  -180869.73412038697     
  -169138.15553416143     
  -155587.57108989783     
  -140063.04365657136     
  -124796.58588074688     
  -111189.14019234912     
  -99060.292215627604     
  -88249.247803790597     
  -78612.699187326201     
  -70022.923086935611     
  -62366.085596312943     
  -55540.731411588808     
  -49456.437443156225     
  -44032.613004965562     
  -39197.430663080471     
  -34886.873492755927     
  -31043.886002620176     
  -27617.617371548771     
  -24562.746910215741     
  -21838.882793239056     
  -19410.026106402507     
  -17244.093128000761     
  -15312.489532338481     
  -13589.730884440440     
  -12053.104401657059     
  -10682.367499816428     
  -9459.4791261448972     
  -8368.3603142687480     
  -7394.6807834014407     
  -6525.6687490196919     
  -5749.9414202436374     
  -5057.3539336894501     
  -4438.8647183152480     
  -3886.4155039383563     
  -3392.8243805387838     
  -2951.6904887520463     
  -2557.3090763909531     
  -2204.5957934700164     
  -1889.0192208651811     
  -1606.5407370548146     
  -1353.5609248075050     
  -1126.8718065024193     
  -923.61427414226375     
  -741.24014907518415     
  -577.47836789630242     
  -430.30484576838836     
  -297.91561721187838     
  -178.70289791540620     
  -71.233749886941411     
   25.768933182608752     
   113.44337267805749     
   192.80400883161741     
   264.75496193946668     
   330.10202965650751     
   389.56337957499386     
   443.77907897810525     
   493.31958822811606     
   538.69333049572379     
   580.35343827979375     
   618.70376624255812     
   654.10425014918349     
   686.87568302335933     
   717.30397189700898     
   745.64393163972989     
   772.12266621067079     
   796.94258220071356     
   820.28407465340035     
   842.30792080426465     
   863.15741350239102     
   882.96026262369446     
   901.83028970674343     
   919.86893829809310     
   937.16662004863542     
   953.80391442296127     
   969.85263794123625     
   985.37679714185401     
   1000.4334379101570     
   1015.0734024433466     
   1029.3420038960837     
   1043.2796276589429     
   1056.9222672483461     
   1070.3020019189228     
   1083.4474223359421     
   1096.3840099562385     
   1109.1344751517961     
