   2.5000000000000000        5.0000000000000003E-002  log
  -3151.2936062158337     
  -2807.3777377099814     
  -2500.7418451251879     
  -2227.3329121863771     
  -1983.5386333637039     
  -1766.1394546151216     
  -1572.2658827403793     
  -1399.3604797641556     
  -1245.1439990429694     
  -1107.5851694335115     
  -984.87369934718754     
  -875.39614934727535     
  -777.71439503997590     
  -690.54645246371638     
  -612.74945559196999     
  -543.30456800223385     
  -481.30360100724710     
  -425.93711853803234     
  -376.48383676244441     
  -332.30115979143102     
  -292.81671706459076     
  -257.52077974156532     
  -225.95944027079511     
  -197.72845087078252     
  -172.46763729406922     
  -149.85583308594531     
  -129.60631371401973     
  -111.46274288195181     
  -95.195659857634865     
  -80.599518503795252     
  -67.490235099118593     
  -55.703141568351555     
  -45.091211804544230     
  -35.523446295321570     
  -26.883346698419860     
  -19.067457833792560     
  -11.983980810466363     
  -5.5514648657746211     
  0.30242593056450195     
   5.6420907243533858     
   10.525141543679345     
   15.003535945685670     
   19.124652857521752     
   22.932181799758947     
   26.466593920659765     
   29.764940261408050     
   32.859924991156340     
   35.778670902076229     
   38.542013152768675     
   41.164988695314705     
   43.658410042243133     
   46.030754800275105     
   48.289634391537476     
   50.442580757287800     
   52.497282456990703     
   54.461519578692652     
   56.342993479300809     
   58.149157452787982     
   59.887088836406001     
   61.563408717235518     
   63.184241799188442     
   64.755205816097074     
   66.281420879824452     
   67.767531315727737     
   69.217734651012591     
   70.635814116557398     
   72.025172268562486     
   73.388864209943122     
   74.729629486785896     
   76.049922133145500     
   77.351938599176833     
   78.637643466838270     
   79.908792964502723     
   81.166956357453046     
   82.413535329391038     
   83.649781490150488     
   84.876812153083549     
   86.095624526315632     
   87.307108458069933     
   88.512057869441662     
   89.711180999615763     
   90.905109579401824     
   92.094407039650577     
   93.279575851965348     
   94.461064090343683     
   95.639271294105541     
   96.814553704749727     
   97.987228942254760     
   99.157580179804754     
   100.32585986995542     
   101.49229306983425     
   102.65708040805751     
   103.82040073160881     
   104.98241346692271     
   106.14326072581490     
   107.30306918366372     
   108.46195175434107     
   109.62000908378464     
   110.77733088176794     
   111.93399710933308     
   113.09007903747964     
