   2.5000000000000000        5.0000000000000003E-002  log
  -472679.42469519394     
  -466465.39467093250     
  -459442.92475976906     
  -451390.17342812114     
  -442430.12196185923     
  -432387.41548027081     
  -421456.23095655697     
  -411424.04321993451     
  -400504.39262450847     
  -388085.86102202866     
  -374659.04819821188     
  -360620.91191555047     
  -347317.19794939720     
  -335459.35889658664     
  -324890.15771785367     
  -315469.45649844740     
  -305776.24235165026     
  -294044.66376542469     
  -280494.07932116109     
  -264969.55188783462     
  -248945.81258835152     
  -230822.60246544325     
  -211123.17388445369     
  -191822.01808825997     
  -174618.39933165893     
  -159284.21446597896     
  -145616.16593216595     
  -133433.06386190979     
  -122573.42166024394     
  -112815.67864377330     
  -101232.95306087154     
  -90162.241296200780     
  -80293.915376467819     
  -71497.213911987579     
  -63655.595844237658     
  -56665.194126975446     
  -50433.437495844519     
  -44877.822069004644     
  -39924.816505739378     
  -35508.886214279031     
  -31571.623672158537     
  -28060.973324859002     
  -24930.540779940202     
  -22138.977130451363     
  -19649.430237360059     
  -17429.055688852841     
  -15448.580946146682     
  -13681.916891256080     
  -12105.811621267570     
  -10699.541894386735     
  -9444.6381327631861     
  -8324.6393324892470     
  -7324.8746281158519     
  -6432.2686128014520     
  -5635.1678305023470     
  -4923.1861376108482     
  -4287.0668818815211     
  -3718.5600696800416     
  -3210.3128915070079     
  -2755.7721530311173     
  -2349.0973168659439     
  -1985.0830011395597     
  -1659.0899064057428     
  -1366.9832542954214     
  -1105.0779209919767     
  -870.08953745729946     
  -659.09090751626013     
  -469.47316547647858     
  -298.91115785461841     
  -145.33258983460325     
  -6.8905270411389790     
   118.06111226327269     
   230.98939976709380     
   333.20186432662803     
   425.86384213270503     
   510.01394005616277     
   586.57781736357003     
   656.38046867996536     
   720.15717118748307     
   778.56324132366512     
   832.18273044581520     
   881.53617484828521     
   927.08750297128290     
   969.25019145611225     
   1008.3927517343167     
   1044.8436199547129     
   1078.8955151349012     
   1110.8093233674531     
   1140.8175596219767     
   1169.1274530791800     
   1195.9236969375329     
   1221.3708991808608     
   1245.6157668271248     
   1268.7890526420874     
   1291.0072901496053     
   1312.3743399611142     
   1332.9827679431755     
   1352.9150735105543     
   1372.2447843435405     
   1391.0374320557632     
   1409.3514217590218     
