   2.5000000000000000        5.0000000000000003E-002  log
  -518099.97314292600     
  -511885.94311866455     
  -504863.47320750117     
  -496810.72187585325     
  -487850.67040959134     
  -477807.96392800292     
  -466876.77940428909     
  -456844.59166766662     
  -445924.94107224059     
  -433506.40946976078     
  -420079.59664594394     
  -406041.46036328259     
  -392737.74639712932     
  -380879.90734431869     
  -370310.70616558578     
  -360890.00494617951     
  -351196.79079938232     
  -339465.21221315680     
  -325914.62776889320     
  -310390.10033556673     
  -294366.36103608360     
  -276243.15091317537     
  -256543.72233218577     
  -237242.56653599205     
  -220038.94777939102     
  -204704.76291371105     
  -191036.71437989807     
  -178853.61230964187     
  -167993.97010797603     
  -158236.22709150540     
  -146242.17767085860     
  -132311.58349047144     
  -117854.52488122863     
  -104967.98590039340     
  -93481.171107393122     
  -83241.859187085123     
  -74114.383087592985     
  -65977.829766019640     
  -58724.435680823888     
  -52258.156759136524     
  -46493.393874840600     
  -41353.856931153103     
  -36771.552477105681     
  -32685.881424571566     
  -29042.834892485964     
  -25794.277506603779     
  -22897.308643529796     
  -20313.693142082946     
  -18009.353926957097     
  -15953.919811307402     
  -14120.322477206222     
  -12484.437285585260     
  -11024.763148969034     
  -9722.1372187272882     
  -8559.4806006113013     
  -7521.5717241233760     
  -6594.8443582660793     
  -5767.2075932994067     
  -5027.8853996414764     
  -4367.2736348510371     
  -3776.8126011764730     
  -3248.8734625194452     
  -2776.6570135809188     
  -2354.1034578742224     
  -1975.8119973795008     
  -1636.9691668154794     
  -1333.2849615458106     
  -1060.9359115585569     
  -816.51434613111519     
  -596.98317594236687     
  -399.63559260929213     
  -222.05915087833094     
  -62.103756858379391     
   82.146862485736818     
   212.40058716534929     
   330.17956674029705     
   436.84041835234859     
   533.59222823711059     
   621.51259558496508     
   701.56193164444949     
   774.59620380938600     
   841.37829379676759     
   902.58812063208347     
   958.83166276839768     
   1010.6489990575772     
   1058.5214752727552     
   1102.8780912776538     
   1144.1011935968002     
   1182.5315489237291     
   1218.4728658896531     
   1252.1958250938144     
   1283.9416708716446     
   1313.9254124613690     
   1342.3386770466370     
   1369.3522525333558     
   1395.1183538018608     
   1419.7726425062340     
   1443.4360272222968     
   1466.2162678311640     
   1488.2094054275644     
   1509.5010367269488     
