   2.5000000000000000        5.0000000000000003E-002  log
  -449969.15047132788     
  -443755.12044706644     
  -436732.65053590300     
  -428679.89920425508     
  -419719.84773799317     
  -409677.14125640475     
  -398745.95673269092     
  -388713.76899606845     
  -377794.11840064242     
  -365375.58679816261     
  -351948.77397434582     
  -337910.63769168447     
  -324606.92372553120     
  -312749.08467272058     
  -302179.88349398761     
  -292759.18227458134     
  -283065.96812778420     
  -271334.38954155863     
  -257783.80509729506     
  -242259.27766396859     
  -226235.53836448546     
  -208112.32824157720     
  -188412.89966058763     
  -169111.74386439391     
  -151908.12510779288     
  -136573.94024211291     
  -122905.89170829991     
  -110722.78963804373     
  -99863.147436377883     
  -90105.404419907238     
  -80248.771929711234     
  -71462.560899447941     
  -63630.361003415033     
  -56648.421368708186     
  -50424.274085225290     
  -44875.507322837184     
  -39928.671798676376     
  -35518.306114843654     
  -31586.068060423131     
  -28079.960369829285     
  -24953.640675258532     
  -22165.806502602733     
  -19679.647152425594     
  -17462.355193156869     
  -15484.691083710073     
  -13720.595147332719     
  -12146.841746729846     
  -10742.731070539998     
  -9489.8144404342765     
  -8371.6494930353292     
  -7373.5819873980099     
  -6482.5513422107397     
  -5686.9173218532742     
  -4976.3055711621373     
  -4341.4699489356590     
  -3774.1698331774937     
  -3267.0607697911028     
  -2813.5970135362622     
  -2407.9446678936260     
  -2044.9042711503098     
  -1719.8418013860341     
  -1428.6271847699470     
  -1167.5794911562198     
  -933.41808971383341     
  -723.21911642076316     
  -534.37667574499608     
  -364.56826166020909     
  -211.72393913642662     
  -73.998877148768941     
   50.251131277133830     
   162.49148682605141     
   264.02822897587254     
   356.02536643217707     
   439.52032288346129     
   515.43770303635199     
   584.60156160055271     
   647.74633802774281     
   705.52660210355054     
   758.52573971210472     
   807.26369402910575     
   852.20386486524251     
   893.75925771075902     
   932.29796407582410     
   968.14804584793626     
   1001.6018884791796     
   1032.9200807677612     
   1062.3348727164005     
   1090.0532573514288     
   1116.2597173966085     
   1141.1186732484771     
   1164.7766647364515     
   1187.3642956183967     
   1208.9979666139855     
   1229.7814199721993     
   1249.8071160684749     
   1269.1574602981343     
   1287.9058965462505     
   1306.1178817436469     
   1323.8517544408130     
   1341.1595089251939     
   1358.0874851539274     
