   2.5000000000000000        5.0000000000000003E-002  log
  -7954.2402644335662     
  -7087.4931000714741     
  -6314.8206264146866     
  -5625.9934638296627     
  -5011.8950390823766     
  -4464.4005538332103     
  -3976.2690880757896     
  -3541.0474110335203     
  -3152.9842261183012     
  -2806.9537139555969     
  -2498.3873638856430     
  -2223.2132038540594     
  -1977.8016491458015     
  -1758.9172839886760     
  -1563.6759601624851     
  -1389.5066461627609     
  -1234.1174999578141     
  -1095.4656779265365     
  -971.73043579273872     
  -861.28912406515622     
  -762.69573082795864     
  -674.66167860127860     
  -596.03863539437350     
  -525.80314491491151     
  -463.04291051623534     
  -406.94458263394262     
  -356.78290765208385     
  -311.91110405824475     
  -271.75233981255201     
  -235.79218995924498     
  -203.57195561291223     
  -174.68272921667054     
  -148.76010108872921     
  -125.47941888620305     
  -104.55153059758796     
  -85.718958254599372     
  -68.752461189535268     
  -53.447954437085080     
  -39.623751305075636     
  -27.118100894192079     
  -15.786992615092936     
  -5.5022011276937244     
   3.8504532127287368     
   12.372651416432845     
   20.154951413938200     
   27.278011054238501     
   33.813675534894102     
   39.825944420233107     
   45.371831727236014     
   50.502131045335325     
   55.262096302613536     
   59.692047586681149     
   63.827910360891806     
   67.701695471699750     
   71.341926507409227     
   74.774020329761328     
   78.020625946376384     
   81.101926313878010     
   84.035907149604412     
   86.838596376284116     
   89.524277422007899     
   92.105679241212371     
   94.594145605897623     
   96.999785935279036     
   99.331609682435086     
   101.59764607466654     
   103.80505080706574     
   105.96020111341760     
   108.06878048255818     
   110.13585414952544     
   112.16593636732809     
   114.16305035522942     
   116.13078172158454     
   118.07232607214421     
   119.99053143715980     
   121.88793608153865     
   123.76680220077009     
   125.62914595054110     
   127.47676420914524     
   129.31125842830409     
   131.13405588928217     
   132.94642864666423     
   134.74951041141529     
   136.54431159744857     
   138.33173273151618     
   140.11257640448727     
   141.88755792269862     
   143.65731480079202     
   145.42241522206510     
   147.18336557864797     
   148.94061719159836     
   150.69457230011798     
   152.44558939938761     
   154.19398799787055     
   155.94005285722605     
   157.68403777110683     
   159.42616893299163     
   161.16664793775098     
   162.90565445678013     
   164.64334862220218     
   166.37987315178196     
