   2.5000000000000000        5.0000000000000003E-002  log
  -83692.997902388539     
  -78135.404900140667     
  -71560.508169893554     
  -64119.971032655827     
  -57140.641023358163     
  -50919.814911979003     
  -45375.008307128475     
  -40432.707163570965     
  -36027.392170919782     
  -32100.669211432007     
  -28600.494353554252     
  -25480.483111822410     
  -22699.294834250213     
  -20220.084080981978     
  -18010.011738302386     
  -16039.809383607686     
  -14283.391100003224     
  -12717.507552324254     
  -11321.437690811794     
  -10076.713950982024     
  -8966.8772746292161     
  -7977.2586926833856     
  -7094.7845865965037     
  -6307.8030772445409     
  -5605.9292761612078     
  -4979.9073774362978     
  -4421.4877803155096     
  -3923.3176218405283     
  -3478.8432685916214     
  -3082.2234657761887     
  -2728.2519724194576     
  -2412.2886296235715     
  -2130.1979209796182     
  -1878.2941917363626     
  -1653.2927933327892     
  -1452.2665086906845     
  -1272.6066896560508     
  -1111.9886021092132     
  -968.34052880971910     
  -839.81622735899839     
  -724.77038253871990     
  -621.73672984978737     
  -529.40856099174891     
  -446.62135267117645     
  -372.33728777558713     
  -305.63146282140679     
  -245.67959789723994     
  -191.74708529416841     
  -143.17923085722578     
  -99.392558013295599     
  -59.867058625359242     
  -24.139287471708904     
   8.2037915837212498     
   37.530289628220430     
   64.168279905044045     
   88.410153186926053     
   110.51649923011638     
   130.71956590667506     
   149.22634198876821     
   166.22130454904993     
   181.86886747850997     
   196.31556364748604     
   209.69198969355119     
   222.11453926423778     
   233.68694773082052     
   244.50166888405826     
   254.64110189042688     
   264.17868479817031     
   273.17986910992317     
   281.70298835909182     
   289.80003221957855     
   297.51733642405645     
   304.89619764815188     
   311.97342152169892     
   318.78181104044427     
   325.35060186039442     
   331.70585025190167     
   337.87077886219669     
   343.86608487505578     
   349.71021465719315     
   355.41960853616314     
   361.00891895814067     
   366.49120492064804     
   371.87810526043012     
   377.17999309605869     
   382.40611347474874     
   387.56470604997531     
   392.66311441782619     
   397.70788356297879     
   402.70484670740012     
   407.65920271423721     
   412.57558507403280     
   417.45812338869473     
   422.31049816909473     
   427.13598967344149     
   431.93752143449768     
   436.71769905322839     
   441.47884477365847     
   446.22302829773139     
   450.95209424906960     
   455.66768665006691     
