   2.5000000000000000        5.0000000000000003E-002  log
  -219954.64324558483     
  -214397.05024333697     
  -207822.15351308984     
  -200328.39206119679     
  -191693.84518465310     
  -182182.60046586234     
  -171450.56793295688     
  -160204.10505600195     
  -149763.13815753561     
  -137737.95871284109     
  -124418.70390821756     
  -110871.35899871202     
  -98796.424201549846     
  -88033.777537966700     
  -78440.709563295110     
  -69890.029819397081     
  -62268.379283344162     
  -55474.726382345114     
  -49419.026574386189     
  -44021.027667476817     
  -39209.204996183631     
  -34919.812317336109     
  -31096.035845803061     
  -27687.240237959104     
  -24648.296556029407     
  -21938.983327562957     
  -19523.452772451026     
  -17369.755124494888     
  -15449.414737186597     
  -13737.052341002915     
  -12210.048421011106     
  -10848.243221562310     
  -9633.6693710838153     
  -8550.3135609335277     
  -7583.9041094552113     
  -6721.7215960172325     
  -5952.4300618622110     
  -5265.9265491078231     
  -4653.2069912881407     
  -4106.2466832539185     
  -3617.8937490640596     
  -3181.7741968094160     
  -2792.2073015312189     
  -2444.1301934859052     
  -2133.0306506301376     
  -1854.8872028262613     
  -1606.1157522274384     
  -1383.5220008007091     
  -1184.2590530822861     
  -1005.7896310259889     
  -845.85239909900292     
  -702.43195240451951     
  -573.73206929009336     
  -458.15187327934899     
  -354.26458781950907     
  -260.79860178249771     
  -176.62059435172668     
  -100.72049527887103     
  -32.198080869217073     
   29.748972224956809     
   85.835733966916777     
   136.69950996800597     
   182.90829853162893     
   224.96832795033160     
   263.33077408847413     
   298.39774740222344     
   330.52762885159967     
   360.03982551725079     
   387.21900903269363     
   412.31889307864094     
   435.56560006857461     
   457.16066170267783     
   477.28369320821474     
   496.09477675392833     
   513.73658566651727     
   530.33627763752224     
   546.00718204332952     
   560.85030376879627     
   574.95566348995339     
   588.40349220102189     
   601.26529583678393     
   613.60480411751473     
   625.47881620731982     
   636.93795440744543     
   648.02733588577200     
   658.78717135605507     
   669.25329865112440     
   679.45765827030800     
   689.42871721137158     
   699.19184671101277     
   708.76965890633653     
   718.18230688463655     
   727.44775210298462     
   736.58200272614317     
   745.59932604541632     
   754.51243779712001     
   763.33267089282265     
   772.07012580031176     
   780.73380457075655     
   789.33173029052978     
   797.87105354274820     
