   2.5000000000000000        5.0000000000000003E-002  log
  -5106.4561727128857     
  -4549.7334696732960     
  -4053.4018885106893     
  -3610.8951061019116     
  -3216.3612517642578     
  -2864.5851963696991     
  -2550.9192653263535     
  -2271.2214602661006     
  -2021.8003726531365     
  -1799.3660602719890     
  -1600.9862397032043     
  -1424.0472279553310     
  -1266.2191418087286     
  -1125.4249256682758     
  -999.81282090826414     
  -887.73191421856575     
  -787.71041976903143     
  -698.43636978172071     
  -618.74041367889993     
  -547.58045687012384     
  -484.02790636879934     
  -427.25533149328157     
  -376.52538988572388     
  -331.18090408303607     
  -290.63599547413344     
  -254.36819136545222     
  -221.91142387428098     
  -192.84984214632530     
  -166.81236146681303     
  -143.46787085726766     
  -122.52101525119465     
  -103.70846505379319     
  -86.795590563893427     
  -71.573472099383167     
  -57.856194496672764     
  -45.478391453271691     
  -34.293017385215158     
  -24.169331292062850     
  -14.991079747839326     
  -6.6548665095827033     
  0.93130394416052276     
   7.8493215020721081     
   14.172116298304303     
   19.964667409692105     
   25.284886926409627     
   30.184393019324453     
   34.709186664526612     
   38.900247000303608     
   42.794059445273071     
   46.423088699698731     
   49.816205988943970     
   52.999076998801421     
   55.994514472090593     
   58.822797741052909     
   61.501960633581319     
   64.048049052870226     
   66.475349812054532     
   68.796592730502311     
   71.023128365116264     
   73.165083955460133     
   75.231500185999067     
   77.230451243564005     
   79.169150424958971     
   81.054043279194744     
   82.890889990533125     
   84.684838447748518     
   86.440489214923801     
   88.161953424037790     
   89.852904448470397     
   91.516624085448186     
   93.156043869471290     
   94.773782053031482     
   96.372176721141216     
   97.953315448781439     
   99.519061862523117     
   101.07107942712501     
   102.61085274323428     
   104.13970661221421     
   105.65882309770781     
   107.16925679016019     
   108.67194845968110     
   110.16773726396082     
   111.65737166117481     
   113.14151916270025     
   114.62077504683747     
   116.09567014242901     
   117.56667778016821     
   119.03421999937207     
   120.49867308896124     
   121.96037253324739     
   123.41961742579710     
   124.87667440804225     
   126.33178118337398     
   127.78514965212483     
   129.23696870805657     
   130.68740673267527     
   132.13661381984235     
   133.58472375969862     
   135.03185580782440     
   136.47811626279167     
   137.92359987278519     
