   2.5000000000000000        5.0000000000000003E-002  log
  -49627.586566589460     
  -44307.136433837841     
  -39484.479309777897     
  -35185.880424621144     
  -31354.350462210507     
  -27939.097997165136     
  -24894.855438101175     
  -22181.278247702739     
  -19762.409470634007     
  -17606.202465824586     
  -15684.095515022957     
  -13970.632677399739     
  -12443.125886008154     
  -11081.353834907570     
  -9867.2936853301253     
  -8784.8820336186363     
  -7819.8019484026536     
  -6959.2932139067580     
  -6191.9832178679017     
  -5507.7361994906023     
  -4897.5188284227088     
  -4353.2803225100633     
  -3867.8455285021096     
  -3434.8195800047424     
  -3048.5029060789980     
  -2703.8154944563521     
  -2396.2294243831066     
  -2121.7087836929177     
  -1876.6561744711410     
  -1657.8650895924295     
  -1462.4775094121965     
  -1287.9461294960586     
  -1132.0006919390516     
  -992.61795538144679     
  -867.99489875697350     
  -756.52480688207561     
  -656.77593015517516     
  -567.47244639553037     
  -487.47748211228225     
  -415.77797527569419     
  -351.47118345279262     
  -293.75266083606402     
  -241.90554565480392     
  -195.29101588857645     
  -153.33978617763148     
  -115.54453240256305     
  -81.453142652035964     
  -50.662704296329203     
  -22.814146730985058     
   2.4125318503874889     
   25.302517451788564     
   46.109969848578601     
   65.061399326428614     
   82.358675633477247     
   98.181709263505354     
   112.69084079978120     
   126.02897014331270     
   138.32345397226661     
   149.68779668384968     
   160.22315731383264     
   170.01969247466948     
   179.15775316753971     
   187.70895137704153     
   195.73711062340809     
   203.29911310264092     
   210.44565466908199     
   217.22191768920115     
   223.66817070332260     
   229.82030285903011     
   235.71030021305751     
   241.36667022600525     
   246.81482008591163     
   252.07739388336350     
   257.17457311428007     
   262.12434449946034     
   266.94273867596434     
   271.64404292862025     
   276.24099078526933     
   280.74493099219194     
   285.16597811241388     
   289.51314674563611     
   293.79447115111753     
   298.01711186108309     
   302.18745069954770     
   306.31117546755576     
   310.39335541868064     
   314.43850852639679     
   318.45066143599996     
   322.43340289666253     
   326.38993138268427     
   330.32309753588197     
   334.23544199233493     
   338.12922909544704     
   342.00647694269844     
   345.86898416480324     
   349.71835379262933     
   353.55601452858940     
   357.38323970476938     
   361.20116417936316     
   365.01079939562436     
   368.81304680316134     
