   2.5000000000000000        5.0000000000000003E-002  log
  -72337.860790455510     
  -66780.267788207639     
  -60205.371057960532     
  -53652.601187768247     
  -47811.976619238631     
  -42606.054100698093     
  -37965.812575576376     
  -33829.737208426297     
  -30143.002995841936     
  -26856.747131209679     
  -23927.420472961796     
  -21316.209525178125     
  -18988.521287406056     
  -16913.524170549463     
  -15063.738911024293     
  -13414.674057684531     
  -11944.501173928680     
  -10633.765407897343     
  -9465.1275466371717     
  -8423.1340908899783     
  -7494.0122709099796     
  -6665.4872747372119     
  -5926.6192785939920     
  -5267.6581499471476     
  -4679.9139337635816     
  -4155.6414351454960     
  -3687.9373868205512     
  -3270.6488468092743     
  -2898.2916123900109     
  -2565.9775598830925     
  -2269.3499273123098     
  -2004.5256547342030     
  -1768.0439908932242     
  -1556.8206661140948     
  -1368.1070168489255     
  -1199.4535231652767     
  -1048.6772849384656     
  -913.83301637935313     
  -793.18718392804976     
  -685.19495170854861     
  -588.47963334851295     
  -501.81438005984847     
  -424.10586301913810     
  -354.37973359203926     
  -291.76766800938850     
  -235.49582388885236     
  -184.87455466723171     
  -139.28924473349247     
  -98.192143002476016     
  -61.095086012359090     
  -27.563013525979439     
   2.7918097829311592     
   30.314943535102046     
   55.314360310226775     
   78.064534850248165     
   98.810088213322757     
   117.76903535276898     
   135.13567930759331     
   151.08319048190558     
   165.76590529610348     
   179.32137475657743     
   191.87219016256486     
   203.52761020393538     
   214.38501106231274     
   224.53117877463981     
   234.04346102155131     
   242.99079363470349     
   251.43461545255184     
   259.42968367075025     
   267.02480051157573     
   274.26346085894500     
   281.18442945598713     
   287.82225532679473     
   294.20773025044252     
   300.36829737254578     
   306.32841537765336     
   312.10988305582441     
   317.73212857098417     
   323.21246727010333     
   328.56633145467049     
   333.80747516378005     
   338.94815668649687     
   343.99930122557294     
   348.97064587116228     
   353.87086880840349     
   358.70770447349906     
   363.48804618644215     
   368.21803762234168     
   372.90315433517702     
   377.54827641580221     
   382.15775324836574     
   386.73546122445589     
   391.28485518082721     
   395.80901424327544     
   400.31068268499621     
   404.79230634160632     
   409.25606506604157     
   413.70390165399624     
   418.13754762373333     
   422.55854619235271     
   426.96827275340212     
