   2.5000000000000000        5.0000000000000003E-002  log
  -401636.83703651320     
  -396079.24403426534     
  -389504.34730401821     
  -382010.58585212519     
  -373376.03897558147     
  -363864.79425679072     
  -353132.76172388525     
  -341886.29884693032     
  -331445.33194846398     
  -319420.15250376950     
  -306100.89769914595     
  -292156.84673466225     
  -277703.53121522313     
  -264771.58771419019     
  -253245.06929705868     
  -242971.13743149099     
  -233548.80703566622     
  -222578.38249782578     
  -209493.88672895875     
  -194616.45455225316     
  -178494.85323916702     
  -160772.30242131252     
  -143246.76720997941     
  -127625.76546326894     
  -113702.18079545430     
  -101291.42026913143     
  -90228.964900612409     
  -80368.186592797778     
  -71578.402529180690     
  -63743.141204092419     
  -56758.597061678825     
  -50532.253211156501     
  -44981.653916383395     
  -40033.310553296287     
  -35621.726511450324     
  -31688.528104375171     
  -28181.689966054917     
  -25054.844666215955     
  -22266.667393352705     
  -19780.327547978144     
  -17562.999973798862     
  -15585.429343706730     
  -13821.541921281138     
  -12248.099546181782     
  -10844.391251570130     
  -9591.9584208132219     
  -8474.3498357063017     
  -7476.9033651263335     
  -6586.5513966096423     
  -5791.6474284954966     
  -5081.8115211589429     
  -4447.7925561897173     
  -3881.3454754784411     
  -3375.1218710066255     
  -2922.5724733426314     
  -2517.8602447745134     
  -2155.7829237598298     
  -1831.7039928111274     
  -1541.4911537297273     
  -1281.4614937341307     
  -1048.3326148258391     
  -839.17907787361162     
  -651.39358342785977     
  -482.65237413636362     
  -330.88439965524350     
  -194.24383487880175     
  -71.085586811226435     
   40.056534937137855     
   140.48927369979680     
   231.37726551891828     
   313.75849321719801     
   388.55805984616467     
   456.60046427877592     
   518.62054183798591     
   575.27321513837956     
   627.14218452988450     
   674.74767346147235     
   718.55333154191294     
   758.97238689763401     
   796.37312946623410     
   831.08379798601857     
   863.39693552925246     
   893.57327137465973     
   921.84518072945400     
   948.41976820946752     
   973.48161599340915     
   997.19523311768774     
   1019.7072384125319     
   1041.1483060457062     
   1061.6348994900543     
   1081.2708169236018     
   1100.1485685687776     
   1118.3506042472222     
   1135.9504074391198     
   1153.0134703645626     
   1169.5981630257056     
   1185.7565077413756     
   1201.5348694517515     
   1216.9745709530418     
   1232.1124412259576     
   1246.9813041339676     
