   2.5000000000000000        5.0000000000000003E-002  log
  -410336.98655238783     
  -405225.03086576285     
  -399176.25883353665     
  -392153.67064455885     
  -383969.21427624649     
  -374840.16032279871     
  -364499.18073842372     
  -352917.86843853508     
  -341693.51363473275     
  -330364.80262155394     
  -317293.94685545238     
  -303102.23712917784     
  -288307.27232540096     
  -274221.38305559329     
  -261666.36996954045     
  -250475.75506340092     
  -240501.16503830685     
  -230279.90914208069     
  -217851.22973830538     
  -203515.47692058483     
  -187244.33506554758     
  -170289.85044568838     
  -151840.79404471689     
  -135284.13565327102     
  -120526.62132989382     
  -107372.59390665419     
  -95647.673754383766     
  -85196.444786043285     
  -75880.392104638144     
  -67576.063990459530     
  -60173.433844972431     
  -53574.440323365998     
  -47691.686240686744     
  -42447.278953559959     
  -37771.796815694201     
  -33603.367994626111     
  -29886.849437146062     
  -26573.095101987383     
  -23618.303761040377     
  -20983.437722840354     
  -18633.704769928103     
  -16538.096437996519     
  -14668.976510710438     
  -13001.714269464472     
  -11514.357630745795     
  -10187.341832886770     
  -9003.2298057145508     
  -7946.4807771046853     
  -7003.2440452516312     
  -6161.1751795263117     
  -5409.2722105183902     
  -4737.7296352038511     
  -4137.8082996567018     
  -3601.7194324760480     
  -3122.5212899250200     
  -2694.0270411705392     
  -2310.7226711958824     
  -1967.6938119128820     
  -1660.5605304930571     
  -1385.4192095405865     
  -1138.7907478470654     
  -917.57439434810249     
  -719.00660265865838     
  -540.62436019004315     
  -380.23250523115712     
  -235.87459829808463     
  -105.80696122199932     
   11.524460518449642     
   117.50471924959885     
   213.36824397937639     
   300.21522057864161     
   379.02619062552048     
   450.67506263306365     
   515.94070831331396     
   575.51729775474553     
   630.02351065584878     
   680.01074584332810     
   725.97043801101165     
   768.34057876877614     
   807.51152853233418     
   843.83119637452148     
   877.60965657187069     
   909.12326310548633     
   938.61831671334107     
   966.31433315370248     
   992.40695604768416     
   1017.0705529526675     
   1040.4605291149885     
   1062.7153896040431     
   1083.9585771911261     
   1104.3001103605775     
   1123.8380431886794     
   1142.6597664620344     
   1160.8431673004939     
   1178.4576626721439     
   1195.5651205144766     
   1212.2206806844758     
   1228.4734866311310     
   1244.3673374992386     
   1259.9412693175136     
   1275.2300729830320     
