   2.5000000000000000        5.0000000000000003E-002  log
  -489822.94633591897     
  -484710.99064929399     
  -478662.21861706779     
  -471639.63042808999     
  -463455.17405977770     
  -454326.12010632991     
  -443985.14052195486     
  -432403.82822206622     
  -421179.47341826389     
  -409850.76240508509     
  -396779.90663898352     
  -382588.19691270898     
  -367793.23210893210     
  -353707.34283912444     
  -341152.32975307159     
  -329961.71484693210     
  -319987.12482183799     
  -309765.86892561184     
  -297337.18952183652     
  -283001.43670411600     
  -266730.29484907875     
  -249775.81022921955     
  -230642.96333634891     
  -210164.21011862086     
  -190964.03443868397     
  -173850.35571161556     
  -158596.26741814089     
  -144999.53883113601     
  -132879.93146171255     
  -122076.80739974396     
  -111777.65780118579     
  -99682.534101635858     
  -88776.480686176845     
  -79054.834052710838     
  -70388.789043698300     
  -62663.548216566305     
  -55776.798518443793     
  -49637.353601614064     
  -44163.943775404412     
  -39284.137545940415     
  -34933.380438037362     
  -31054.138347269301     
  -27595.134055660554     
  -24510.666779715200     
  -21760.005720820183     
  -19306.849569857852     
  -17118.844793039403     
  -15167.156306049032     
  -13426.084838868806     
  -11872.725913334818     
  -10486.665907764573     
  -9249.7111752171077     
  -8145.6466206312498     
  -7160.0205330559411     
  -6279.9528176295016     
  -5493.9640825078977     
  -4791.8233127082622     
  -4164.4121094974234     
  -3603.6036937906010     
  -3102.1550679510010     
  -2653.6109049976667     
  -2252.2178898543234     
  -1892.8483759718795     
  -1570.9323442725924     
  -1282.3967615353399     
  -1023.6115335312038     
  -791.34133572976282     
  -582.70268239053041     
  -395.12566436593124     
  -226.31984789455399     
  -74.243881878323634     
   62.921589652580636     
   186.79806932472749     
   298.83072280517615     
   400.30755529488158     
   492.37650259342996     
   576.06066352413995     
   652.27187584534011     
   721.82281579253720     
   785.43778180554114     
   843.76230553444248     
   897.37171765696246     
   946.77878217061095     
   992.44050046226562     
   1034.7641754411966     
   1074.1128162030175     
   1110.8099549412691     
   1145.1439400242014     
   1177.3717622033337     
   1207.7224647253095     
   1236.4001825971902     
   1263.5868513344274     
   1289.4446211349757     
   1314.1180085141877     
   1337.7358139513979     
   1360.4128309942080     
   1382.2513694992631     
   1403.3426132220027     
   1423.7678297697864     
   1443.5994489737388     
   1462.9020239886613     
