   2.5000000000000000        5.0000000000000003E-002  log
  -262720.20409725851     
  -257608.24841063353     
  -251559.47637840730     
  -244536.88818942950     
  -236352.43182111718     
  -227223.37786766939     
  -216882.39828329440     
  -205301.08598340573     
  -194076.73117960343     
  -182748.02016642463     
  -169677.16440032306     
  -155485.45467404849     
  -140690.48987027162     
  -126604.60060046395     
  -114049.58751441113     
  -102858.97260827159     
  -92884.382583177518     
  -83096.938982746316     
  -74033.680564363545     
  -65955.077043928439     
  -58754.049143413096     
  -52335.161084821950     
  -46613.354677329640     
  -41512.821191274801     
  -36965.995843653967     
  -32912.661455498244     
  -29299.149414862793     
  -26077.627442051838     
  -23205.464809293684     
  -20644.666652651576     
  -18361.369876467361     
  -16325.393929320699     
  -14509.840447048666     
  -12890.736417062135     
  -11446.716114591141     
  -10158.737592311216     
  -9009.8299723229320     
  -7984.8682004154425     
  -7070.3722851087850     
  -6254.3283655298992     
  -5526.0292385863295     
  -4875.9322316203088     
  -4295.5325352419268     
  -3777.2503152335712     
  -3314.3301047890322     
  -2900.7511411369028     
  -2531.1474558266832     
  -2200.7366574682746     
  -1905.2564611784226     
  -1640.9081219052591     
  -1404.3060205261290     
  -1192.4327333560702     
  -1002.5989885481473     
  -832.40797778002263     
  -679.72354946697442     
  -542.64186128981385     
  -419.46611576283760     
  -308.68404350345992     
  -208.94783534617372     
  -119.05625695432076     
  -37.938708556171562     
   35.358981747731299     
   101.68721964790173     
   161.80392929425213     
   216.38461072722060     
   266.03130354109976     
   311.28057573248117     
   352.61064374928071     
   390.44771822560591     
   425.17165961166410     
   457.12101874954635     
   486.59752928347342     
   513.87011151859019     
   539.17844085908382     
   562.73612817821356     
   584.73355432308097     
   605.34039636728846     
   624.70787913410595     
   642.97078186711281     
   660.24922667610531     
   676.65027249025161     
   692.26933566959099     
   707.19145612577552     
   721.49242575289998     
   735.23979414216581     
   748.49376492572435     
   761.30799464373354     
   773.73030473518577     
   785.80331610025428     
   797.56501465446149     
   809.04925537927068     
   820.28621155757367     
   831.30277515518230     
   842.12291366116222     
   852.76798812207824     
   863.25703659028363     
   873.60702674745187     
   883.83308105551669     
   893.94867742264466     
   903.96582804695947     
   913.89523881116986     
