   2.5000000000000000        5.0000000000000003E-002  log
  -353561.30099272268     
  -348449.34530609770     
  -342400.57327387150     
  -335377.98508489371     
  -327193.52871658141     
  -318064.47476313362     
  -307723.49517875857     
  -296142.18287886993     
  -284917.82807506761     
  -273589.11706188880     
  -260518.26129578723     
  -246326.55156951270     
  -231531.58676573582     
  -217445.69749592815     
  -204890.68440987534     
  -193700.06950373578     
  -183725.47947864170     
  -173504.22358241558     
  -161075.54417864024     
  -146739.79136091971     
  -131035.73605944155     
  -116748.86760281057     
  -104014.46588037860     
  -92663.699837162756     
  -82546.098455449363     
  -73527.554296806935     
  -65488.543986225624     
  -58322.542124647436     
  -51934.607686607058     
  -46240.124206274268     
  -41163.677041566050     
  -36638.052786330009     
  -32603.347509881489     
  -29006.171957505248     
  -25798.943151040054     
  -22939.252991481164     
  -20389.305496323552     
  -18115.415217339880     
  -16087.560194470869     
  -14278.983521828553     
  -12665.838243620003     
  -11226.870870266304     
  -9943.1393158102619     
  -8797.7615135021097     
  -7775.6913730646211     
  -6863.5191057801258     
  -6049.2932668916264     
  -5322.3621530727996     
  -4673.2324496710307     
  -4093.4432514451041     
  -3575.4537846298795     
  -3112.5433400671877     
  -2698.7220892579217     
  -2328.6515996671314     
  -1997.5739943709686     
  -1701.2488158822171     
  -1435.8967562546134     
  -1198.1495067039227     
  -985.00506120670639     
  -793.78788092481591     
  -622.11339081647395     
  -467.85633729010863     
  -329.12258699847752     
  -204.22399253845293     
  -91.655991522494759     
   9.9223582383156081     
   101.70617237121962     
   184.76059851775560     
   260.03495028896714     
   328.37530415399624     
   390.53572641918265     
   447.18827927606765     
   498.93193869501334     
   546.30054250146816     
   589.76987410260404     
   629.76397586232520     
   666.66077590029010     
   700.79710297993347     
   732.47315603062793     
   761.95648761231894     
   789.48555418117905     
   815.27288026645931     
   839.50787854548457     
   862.35936323767112     
   883.97779016893060     
   904.49725323087694     
   924.03726372673293     
   942.70433621485358     
   960.59340189310524     
   977.78906827890421     
   994.36674190013855     
   1010.3936288944319     
   1025.9296267941181     
   1041.0281193303888     
   1055.7366848032000     
   1070.0977274165855     
   1084.1490399568240     
   1097.9243052798661     
   1111.4535432624575     
   1124.7635091477368     
   1137.8780485711131     
