   2.5000000000000000        5.0000000000000003E-002  log
  -465689.30529047811     
  -459496.96480625408     
  -453957.16339034081     
  -447360.61132477253     
  -439788.34547496808     
  -430884.69511608279     
  -420992.17791573977     
  -409866.81356756826     
  -397698.58005644876     
  -386367.35004655441     
  -373778.42026888183     
  -359707.53076496383     
  -344886.55302534590     
  -329637.62187374086     
  -315994.86961764161     
  -303834.76831457636     
  -292996.08379036939     
  -283034.88091388752     
  -271338.78416419454     
  -257575.57543601177     
  -241739.45973282779     
  -224924.25432936280     
  -206161.11287409984     
  -185780.83893166008     
  -165526.76257909829     
  -147473.77643053597     
  -131382.50842086418     
  -117039.61794381971     
  -104254.96535807852     
  -92859.089079733923     
  -82700.956916918512     
  -73645.961885109282     
  -65574.135944821537     
  -58378.557976267482     
  -51963.934876258056     
  -46245.336956993095     
  -41147.070871526033     
  -36601.675113247940     
  -32549.024761213641     
  -28935.533591328847     
  -25713.442964563608     
  -22840.188054465496     
  -20277.833002434174     
  -17992.567503969593     
  -15954.258144461483     
  -14136.048529808242     
  -12514.002904848661     
  -11066.788529839710     
  -9775.3925996726975     
  -8622.8699490153722     
  -7594.1181951861208     
  -6675.6773347343687     
  -5855.5511342547898     
  -5123.0479452122236     
  -4468.6388303404037     
  -3883.8311189239080     
  -3361.0557130297498     
  -2893.5666492412797     
  -2475.3515830853307     
  -2101.0520082928542     
  -1765.8921522178434     
  -1465.6156038738709     
  -1196.4288336603177     
  -954.95085530329345     
  -738.16836204314666     
  -543.39574174307143     
  -368.23944033575958     
  -210.56620072650352     
  -68.474755697413372     
   59.729400809062312     
   175.55649880009472     
   280.35253210206281     
   375.31711890856656     
   461.51942000698898     
   539.91232590999402     
   611.34510114751595     
   676.57465350206155     
   736.27557772381920     
   791.04910700004427     
   841.43109095964962     
   887.89910607657055     
   930.87879282287065     
   970.74950366194514     
   1007.8493368274065     
   1042.4796226829574     
   1074.9089221946113     
   1105.3765905726345     
   1134.0959533706275     
   1161.2571371867000     
   1187.0295925284588     
   1211.5643423187262     
   1234.9959858783127     
   1257.4444849775011     
   1279.0167556560696     
   1299.8080869343542     
   1319.9034052407915     
   1339.3784013341347     
   1358.3005346739208     
   1376.7299285665817     
   1394.7201679652474     
   1412.3190105095589     
