   2.5000000000000000        5.0000000000000003E-002  log
  -284007.11149954970     
  -277814.77101532568     
  -272274.96959941240     
  -265678.41753384419     
  -258106.15168403968     
  -249202.50132515442     
  -239309.98412481140     
  -228184.61977663985     
  -216016.38626552036     
  -204685.15625562600     
  -192096.22647795343     
  -178025.33697403542     
  -163204.35923441753     
  -147955.42808281249     
  -134312.67582671321     
  -122152.57452364796     
  -111313.88999944099     
  -101352.68712295913     
  -90451.874757829588     
  -80585.994305864166     
  -71791.997459034799     
  -63953.323637264526     
  -56966.085430439227     
  -50737.689838035476     
  -45185.610438094074     
  -40236.293673931621     
  -35824.184104038090     
  -31890.855350996142     
  -28384.235225270753     
  -25257.914888888066     
  -22470.533025233144     
  -19985.226920237750     
  -17769.143207157173     
  -15793.001800008366     
  -14030.707239818392     
  -12459.002304111373     
  -11057.159288518043     
  -9806.7048669415926     
  -8691.1748802757447     
  -7695.8957993747763     
  -6807.7899610869463     
  -6015.2019912466740     
  -5307.7441096014873     
  -4676.1582623226377     
  -4112.1932512439553     
  -3608.4952281980895     
  -3158.5101003837258     
  -2756.3965509424138     
  -2396.9485199443716     
  -2075.5261166506252     
  -1787.9940459048132     
  -1530.6667313018340     
  -1300.2594067103612     
  -1093.8445269757087     
  -908.81291925322341     
  -742.83915935991172     
  -593.85071362051531     
  -460.00043666959863     
  -339.64206021788448     
  -231.30834749117969     
  -133.69162343129898     
  -45.626422280500108     
   33.925977727050679     
   105.89133779811239     
   171.09474304792701     
   230.27155101987549     
   284.07714954527631     
   333.09565343037923     
   377.84765537518297     
   418.79713397791147     
   456.35761049321070     
   490.89763604291227     
   522.74568209321603     
   552.19449909345781     
   579.50500111414010     
   604.90972803195450     
   628.61593120363443     
   650.80832357424754     
   671.65153071265991     
   691.29227529829882     
   709.86132404631735     
   727.47522290591087     
   744.23784355699581     
   760.24176172647162     
   775.56948561359991     
   790.29455072505186     
   804.48249564749472     
   818.19173170568320     
   831.47431804593771     
   844.37665242993251     
   856.94008690523731     
   869.20147652220794     
   881.19366837838709     
   892.94593747974807     
   904.48437520241123     
   915.83223550948856     
   927.01024351715591     
   938.03687050443818     
   948.92857901592868     
   959.70004130980828     
   970.36433404984018     
