   2.5000000000000000        5.0000000000000003E-002  log
  -202.58659445019694     
  -180.22232430573783     
  -160.25380170467636     
  -142.42096094765100     
  -126.49201614480100     
  -112.26033236389539     
  -99.541664889286963     
  -88.171717603317916     
  -78.003973563756631     
  -68.907759722082773     
  -60.766520402551251     
  -53.476286840109466     
  -46.944339584999703     
  -41.088065060777396     
  -35.834005643995837     
  -31.117091278482736     
  -26.880013629269079     
  -23.072655053132092     
  -19.651422165251599     
  -16.578304296087712     
  -13.819572137210082     
  -11.344301767813169     
  -9.1231946632813408     
  -7.1281275353971409     
  -5.3324250102476656     
  -3.7114238275584603     
  -2.2428922595220291     
 -0.90715981378342814     
  0.31295874288463077     
   1.4323253441933037     
   2.4636686829674401     
   3.4177957438497724     
   4.3038289171358137     
   5.1294612399880952     
   5.9012109362778062     
   6.6246546592277218     
   7.3046251194619582     
   7.9453677519246773     
   8.5506585242213387     
   9.1238892636853794     
   9.6681282356936311     
   10.186163173519720     
   10.680532563397152     
   11.153549426138303     
   11.607320468967345     
   12.043762431495216     
   12.464616712403609     
   12.871462880184298     
   13.265731373835713     
   13.648715528085676     
   14.021582967046296     
   14.385386368364490     
   14.741073585878253     
   15.089497119305552     
   15.431422926653449     
   15.767538584334744     
   16.098460809036585     
   16.424742363084647     
   16.746878370995542     
   17.065312079102746     
   17.380440092760512     
   17.692617126931449     
   18.002160306214179     
   18.309353049815702     
   18.614448575833055     
   18.917673057659133     
   19.219228463510774     
   19.519295108105794     
   19.818033943474838     
   20.115588613847549     
   20.412087297546979     
   20.707644356893439     
   21.002361815281262     
   21.296330678861725     
   21.589632118650780     
   21.882338527382817     
   22.174514464051338     
   22.466217497810494     
   22.757498961753313     
   23.048404626027352     
   23.338975298789698     
   23.629247362634459     
   23.919253253339928     
   24.209021887073035     
   24.498579041549068     
   24.787947696068919     
   25.077148334838228     
   25.366199217507866     
   25.655116620457779     
   25.943915051971995     
   26.232607444117196     
   26.521205323837069     
   26.809718965505642     
   27.098157526942575     
   27.386529170678138     
   27.674841172063509     
   27.963100015650202     
   28.251311481108974     
   28.539480719821590     
   28.827612323156281     
   29.115710383328722     
