   2.5000000000000000        5.0000000000000003E-002  log
  -308415.04806482646     
  -299567.67690650444     
  -291681.96273872355     
  -284653.32636423438     
  -278005.12140902784     
  -270161.19851778517     
  -261083.98501878386     
  -250633.94605925356     
  -239033.99361624778     
  -226014.76763585774     
  -213735.95222146568     
  -200343.59278575695     
  -185450.91034781249     
  -169775.68118329131     
  -153758.56207963510     
  -139482.23664889834     
  -126757.39429690341     
  -115415.31222457785     
  -104896.73197577383     
  -93486.537749672381     
  -83287.712537383777     
  -74196.893662462811     
  -66093.593650089591     
  -58870.428962342063     
  -52431.693421487929     
  -46692.086436972466     
  -41575.580011456019     
  -37014.410140744520     
  -32948.179093082028     
  -29323.055861703524     
  -26091.063393658380     
  -23209.442812311361     
  -20640.086284357723     
  -18349.031243039950     
  -16306.009462765169     
  -14484.045126377370     
  -12859.096609455191     
  -11409.737246850662     
  -10116.870845414918     
  -8963.4781610205737     
  -7934.3909674645402     
  -7016.0907117403458     
  -6196.5290778227081     
  -5464.9680732201650     
  -4811.8375127867293     
  -4228.6080060585236     
  -3707.6777608008028     
  -3242.2716992990058     
  -2826.3515476876469     
  -2454.5357044915531     
  -2122.0278245186137     
  -1824.5531700368231     
  -1558.3018843425089     
  -1319.8784347611256     
  -1106.2565540445582     
  -914.73908213222865     
  -742.92217530013693     
  -588.66340769850467     
  -450.05334194633025     
  -325.39019149705086     
  -213.15723852575258     
  -112.00270766033731     
  -20.721828472627795     
   61.759151306474742     
   136.39721399518476     
   204.04527066718006     
   265.46347886782758     
   321.32932952545957     
   372.24663690955208     
   418.75355093075268     
   461.32969810399101     
   500.40254593318025     
   536.35307517081287     
   569.52083522129692     
   600.20844977127308     
   628.68563243476694     
   655.19276569904116     
   679.94409066213041     
   703.13054988837314     
   724.92232110524765     
   745.47107536240219     
   764.91198961749080     
   783.36554045477919     
   800.93910273820825     
   817.72837441218007     
   833.81864635638942     
   849.28593414497266     
   864.19798672778074     
   878.61518541840917     
   892.59134511804086     
   906.17442840688409     
   919.40718197878539     
   932.32770386413415     
   944.96994896777676     
   957.36417963013173     
   969.53736719018480     
   981.51354987886953     
   993.31415179186627     
   1004.9582671743973     
   1016.4629137903096     
   1027.8432587375014     
