   2.5000000000000000        5.0000000000000003E-002  log
  -27602.886666942944     
  -24598.202533358086     
  -21919.976460572569     
  -19532.706539044892     
  -17404.751690389541     
  -15507.911797726243     
  -13817.053491967687     
  -12309.776623785630     
  -10966.116991801531     
  -9768.2813833030596     
  -8700.4114201318462     
  -7748.3730916689174     
  -6899.5692000926201     
  -6142.7722434752413     
  -5467.9755268407635     
  -4866.2605285936852     
  -4329.6787650748920     
  -3851.1465883534347     
  -3424.3515153839867     
  -3043.6688126702934     
  -2704.0871447114337     
  -2401.1421408618016     
  -2130.8567731803078     
  -1889.6875488280280     
  -1674.4758276688349     
  -1482.4040988525710     
  -1310.9574872064388     
  -1157.8906276327150     
  -1021.1993369353347     
  -899.09591328420277     
  -789.98694807554625     
  -692.45303121231814     
  -605.23016772388326     
  -527.19289633244750     
  -457.33909250953707     
  -394.77637912830625     
  -338.71002216313900     
  -288.43216933996592     
  -243.31228892080847     
  -202.78867483398574     
  -166.36089710793408     
  -133.58308988788062     
  -104.05798183642342     
  -77.431584970413184     
  -53.388467903478642     
  -31.647548142200833     
  -11.958345668518939     
   5.9023533224927691     
   22.133467840333736     
   36.912268866682595     
   50.396737158965472     
   62.727663795369558     
   74.030521646155819     
   84.417132837897839     
   93.987154512270536     
   102.82940272693568     
   111.02303216631864     
   118.63858739280768     
   125.73893964631594     
   132.38012166783548     
   138.61207165912799     
   144.47929627712159     
   150.02146148120548     
   155.27391908964722     
   160.26817604469949     
   165.03231262299443     
   169.59135514823043     
   173.96760815777634     
   178.18095043550949     
   182.24909884272802     
   186.18784345089313     
   190.01125709853611     
   193.73188215480840     
   197.36089696932072     
   200.90826421806972     
   204.38286311478959     
   207.79260724278535     
   211.14454957135268     
   214.44497605072124     
   217.69948902781223     
   220.91308158995855     
   224.09020382329746     
   227.23482186521568     
   230.35047053457112     
   233.44030023816950     
   236.50711877600128     
   239.55342860003577     
   242.58146002102771     
   245.59320080401261     
   248.59042254523848     
   251.57470418056684     
   254.54745293730591     
   257.50992300751096     
   260.46323219054892     
   263.40837672577356     
   266.34624451214160     
   269.27762689019090     
   272.20322914272793     
   275.12367985356394     
   278.03953924849031     
   280.95130662917376     
