   2.5000000000000000        5.0000000000000003E-002  log
  -12266.006967444087     
  -10930.113152030437     
  -9739.2919173517930     
  -8677.7668546598143     
  -7731.4772566560414     
  -6887.8915286842866     
  -6135.8408867886128     
  -5465.3711312397782     
  -4867.6105249152997     
  -4334.6520242772876     
  -3859.4483087186327     
  -3435.7182309288783     
  -3057.8634648771190     
  -2720.8942596850266     
  -2420.3633218511886     
  -2152.3069515598127     
  -1913.1926547112307     
  -1699.8725382121415     
  -1509.5418642085365     
  -1339.7021803966575     
  -1188.1284523212641     
  -1052.8396027576384     
  -932.07184135571731     
  -824.25422535589291     
  -727.98615173074313     
  -642.01696185251899     
  -565.22823906156066     
  -496.61921322004440     
  -435.29494755751176     
  -380.45635716131119     
  -331.39113918279611     
  -287.46516985577085     
  -248.11434138867526     
  -212.83696760865357     
  -181.18686413469268     
  -152.76713601791752     
  -127.22464818865694     
  -104.24512385660620     
  -83.548805802918523     
  -64.886616075162692     
  -48.036754806343168     
  -32.801685483775813     
  -19.005460529161404     
  -6.4913469672821789     
   4.8802828773625269     
   15.233826275950879     
   24.680117395229885     
   33.317910544135351     
   41.235200089606060     
   48.510395321576290     
   55.213366421959542     
   61.406375835857851     
   67.144907715624697     
   72.478406677339805     
   77.450935847932058     
   82.101763067266148     
   86.465883124172947     
   90.574483032664276     
   94.455356580740073     
   98.133273697467430     
   101.63030957415123     
   104.96613793351072     
   108.15829235902484     
   111.22239916816800     
   114.17238493210579     
   117.02066140524630     
   119.77829032615654     
   122.45513028260631     
   125.05996759421694     
   127.60063295311213     
   130.08410537320177     
   132.51660482970868     
   134.90367481999354     
   137.25025594261768     
   139.56075147210316     
   141.83908580040443     
   144.08875652126707     
   146.31288084914914     
   148.51423698908894     
   150.69530100681527     
   152.85827968861523     
   155.00513982720523     
   157.13763432238099     
   159.25732544292106     
   161.36560555852250     
   163.46371561695335     
   165.55276161166978     
   167.63372925846662     
   169.70749707595377     
   171.77484804346182     
   173.83647999109715     
   175.89301485983711     
   177.94500695455795     
   179.99295029952157     
   182.03728519393439     
   184.07840405457506     
   186.11665662302559     
   188.15235460660855     
   190.18577581461622     
   192.21716784472065     
   194.24675136848393     
