   2.5000000000000000        5.0000000000000003E-002  log
  -21797.506561011964     
  -19424.458414022483     
  -17309.209807345222     
  -15423.725381130782     
  -13743.018626411347     
  -12244.820317543057     
  -10909.282997817012     
  -9718.7175922711340     
  -8657.3586489753288     
  -7711.1550946021944     
  -6867.5837362307984     
  -6115.4830502138902     
  -5444.9050705319487     
  -4846.9834255862479     
  -4313.8157800215358     
  -3838.3591247284885     
  -3414.3365283107787     
  -3036.1541153598064     
  -2698.8271639883937     
  -2397.9143090781054     
  -2129.4588933049076     
  -1889.9365289377754     
  -1676.2079486900689     
  -1485.4763146920743     
  -1315.2484437494350     
  -1163.2999141356336     
  -1027.6444419157147     
  -906.50776942857033     
  -798.30558842298126     
  -701.62441100734475     
  -615.20434710163192     
  -537.92323530596752     
  -468.78200382993009     
  -406.89130442862404     
  -351.45944853565197     
  -301.78161027278605     
  -257.23021084068904     
  -217.24637521752629     
  -181.33234778113422     
  -149.04475929761381     
  -119.98864761309014     
  -93.812145164248477     
  -70.201756679131876     
  -48.878159671511987     
  -29.592468449194641     
  -12.122909431124921     
   3.7281382769738225     
   18.136777736365751     
   31.259940462065760     
   43.237476041903243     
   54.194013380929924     
   64.240618687615807     
   73.476272514200488     
   81.989185683967705     
   89.857971742384748     
   97.152691622251567     
   103.93578448536567     
   110.26289716889185     
   116.18362330116175     
   121.74216193938922     
   126.97790450356710     
   131.92595782147768     
   136.61761024596569     
   141.08074704560656     
   145.34022059323527     
   149.41818027424759     
   153.33436649996347     
   157.10637273338554     
   160.74987900894277     
   164.27886004854832     
   167.70577073842600     
   171.04171143013531     
   174.29657526102562     
   177.47917945037864     
   180.59738231457024     
   183.65818755484844     
   186.66783720225547     
   189.63189445356471     
   192.55531749784757     
   195.44252531364756     
   198.29745631012057     
   201.12362059048937     
   203.92414653148617     
   206.70182229699967     
   209.45913283689387     
   212.19829286203557     
   214.92127623315622     
   217.62984215357395     
   220.32555851337941     
   223.00982269488216     
   225.68388011541995     
   228.34884075360381     
   231.00569387830885     
   233.65532117586903     
   236.29850844967615     
   238.93595604743814     
   241.56828815446679     
   244.19606107631611     
   246.81977062068174     
   249.43985867651719     
   252.05671907767143     
