   2.5000000000000000        5.0000000000000003E-002  log
  -342480.45940062555     
  -333633.08824230352     
  -325747.37407452264     
  -318718.73770003341     
  -312070.53274482692     
  -304226.60985358426     
  -295149.39635458292     
  -284699.35739505262     
  -273099.40495204687     
  -260080.17897165680     
  -247801.36355726473     
  -234409.00412155603     
  -219516.32168361158     
  -203841.09251909039     
  -187823.97341543416     
  -173547.64798469740     
  -160822.80563270248     
  -149480.72356037694     
  -138962.14331157290     
  -126425.92832692956     
  -112726.22639831928     
  -100431.24378357441     
  -89472.135930660705     
  -79703.635924413509     
  -70996.273991593305     
  -63234.657705474834     
  -56315.939691501269     
  -50148.453150373593     
  -44650.496961774530     
  -39749.253453898367     
  -35379.823690764912     
  -31484.367151613849     
  -28011.334473665363     
  -24914.783314407316     
  -22153.768461866901     
  -19691.798224760554     
  -17496.349946923561     
  -15538.438235710350     
  -13792.230174998727     
  -12234.702409991372     
  -10845.335545217962     
  -9605.8417930424912     
  -8499.9222526019203     
  -7513.0505936805248     
  -6632.2802715815960     
  -5846.0727122242042     
  -5144.1441856518868     
  -4517.3293346395858     
  -3957.4595464656845     
  -3457.2545531509390     
  -3010.2258212002830     
  -2610.5904484692028     
  -2253.1944253065185     
  -1933.4442414622222     
  -1647.2459310502059     
  -1390.9507465971358     
  -1161.3067412046771     
  -955.41561627329145     
  -770.69426212464361     
  -604.84048114517771     
  -455.80243858325633     
  -321.75143560382782     
  -201.05764329493954     
  -92.268475615066194     
   5.9106857090785443     
   94.633670112877937     
   174.92882891387060     
   247.71268099143845     
   313.80207450067076     
   373.92502600262202     
   428.73038084251749     
   478.79642296552117     
   524.63854841887633     
   566.71610436453716     
   605.43848435294365     
   641.17056073939705     
   674.23752632859339     
   704.92920949354357     
   733.50392002831916     
   760.19187676709782     
   785.19826245220008     
   808.70594638757564     
   830.87791100586730     
   851.85941454825900     
   871.77991855465973     
   890.75480574093501     
   908.88691105843827     
   926.26788625212544     
   942.97941602415335     
   959.09430194074548     
   974.67742846514000     
   989.78662393530817     
   1004.4734279111146     
   1018.7837750731605     
   1032.7586047482439     
   1046.4344041494785     
   1059.8436925395408     
   1073.0154527416094     
   1085.9755157238790     
   1098.7469033608672     
   1111.3501339197394     
