   2.5000000000000000        5.0000000000000003E-002  log
  -355421.63308050361     
  -346370.70761462249     
  -337099.49593595701     
  -328835.98772127624     
  -321470.59616423259     
  -314236.70644586795     
  -305529.93257212755     
  -295537.13906239532     
  -284285.03276351606     
  -271660.34847416967     
  -258234.48533695782     
  -245344.77226749947     
  -230630.24531375800     
  -214832.42973408659     
  -198327.33044336404     
  -182907.88876995922     
  -169164.20171004086     
  -156914.03305361088     
  -145994.96525187409     
  -134224.02858511664     
  -120335.30961021438     
  -107211.72538255026     
  -95514.090073144645     
  -85087.343579709835     
  -75793.288668592504     
  -67508.755227658883     
  -60123.964631133196     
  -53541.072965596912     
  -47672.873425695332     
  -42441.640077852084     
  -37778.097460471297     
  -33620.502415316420     
  -29913.825888733030     
  -26609.023601145538     
  -23662.385732269460     
  -21034.957004126387     
  -18692.019597062113     
  -16602.632179459302     
  -14739.219032778077     
  -13077.203869675724     
  -11594.683502744580     
  -10272.137032910177     
  -9092.1666910610420     
  -8039.2668851359113     
  -7099.6183800677427     
  -6260.9048730461927     
  -5512.1495252675231     
  -4843.5692774253657     
  -4246.4450131557260     
  -3713.0058456684328     
  -3236.3259907306156     
  -2810.2328565603775     
  -2429.2251303027683     
  -2088.3997736044676     
  -1783.3869581631820     
  -1510.2920775889172     
  -1265.6440658874935     
  -1046.3493366167384     
  -849.65073138940477     
  -673.09093289816963     
  -514.47985690227233     
  -371.86559043087499     
  -243.50849052733287     
  -127.85809980689484     
  -23.532572485303685     
   70.699662146013438     
   155.93624212845100     
   233.15543799455023     
   303.22913395655837     
   366.93439738523989     
   424.96379010480439     
   477.93455833321514     
   526.39682321645580     
   570.84088064304660     
   611.70370720518156     
   649.37475863842781     
   684.20113768317162     
   716.49219994330986     
   746.52365886001451     
   774.54124427177624     
   800.76396310815062     
   825.38700548506472     
   848.58433476415416     
   870.51099594491529     
   891.30517302085286     
   911.09002259966121     
   929.97530811860133     
   948.05885634022707     
   965.42785545536049     
   982.16001201842096     
   998.32458206699278     
   1013.9832901080028     
   1029.1911481649313     
   1043.9971857543412     
   1058.4451004780942     
   1072.5738378642295     
   1086.4181081506622     
   1100.0088468691094     
   1113.3736253409293     
   1126.5370165319030     
   1139.5209211206429     
