   2.5000000000000000        5.0000000000000003E-002  log
  -94253.479506044037     
  -85202.554040162955     
  -75931.342361497445     
  -67667.834146816705     
  -60302.442589773047     
  -53737.498346401961     
  -47885.953522268188     
  -42670.226599793772     
  -38021.172978655668     
  -33877.167468951542     
  -30183.286562391229     
  -26890.579630852175     
  -23955.419382047581     
  -21338.922955152368     
  -19006.435980374634     
  -16927.072769796119     
  -15073.306563579157     
  -13420.604431276133     
  -11947.102019938146     
  -10633.313839455886     
  -9461.8751700349603     
  -8417.3119688558490     
  -7485.8353924523290     
  -6655.1578813125561     
  -5914.3283644719177     
  -5253.5849916668676     
  -4664.2243569056091     
  -4138.4859312241279     
  -3669.4498101731056     
  -3250.9458359279115     
  -2877.4726991603206     
  -2544.1260146710042     
  -2246.5343385973388     
  -1980.8020336142733     
  -1743.4580491985978     
  -1531.4099486709790     
  -1341.9027033291513     
  -1172.4818489770755     
  -1020.9606143885906     
  -885.39063533256194     
  -764.03588210254247     
  -655.34945384476259     
  -557.95292422395914     
  -470.61795545645504     
  -392.24992874407775     
  -321.87336746350701     
  -258.61895478940176     
  -201.71196986084755     
  -150.46198640438436     
  -104.25369520501890     
  -62.538727256643902     
  -24.828368081084093     
   9.3129341974308808     
   40.273353707166549     
   68.398841774289735     
   93.997720658887246     
   117.34477725994417     
   138.68491127750386     
   158.23638636744138     
   176.19372752592187     
   192.73030322358454     
   208.00062660919755     
   222.14240636178437     
   235.27837443833769     
   247.51791499622766     
   258.95851612532471     
   269.68706366918377     
   279.78099431580063     
   289.30932326836898     
   298.33356014013566     
   306.90852523263385     
   315.08307703345469     
   322.90076059066382     
   330.40038537027601     
   337.61654026687268     
   344.58005260303003     
   351.31839720961511     
   357.85606101631174     
   364.21486799115462     
   370.41426874151887     
   376.47159861994766     
   382.40230776016125     
   388.22016609603310     
   393.93744608428364     
   399.56508555572896     
   405.11283285619322     
   410.58937620315339     
   416.00245897470882     
   421.35898246077613     
   426.66509744002303     
   431.92628579776613     
   437.14743326789505     
   442.33289426409829     
   447.48654966068835     
   452.61185828976528     
   457.71190283806970     
   462.78943075256433     
   467.84689069754540     
   472.88646504705684     
   477.91009884376882     
   482.91952560859198     
