   2.5000000000000000        5.0000000000000003E-002  log
  -620.22873163865722     
  -552.16674633372043     
  -491.44383708726758     
  -437.26188626297363     
  -388.90957076872263     
  -345.75292323135000     
  -307.22691963477712     
  -272.82798179461656     
  -242.10729518180008     
  -214.66485342867458     
  -190.14415050779206     
  -168.22745025438164     
  -148.63157096317576     
  -131.10413102746230     
  -115.42021149924933     
  -101.37940482415240     
  -88.803236073367927     
  -77.532959359118223     
  -67.427736432383853     
  -58.363179145676256     
  -50.230163792311458     
  -42.933697343797228     
  -36.391474567985114     
  -30.531746316962543     
  -25.290410198911150     
  -20.607800056171879     
  -16.425986942478417     
  -12.687066104380991     
  -9.3324200103938786     
  -6.3032497655751465     
  -3.5433245034005498     
  -1.0040730266144502     
   1.3505954326928009     
   3.5435687535224498     
   5.5884549931753211     
   7.4947990502890693     
   9.2715237364946645     
   10.928132845169824     
   12.474635847212829     
   13.921088606627354     
   15.277177209586723     
   16.551957036701754     
   17.753731675865726     
   18.890026539382095     
   19.967617025882401     
   20.992583378383536     
   21.970375225537286     
   22.905876423049087     
   23.803465631627489     
   24.667070874382006     
   25.500217814924163     
   26.306072203714798     
   27.087477199970806     
   27.846986306192253     
   28.586892579301267     
   29.309254675868619     
   30.015920183117270     
   30.708546596474761     
   31.388620232034292     
   32.057473307117704     
   32.716299381137034     
   33.366167318775680     
   34.008033915204201     
   34.642755306266110     
   35.271097273574732     
   35.893744544019960     
   36.511309174452535     
   37.124338104740509     
   37.733319955624673     
   38.338691141620849     
   38.940841363496638     
   39.540118539516378     
   40.136833229657967     
   40.731262602337829     
   41.323653988821526     
   41.914228066438923     
   42.503181707955946     
   43.090690530970882     
   43.676911177992089     
   44.261983354903279     
   44.846031652820912     
   45.429167175879897     
   46.011488995235801     
   46.593085447528452     
   47.174035294198688     
   47.754408756372605     
   48.334268438511479     
   48.913670152657893     
   49.492663653875809     
   50.071293296372851     
   50.649598618795750     
   51.227614866293813     
   51.805373456141325     
   52.382902392988711     
   52.960226639166073     
   53.537368444883931     
   54.114347642658146     
   54.691181909822134     
   55.267887002575357     
   55.844476964646013     
   56.420964313315089     
