   2.5000000000000000        5.0000000000000003E-002  log
  -332711.35885663755     
  -323660.43339075649     
  -314389.22171209095     
  -306125.71349741024     
  -298760.32194036653     
  -291526.43222200189     
  -282819.65834826150     
  -272826.86483852932     
  -261574.75853965004     
  -248950.07425030362     
  -235524.21111309179     
  -222634.49804363342     
  -207919.97108989194     
  -192122.15551022056     
  -175617.05621949799     
  -160197.61454609316     
  -146453.92748617483     
  -134203.75882974482     
  -123284.69102800805     
  -111513.75436125058     
  -99352.489850255122     
  -88512.576747428306     
  -78850.328071415061     
  -70237.684425448271     
  -62560.512980000094     
  -55717.091045689231     
  -49616.755032388595     
  -44178.697320134015     
  -39330.894716094306     
  -35009.153695598921     
  -31156.259569184545     
  -27721.218353092368     
  -24658.581205505427     
  -21927.842219635775     
  -19492.901407956058     
  -17321.585763071704     
  -15385.222170349021     
  -13658.256647190950     
  -12117.914954925993     
  -10743.900129648553     
  -9518.1229349788809     
  -8424.4616592741331     
  -7448.5480624101574     
  -6577.5766228777538     
  -5800.1345460224247     
  -5106.0502713090737     
  -4486.2584634988334     
  -3932.6796926307702     
  -3438.1132035932396     
  -2996.1413504866568     
  -2601.0444262914052     
  -2247.7247566733608     
  -1931.6390499613199     
  -1648.7381050807269     
  -1395.4130770050012     
  -1168.4475864025319     
  -964.97503778119085     
  -782.44057960083342     
  -618.56720146105010     
  -471.32551839823003     
  -338.90684127440369     
  -219.69917586189538     
  -112.26583210279303     
  -15.326359667551252     
   72.260443186832319     
   151.51167294140581     
   223.33381728107682     
   288.53478380384303     
   347.83462059671655     
   401.87507094140335     
   451.22808894078770     
   496.40342906805540     
   537.85541035081553     
   575.98894494971194     
   611.16491112936728     
   643.70494191951025     
   673.89569301032213     
   701.99264651549697     
   728.22350107752288     
   752.79119330051947     
   775.87659060376313     
   797.64089122886469     
   818.22776324758649     
   837.76525095390434     
   856.36747393719747     
   874.13614138240780     
   891.16190169114759     
   907.52554533251634     
   923.29907688481262     
   938.54667049354998     
   953.32552142418012     
   967.68660500915223     
   981.67535306010893     
   995.33225672082585     
   1008.6934037604070     
   1021.7909574363085     
   1034.6535832814243     
   1047.3068294784516     
   1059.7734658688798     
   1072.0737860950535     
   1084.2258768845566     
