   2.5000000000000000        5.0000000000000003E-002  log
  -276710.58749112737     
  -267907.42227696022     
  -258517.85927525483     
  -248920.87403520744     
  -240366.99806055514     
  -232742.79386168273     
  -224674.87187044992     
  -215192.35341449929     
  -204271.00172190781     
  -192067.27212752780     
  -178353.64530239001     
  -165115.19991765864     
  -150864.22433838874     
  -135171.93340661158     
  -120448.90123069129     
  -107325.95815976307     
  -95629.097231224776     
  -85203.235164302168     
  -75910.154433960401     
  -67626.669115108161     
  -60242.990162636168     
  -53661.268422091263     
  -47794.296008613994     
  -42564.348797727485     
  -37902.154679469539     
  -33745.973952544642     
  -30040.779769353154     
  -26737.527871369504     
  -23792.505982655108     
  -21166.754196691931     
  -18825.548558150294     
  -16737.940854522334     
  -14876.348405995443     
  -13216.188359974598     
  -11735.551638402392     
  -10414.912243106779     
  -9236.8681032080240     
  -8185.9100629022068     
  -7248.2159714209602     
  -6411.4671599025523     
  -5664.6848789895212     
  -4998.0845304761324     
  -4402.9457592726458     
  -3871.4966807688165     
  -3396.8107055604773     
  -2972.7145905139460     
  -2593.7064942321749     
  -2254.8829479747315     
  -1951.8737716500325     
  -1680.7840701740379     
  -1438.1425396596235     
  -1220.8553968102487     
  -1026.1653196554805     
  -851.61485438088482     
  -695.01380235966883     
  -554.41015438062152     
  -428.06418619227560     
  -314.42537147558573     
  -212.11180577676521     
  -119.89186827699787     
  -36.667877990732258     
   38.538472535183473     
   106.59909935073587     
   168.29109735910791     
   224.30705225687711     
   275.26423101193978     
   321.71277284746054     
   364.14298943397995     
   402.99187116881626     
   438.64888588502174     
   471.46114694144831     
   501.73801927623077     
   529.75522454707971     
   555.75849983414832     
   579.96685845664331     
   602.57549617413622     
   623.75838133760601     
   643.67056336113058     
   662.45023014718777     
   680.22054176709207     
   697.09126472898527     
   713.16022851958894     
   728.51462374751645     
   743.23215911400814     
   757.38209256362347     
   771.02615029781691     
   784.21934584629628     
   797.01071006485790     
   809.44394174642036     
   821.55798747854078     
   833.38755844183083     
   844.96359100691802     
   856.31365724183115     
   867.46233077702232     
   878.43151288285571     
   889.24072308643088     
   899.90735818406370     
   910.44692308637559     
   920.87323655917351     
   931.19861459018443     
   941.43403381481596     
