   2.5000000000000000        5.0000000000000003E-002  log
  -22355.491936898816     
  -19921.899123813335     
  -17752.685528981896     
  -15819.099965241301     
  -14095.517845856102     
  -12559.101157684483     
  -11189.495413702320     
  -9968.5595691539147     
  -8880.1253217791436     
  -7909.7826047250364     
  -7044.6884269368529     
  -6273.3965241969645     
  -5585.7055572200243     
  -4972.5238343250758     
  -4425.7487499781064     
  -3938.1593230459607     
  -3503.3203952770041     
  -3115.4972137291470     
  -2769.5792689068271     
  -2461.0123881903178     
  -2185.7381871531038     
  -1940.1400618650011     
  -1720.9949765229301     
  -1525.4303821605154     
  -1350.8857057100784     
  -1195.0779657176950     
  -1055.9711719208901     
  -931.74921710836600     
  -820.79195950669134     
  -721.65414666058643     
  -633.04679386756391     
  -553.82063755771446     
  -482.95133911478018     
  -419.52619245027120     
  -362.73215978648091     
  -311.84510864156130     
  -266.22014857082388     
  -225.28297655356513     
  -188.52214337534693     
  -155.48215542159664     
  -125.75732940312672     
  -98.986322166502731     
  -74.847263527619461     
  -53.053426427283462     
  -33.349375150779288     
  -15.507538548582977     
  0.67483904263571970     
   15.378411231882925     
   28.764144694225397     
   40.975469107428751     
   52.140191295897964     
   62.372199662377902     
   71.772982057666283     
   80.432977645544597     
   88.432781024834952     
   95.844214837729140     
   102.73128529218937     
   109.15103342893946     
   115.15429354637315     
   120.78636893859081     
   126.08763398431638     
   131.09407063147174     
   135.83774643947984     
   140.34724055641865     
   144.64802330992046     
   148.76279446946569     
   152.71178468484729     
   156.51302411346313     
   160.18258181097988     
   163.73477906982234     
   167.18237954257046     
   170.53675867797949     
   173.80805472179651     
   177.00530328910952     
   180.13655729632799     
   183.20899384612170     
   186.22900948511895     
   189.20230509956565     
   192.13396157640020     
   195.02850723446565     
   197.88997792122086     
   200.72197057286465     
   203.52769094895379     
   206.30999617521820     
   209.07143265932282     
   211.81426988288064     
   214.54053051826216     
   217.25201726994956     
   219.95033679669612     
   222.63692103199628     
   225.31304618583459     
   227.97984967990052     
   230.63834524102651     
   233.28943635315821     
   235.93392824638005     
   238.57253858210134     
   241.20590697620295     
   243.83460348652312     
   246.45913617731483     
   249.07995786105801     
   251.69747210709184     
