   2.5000000000000000        5.0000000000000003E-002  log
  -504833.45951083826     
  -496122.00633430463     
  -486942.59158783330     
  -477020.91006292030     
  -467123.40920520778     
  -458301.66348190204     
  -450353.68154756736     
  -441385.35041336523     
  -430912.70859031152     
  -419033.83713951887     
  -405694.64608509501     
  -391384.18121949799     
  -377593.82762655878     
  -361966.52372349007     
  -345323.63830070716     
  -327934.95422004128     
  -312001.91988393111     
  -297800.44523551763     
  -285142.22620278673     
  -273819.68005244574     
  -261074.61696263886     
  -245912.82093466591     
  -228469.99800637196     
  -209986.90091367351     
  -189359.79642084116     
  -168711.76040905813     
  -150307.54927220076     
  -133903.14946062156     
  -119281.08253788874     
  -106247.51952665248     
  -94629.709305626660     
  -84273.686798247974     
  -75042.230393129823     
  -66813.041400962902     
  -59477.121372304158     
  -52937.325775028738     
  -47107.074886433511     
  -41909.204835767145     
  -37274.943579632149     
  -33142.998238062464     
  -29458.741687904865     
  -26173.487621924705     
  -23243.844453247366     
  -20631.139489870482     
  -18300.905736174172     
  -16222.424509532011     
  -14368.317801062452     
  -12714.184969964928     
  -11238.278949465312     
  -9921.2176669429282     
  -8745.7268482851723     
  -7696.4107931242979     
  -6759.5480788902323     
  -5922.9094824971689     
  -5175.5957033674104     
  -4507.8927343017067     
  -3911.1429609225079     
  -3377.6302791562339     
  -2900.4777062551793     
  -2473.5561266593313     
  -2091.4029617646947     
  -1749.1496843594418     
  -1442.4572158606416     
  -1167.4583490905186     
  -920.70643256061749     
  -699.12963532236449     
  -499.99018549611480     
  -320.84804159069716     
  -159.52851454764379     
  -14.093410869362065     
   117.18468608579040     
   235.84533791617011     
   343.26068025818302     
   440.65363021968381     
   529.11411376851231     
   609.61352840493396     
   683.01763302979202     
   750.09803604982733     
   811.54243416092595     
   867.96373767218734     
   919.90820345868599     
   967.86268346255406     
   1012.2610849258222     
   1053.4901280785621     
   1091.8944776835001     
   1127.7813165296920     
   1161.4244215628353     
   1193.0677967400593     
   1222.9289108150294     
   1251.2015830168496     
   1278.0585549140030     
   1303.6537825904375     
   1328.1244795495932     
   1351.5929374544937     
   1374.1681488640240     
   1395.9472534981355     
   1417.0168272230424     
   1437.4540308604724     
   1457.3276340649745     
   1476.6989278555200     
   1495.6225379101372     
