   2.5000000000000000        5.0000000000000003E-002  log
  -379926.95127957495     
  -371215.49810304138     
  -362036.08335657004     
  -352114.40183165704     
  -342216.90097394452     
  -333395.15525063872     
  -325447.17331630411     
  -316478.84218210197     
  -306006.20035904826     
  -294127.32890825561     
  -280788.13785383175     
  -266477.67298823467     
  -252687.31939529552     
  -237060.01549222681     
  -220417.13006944390     
  -203028.44598877802     
  -187095.41165266788     
  -172893.93700425435     
  -160235.71797152347     
  -148913.17182118251     
  -136168.10873137560     
  -121625.92705376864     
  -108359.18910883443     
  -96533.906295178065     
  -85993.323604499979     
  -76597.732828006527     
  -68222.618368856594     
  -60757.004685375177     
  -54101.983590543423     
  -48169.401953035536     
  -42880.692348472388     
  -38165.831008515925     
  -33962.409091483496     
  -30214.804859248801     
  -26873.445757662557     
  -23894.150639529911     
  -21237.543448653341     
  -18868.530626337975     
  -16755.835334274238     
  -14871.582329206192     
  -13190.927988048712     
  -11691.730575943759     
  -10354.256381049721     
  -9160.9178146816521     
  -8096.0399993319634     
  -7145.6527452713408     
  -6297.3051536251050     
  -5539.9003843899409     
  -4863.5483957330098     
  -4259.4346996360446     
  -3719.7033916771370     
  -3237.3529023110650     
  -2806.1430859381517     
  -2420.5124145908912     
  -2075.5041772209624     
  -1766.7007051221167     
  -1490.1647505673629     
  -1242.3872406887695     
  -1020.2407132474210     
  -820.93781635431674     
  -641.99432141227248     
  -481.19615844712035     
  -336.57003637923026     
  -206.35725836256867     
  -88.990384719909983     
   16.927566207609008     
   112.64165529894619     
   199.26154396554782     
   277.77621877175238     
   349.06711475491221     
   413.91981158759978     
   473.03445778591907     
   527.03506128923664     
   576.47776969357699     
   621.85825001384239     
   663.61826590099815     
   702.15153959083148     
   737.80897636951863     
   770.90332088206651     
   801.71330707047343     
   830.48735680913273     
   857.44687631641057     
   882.78919408400748     
   906.69017930882126     
   929.30657557245479     
   950.77808073499318     
   971.22920064206505     
   990.77090124282734     
   1009.5020810415326     
   1027.5108834212601     
   1044.8758662535872     
   1061.6670443142355     
   1077.9468183369415     
   1093.7708030335457     
   1109.1885650676397     
   1124.2442807742443     
   1138.9773223530685     
   1153.4227803137837     
   1167.6119291058508     
   1181.5726421115305     
   1195.3297615087838     
