   2.5000000000000000        5.0000000000000003E-002  log
  -459412.91106310615     
  -450701.45788657258     
  -441522.04314010119     
  -431600.36161518819     
  -421702.86075747572     
  -412881.11503416992     
  -404933.13309983525     
  -395964.80196563317     
  -385492.16014257941     
  -373613.28869178682     
  -360274.09763736289     
  -345963.63277176587     
  -332173.27917882666     
  -316545.97527575796     
  -299903.08985297504     
  -282514.40577230917     
  -266581.37143619906     
  -252379.89678778552     
  -239721.67775505464     
  -228399.13160471368     
  -215654.06851490677     
  -200492.27248693383     
  -183049.44955863984     
  -164614.24201288875     
  -146662.82270470896     
  -130662.09773703855     
  -116399.93213003024     
  -103687.25948470607     
  -92355.573064216238     
  -82254.689964405406     
  -73250.758667667847     
  -65224.483405713458     
  -58069.541620678589     
  -51691.173433693693     
  -46004.924385955252     
  -40935.524800021441     
  -36415.890937946904     
  -32386.234743685520     
  -28793.270384996667     
  -25589.507082135991     
  -22732.618846721049     
  -20184.882769421783     
  -17912.678402031172     
  -15886.041589050976     
  -14078.266826190384     
  -12465.552867251334     
  -11026.686875058527     
  -9742.7629238783538     
  -8596.9311168948825     
  -7574.1739888068896     
  -6661.1072258698077     
  -5845.8020585432105     
  -5117.6269696093204     
  -4467.1066170263084     
  -3885.7960992804269     
  -3366.1688946407307     
  -2901.5169872054480     
  -2485.8618543715197     
  -2113.8751345069277     
  -1780.8079220738271     
  -1482.4277519453037     
  -1214.9624366999876     
  -975.05001162170743     
  -759.69412318310015     
  -566.22426902861832     
  -392.26036185252377     
  -235.68114694579674     
  -94.596054323961454     
   32.679888075629933     
   147.64841301862540     
   251.64794110986324     
   345.87134086496786     
   431.38175738511586     
   509.12671967376428     
   579.95071379235776     
   644.60638869433137     
   703.76454343295040     
   758.02302826790390     
   807.91467778350886     
   853.91438128664822     
   896.44538430468833     
   935.88490480071539     
   972.56913863008413     
   1006.7977206578252     
   1038.8377007333738     
   1068.9270872815027     
   1097.2780055308463     
   1124.0795122878649     
   1149.5001046066416     
   1173.6899556430856     
   1196.7829073620003     
   1218.8982465390598     
   1240.1422876241818     
   1260.6097834699497     
   1280.3851826446094     
   1299.5437500134285     
   1318.1525654578641     
   1336.2714139849386     
   1353.9535790380442     
   1371.2465495359302     
   1388.1926500218542     
