   2.5000000000000000        5.0000000000000003E-002  log
  -357216.67705570895     
  -348505.22387917532     
  -339325.80913270399     
  -329404.12760779099     
  -319506.62675007846     
  -310684.88102677272     
  -302736.89909243805     
  -293768.56795823592     
  -283295.92613518221     
  -271417.05468438962     
  -258077.86362996569     
  -243767.39876436864     
  -229977.04517142946     
  -214349.74126836075     
  -197706.85584557784     
  -180318.17176491197     
  -164385.13742880183     
  -150183.66278038829     
  -137525.44374765741     
  -126202.89759731645     
  -113523.44860690206     
  -101140.94873171124     
  -90103.804723276524     
  -80265.712198174850     
  -71496.277317413565     
  -63679.286289074196     
  -56711.162937396446     
  -50499.593999387645     
  -44962.304061412229     
  -40025.963967026059     
  -35625.218173370129     
  -31701.818013905729     
  -28203.849217475468     
  -25085.043341779019     
  -22304.163966346627     
  -19824.459530945733     
  -17613.175605728891     
  -15641.120162697729     
  -13882.276108312328     
  -12313.455951777076     
  -10913.994033784826     
  -9665.4722336141676     
  -8551.4755140160069     
  -7557.3740581493284     
  -6670.1291054372450     
  -5878.1199078379532     
  -5170.9895085848611     
  -4539.5072955428814     
  -3975.4465042175079     
  -3471.4750440786379     
  -3021.0581988563758     
  -2618.3719091854332     
  -2258.2254865186605     
  -1935.9927324711489     
  -1647.5505493625292     
  -1389.2242271827815     
  -1157.7386808399247     
  -950.17499053567485     
  -763.93166850808416     
  -596.69013811418256     
  -446.38396713458502     
  -311.17144700878623     
  -189.41115411640729     
  -79.640168795808549     
   19.445336937166005     
   109.00740057262827     
   190.08168877872748     
   263.59124018008697     
   330.35871360721205     
   391.11730434863875     
   446.52047326173812     
   497.15061784462080     
   543.52680033140064     
   586.11163535984247     
   625.31742860805332     
   661.51164785737558     
   695.02179908009566     
   726.13977225542476     
   755.12571458067316     
   782.21148247323617     
   807.60371816972713     
   831.48659174714601     
   854.02424495126809     
   875.36296926055184     
   895.63314708729331     
   914.95098187470251     
   933.42004004732689     
   951.13262527564132     
   968.17100329051493     
   984.60849350014553     
   1000.5104418945899     
   1015.9350881477709     
   1030.9343384228996     
   1045.5544541359902     
   1059.8366658169552     
   1073.8177202138529     
   1087.5303679000422     
   1101.0037978544976     
   1114.2640247819111     
   1127.3342343120828     
   1140.2350906591955     
