   2.5000000000000000        5.0000000000000003E-002  log
  -311796.12860797683     
  -303084.67543144326     
  -293905.26068497187     
  -283983.57916005887     
  -274086.07830234640     
  -265264.33257904061     
  -257316.35064470593     
  -248348.01951050383     
  -237875.37768745009     
  -225996.50623665750     
  -212657.31518223361     
  -198346.85031663656     
  -184556.49672369738     
  -168929.19282062867     
  -152286.30739784575     
  -135747.70792977922     
  -120957.78867246149     
  -107775.14771091261     
  -96024.996457898218     
  -85551.554406610288     
  -76215.982047179030     
  -67894.538610708623     
  -60476.940165081964     
  -53864.896220435141     
  -47970.805365453649     
  -42716.592599532145     
  -38032.672980447460     
  -33857.027963985194     
  -30134.382333041427     
  -26815.470881660636     
  -23856.385085432008     
  -21217.990953128949     
  -18865.410185898116     
  -16767.557667737183     
  -14896.729131983484     
  -13228.233563179992     
  -11740.065503324864     
  -10412.612955661089     
  -9228.3970384799650     
  -8171.8399502904358     
  -7229.0581745169493     
  -6387.6781815101813     
  -5636.6721814846696     
  -4966.2117469553250     
  -4367.5373601130686     
  -3832.8421520474103     
  -3355.1682893454717     
  -2928.3146317499927     
  -2546.7544344196317     
  -2205.5620018731470     
  -1900.3473196854623     
  -1627.1977960225013     
  -1382.6263395675187     
  -1163.5250845654059     
  -967.12414871650276     
  -790.95487648834273     
  -632.81707997350441     
  -490.74984249784063     
  -363.00549748252496     
  -248.02643721504310     
  -144.42444374916917     
  -50.962267631606657     
   33.462790011659933     
   109.83350990667805     
   179.02579576082258     
   241.82029715107410     
   298.91276841021067     
   350.92330097507278     
   398.40455171084938     
   441.84907640119013     
   481.69586571898446     
   518.33617040922161     
   552.11869298297518     
   583.35421481502976     
   612.31972004542160     
   639.26207100773786     
   664.40128395580871     
   687.93344855643193     
   710.03332988860541     
   730.85668747667921     
   750.54234212995050     
   769.21401801469835     
   786.98198440206193     
   803.94451887694026     
   820.18921142395152     
   835.79412669499220     
   850.82883988107301     
   865.35535993389044     
   879.42895238778181     
   893.09887270045658     
   906.40901984352320     
   919.39851881559230     
   932.10223980757098     
   944.55126090917565     
   956.77328049651135     
   968.79298477286102     
   980.63237533973802     
   992.31106114487568     
   1003.8465186811344     
   1015.2543238890099     
   1026.5483588399534     
