   2.5000000000000000        5.0000000000000003E-002  log
  -130113.93481704844     
  -121402.48164051486     
  -112223.06689404350     
  -102301.38536913050     
  -92403.884511418000     
  -83582.138788112221     
  -75634.156853777560     
  -67399.375596827391     
  -60059.498875590718     
  -53517.207093502053     
  -47685.764278104281     
  -42487.867099504358     
  -37854.619056634132     
  -33724.616220480282     
  -30043.132400859180     
  -26761.392921300685     
  -23835.927364195129     
  -21227.992701342209     
  -18903.059165466868     
  -16830.352054631388     
  -14982.443399828773     
  -13334.888072476098     
  -11865.899473037718     
  -10556.060442335307     
  -9388.0654990215844     
  -8346.4909560215001     
  -7417.5899130710650     
  -6589.1095332355508     
  -5850.1283327109350     
  -5190.9114119549631     
  -4602.7816692323577     
  -4078.0051518278797     
  -3609.6888746688828     
  -3191.6896589140370     
  -2818.5327627942929     
  -2485.3392557683287     
  -2187.7612191018079     
  -1921.9239544750169     
  -1684.3744621751889     
  -1472.0355211982942     
  -1282.1647690550606     
  -1112.3182401274551     
  -960.31787788816121     
  -824.22258792064702     
  -702.30244541255661     
  -593.01571280642997     
  -494.98836088530538     
  -406.99582011989099     
  -327.94671899883434     
  -256.86839268222059     
  -192.89396901252735     
  -135.25086000681418     
  -83.250505726404384     
  -36.279234132289524     
   6.2098845858289256     
   44.704297468846818     
   79.638438497435033     
   111.39949450201107     
   140.33254386180792     
   166.74513624063712     
   190.91137417609644     
   213.07555071835344     
   233.45539141560894     
   252.24494368705476     
   269.61715194039340     
   285.72615261730249     
   300.70931963096837     
   314.68908734543470     
   327.77457529289154     
   340.06303619285598     
   351.64114649146188     
   362.58615654858500     
   372.96691573749195     
   382.84478606135752     
   392.27445641128162     
   401.30466827169431     
   409.97886250375086     
   418.33575578987598     
   426.40985438910838     
   434.23191202092755     
   441.82933795376812     
   449.22656071359620     
   456.44535223896941     
   463.50511678410123     
   470.42314840364253     
   477.21486043595974     
   483.89399003010419     
   490.47278043049272     
   496.96214343816291     
   503.37180420441069     
   509.71043027816916     
   515.98574661953762     
   522.20463810564229     
   528.37324088903881     
   534.49702382093847     
   540.58086101970855     
   546.62909654759483     
   552.64560205389341     
   558.63382814946874     
   564.59685019432948     
   570.53740910584054     
