   2.5000000000000000        5.0000000000000003E-002  log
  -450006.81775566144     
  -441326.35937575885     
  -432148.15887426329     
  -422295.88191066316     
  -411585.64416462695     
  -401393.86287672032     
  -392309.80226680206     
  -383739.00672015821     
  -373733.14700034802     
  -362233.43951674661     
  -349243.51096377120     
  -334667.19913460605     
  -320477.18137130549     
  -305145.39709179767     
  -288384.67137732438     
  -270824.25979137374     
  -253691.83043322485     
  -238421.35787563561     
  -224810.35986277380     
  -212678.37507007987     
  -200677.65272423864     
  -186068.03068987528     
  -169244.59094380293     
  -150981.02536003408     
  -134513.30751552395     
  -119834.99652845510     
  -106751.49428325001     
  -95089.361446394876     
  -84694.018186881032     
  -75427.694806035026     
  -67167.604600504026     
  -59804.314823848683     
  -53240.294452067930     
  -47388.619742680421     
  -42171.820544852249     
  -37520.852096196948     
  -33374.178665040410     
  -29676.956868591420     
  -26380.307820137547     
  -23440.668440318073     
  -20819.213320796109     
  -18481.339466491027     
  -16396.207077643372     
  -14536.330276862253     
  -12877.212349118403     
  -11397.020653345331     
  -10076.296890793106     
  -8897.6988845392352     
  -7845.7704428148081     
  -6906.7362515874865     
  -6068.3190740910277     
  -5319.5768311053926     
  -4650.7573996976680     
  -4053.1692033330196     
  -3519.0658758781246     
  -3041.5434688300165     
  -2614.4488375915062     
  -2232.2979909914520     
  -1890.2033204845443     
  -1583.8087433171847     
  -1309.2318989785001     
  -1063.0126318632720     
  -842.06707649952943     
  -643.64673604543998     
  -465.30201102505328     
  -304.84969433014362     
  -160.34400114983640     
  -30.050749399586270     
   87.575651970924952     
   193.91271215036303     
   290.18813726953863     
   377.49612139017648     
   456.81186585423296     
   529.00451965991226     
   594.84871257784482     
   655.03483404687904     
   710.17819424577863     
   760.82718890393915     
   807.47057619419763     
   850.54396226847246     
   890.43558149597709     
   927.49144810475298     
   962.01994758606884     
   994.29592878714516     
   1024.5643509920353     
   1053.0435343854078     
   1079.9280570310648     
   1105.3913368064661     
   1129.5879325540570     
   1152.6555949843605     
   1174.7170945451335     
   1195.8818505113456     
   1216.2473829130602     
   1235.9006065674421     
   1254.9189843859426     
   1273.3715552603589     
   1291.3198501672148     
   1308.8187086466173     
   1325.9170064897814     
   1342.6583042911996     
   1359.0814254713562     
