   2.5000000000000000        5.0000000000000003E-002  log
  -393231.13219599630     
  -384550.67381609371     
  -375372.47331459814     
  -365520.19635099807     
  -354809.95860496181     
  -344618.17731705518     
  -335534.11670713697     
  -326963.32116049307     
  -316957.46144068294     
  -305457.75395708147     
  -292467.82540410612     
  -277891.51357494091     
  -263701.49581164034     
  -248369.71153213255     
  -231608.98581765924     
  -214048.57423170863     
  -196916.14487355971     
  -181645.67231597047     
  -168034.67430310865     
  -155902.68951041476     
  -143901.96716457352     
  -129384.63359902902     
  -115273.02245553040     
  -102694.74104796328     
  -91483.047759779060     
  -81489.330091870142     
  -72581.132539621874     
  -64640.400429839181     
  -57561.915561980713     
  -51251.901836834819     
  -45626.781887840843     
  -40612.068326759087     
  -36141.375212867359     
  -32155.536888374838     
  -28601.822621468858     
  -25433.236680174516     
  -22607.894551856938     
  -20088.467021129116     
  -17841.684719408233     
  -15837.896565010416     
  -14050.676230579580     
  -12456.471413591224     
  -11034.291254393574     
  -9765.4277527063387     
  -8633.2074847098884     
  -7622.7703249676197     
  -6720.8722358258856     
  -5915.7095063940687     
  -5196.7621079499886     
  -4554.6540864074859     
  -3981.0291386795388     
  -3468.4397213660723     
  -3010.2482198620592     
  -2600.5388661017187     
  -2234.0392358538525     
  -1906.0502836566488     
  -1612.3839868168436     
  -1349.3077709037152     
  -1113.4949791849158     
  -901.98072867453118     
  -712.12256695976816     
  -541.56540769102173     
  -388.21027940708910     
  -250.18647297719721     
  -125.82671804635963     
  -13.645059069339309     
   87.682862655109645     
   179.33738260834519     
   262.37047553601252     
   337.71971463215954     
   406.22071265967486     
   468.61821009828668     
   525.57595745716287     
   577.68552288760225     
   625.47414197002286     
   669.41171383915730     
   709.91703648337727     
   747.36336395803608     
   782.08335925467463     
   814.37350854844283     
   844.49805539874603     
   872.69250710806466     
   899.16675976659042     
   924.10788345043784     
   947.68260453156381     
   970.03951803833820     
   991.31105942360034     
   1011.6152619044910     
   1031.0573226929885     
   1049.7309989001537     
   1067.7198516369513     
   1085.0983548201518     
   1101.9328833965390     
   1118.2825940985881     
   1134.2002104187281     
   1149.7327222183453     
   1164.9220092549240     
   1179.8053969011671     
   1194.4161514301602     
   1208.7839214387184     
   1222.9351312663459     
