   2.5000000000000000        5.0000000000000003E-002  log
  -54041.838855546986     
  -48161.165185934311     
  -42919.602354788549     
  -38247.647658747162     
  -34083.356750225183     
  -30371.521676987628     
  -27062.938313422084     
  -24113.753464491769     
  -21484.882979485887     
  -19141.493153015985     
  -17052.538528891011     
  -15190.349971169266     
  -13530.267536308109     
  -12050.313278595984     
  -10730.899653630669     
  -9554.5696571116860     
  -8505.7652557901383     
  -7570.6210419668978     
  -6736.7803763440825     
  -5993.2315684616915     
  -5330.1618571520194     
  -4738.8270800374521     
  -4211.4350146917432     
  -3741.0406192254859     
  -3321.4520042762829     
  -2947.1467657083813     
  -2613.1985802884569     
  -2315.2132773669387     
  -2049.2726859249210     
  -1811.8844530955971     
  -1599.9366859464117     
  -1410.6569250960492     
  -1241.5752274455781     
  -1090.4911280476440     
  -955.44417665230003     
  -834.68770235672139     
  -726.66546065620491     
  -629.99084296806154     
  -543.42836274279546     
  -465.87716571079972     
  -396.35634148287903     
  -333.99183927748646     
  -278.00481258398520     
  -227.70123679568889     
  -182.46266081159638     
  -141.73796869228437     
  -105.03604092223976     
  -71.919216865394745     
  -41.997470751814205     
  -14.923223129823945     
   9.6132817247897684     
   31.888094326261946     
   52.147229517294406     
   70.609936079321372     
   87.471610087269170     
   102.90639089574125     
   117.06947438498543     
   130.09917430529114     
   142.11875918567384     
   153.23808927062166     
   163.55507527623806     
   173.15697837783330     
   182.12156872249628     
   190.51815787363924     
   198.40851891438626     
   205.84770644025591     
   212.88478733868106     
   219.56349206556447     
   225.92279507132696     
   231.99743208656784     
   237.81836113789493     
   243.41317341645239     
   248.80645945517560     
   254.02013547692871     
   259.07373424650251     
   263.98466428790903     
   268.76844090821794     
   273.43889209473963     
   278.00834201868156     
   282.48777458105116     
   286.88697917158487     
   291.21468057533338     
   295.47865475107727     
   299.68583201819490     
   303.84238902145694     
   307.95383069426134     
   312.02506330806625     
   316.06045957746682     
   320.06391668491869     
   324.03890799513852     
   327.98852914546245     
   331.91553912380255     
   335.82239687931963     
   339.71129395164502     
   343.58418355164554     
   347.44280647963501     
   351.28871422496769     
   355.12328955354224     
   358.94776485641069     
   362.76323850297422     
   366.57068941576989     
