   2.5000000000000000        5.0000000000000003E-002  log
  -64278.728463050051     
  -57284.496305894638     
  -51050.442127563532     
  -45493.897286757485     
  -40541.183281354046     
  -36126.634082878481     
  -32191.724795458642     
  -28684.295078819607     
  -25557.857031263891     
  -22770.978347390435     
  -20286.732562556590     
  -18072.209086520994     
  -16098.076524679251     
  -14338.193496178565     
  -12769.261791141227     
  -11370.517271180632     
  -10123.454416691085     
  -9011.5808699928293     
  -8020.1987201533157     
  -7136.2096161717163     
  -6347.9410587157545     
  -5644.9913920239505     
  -5018.0911511367449     
  -4458.9787003710608     
  -3960.2887349107491     
  -3515.4530429960860     
  -3118.6132243677698     
  -2764.5443938524177     
  -2448.5880053324549     
  -2166.5918459398135     
  -1914.8559218967791     
  -1690.0836283920698     
  -1489.3378772205781     
  -1310.0018599208263     
  -1149.7440596953181     
  -1006.4870922326164     
  -878.37996439233825     
  -763.77337259373155     
  -661.19770312383366     
  -569.34343565895540     
  -487.04368599344377     
  -413.25865400736586     
  -347.06176893675308     
  -287.62734679555217     
  -234.21959493738706     
  -186.18281666043697     
  -142.93268474659138     
  -103.94846710740116     
  -68.766100463064234     
  -36.972019361780433     
  -8.1976579948199895     
   17.885448695048698     
   41.570030061145040     
   63.116969236315633     
   82.758768950241674     
   100.70263989838789     
   117.13325282457005     
   132.21519097888392     
   146.09513560669166     
   158.90381355788955     
   170.75773293022687     
   181.76072983285249     
   192.00534683818844     
   201.57406144758369     
   210.54038089869979     
   218.96981786329508     
   226.92075999906217     
   234.44524490714193     
   241.58965078894190     
   248.39531197507392     
   254.89906750059754     
   261.13375001095648     
   267.12862149014791     
   272.90976159617719     
   278.50041375931067     
   283.92129363764639     
   289.19086402461096     
   294.32557985749526     
   299.34010657914155     
   304.24751475109798     
   309.05945350126564     
   313.78630510807898     
   318.43732277285204     
   323.02075340875672     
   327.54394707601750     
   332.01345451565629     
   336.43511407615722     
   340.81412918663926     
   345.15513740465673     
   349.46227195492753     
   353.73921657563290     
   357.98925440011493     
   362.21531152264066     
   366.41999582635555     
   370.60563158867387     
   374.77429032331810     
   378.92781826827820     
   383.06786088445085     
   387.19588469005151     
   391.31319672053559     
   395.42096187225644     
