   2.5000000000000000        5.0000000000000003E-002  log
  -97997.567285737678     
  -89317.108905835092     
  -80138.908404339541     
  -71417.662898965544     
  -63644.312555865152     
  -56715.774673794775     
  -50540.176712175162     
  -45035.637211101654     
  -40129.179293124347     
  -35755.762328352677     
  -31857.418910794917     
  -28382.485691493152     
  -25284.917862044251     
  -22523.678195867873     
  -20062.192546607348     
  -17867.864585034589     
  -15911.643340356253     
  -14167.637811628549     
  -12612.773538292671     
  -11226.486561635069     
  -9990.4506524457611     
  -8888.3340119676759     
  -7905.5819297331645     
  -7029.2222900417983     
  -6247.6915683429070     
  -5550.6798855998768     
  -4928.9940770826979     
  -4374.4371456550134     
  -3879.7016476240060     
  -3438.2745376726571     
  -3044.3517278883464     
  -2692.7613375881347     
  -2378.8949371870413     
  -2098.6461336508346     
  -1848.3558165341224     
  -1624.7633824413190     
  -1424.9632931132764     
  -1246.3663806428392     
  -1086.6653763544195     
  -943.80419915305549     
  -815.95059184532374     
  -701.47174001173209     
  -598.91254833750338     
  -506.97628483484885     
  -424.50733488394019     
  -350.47583505526791     
  -283.96398168365056     
  -224.15383148434154     
  -170.31643142001474     
  -121.80213279397471     
  -78.031960384001110     
  -38.489921545696689     
  -2.7161527877547047     
   29.699187479946843     
   59.121361351878789     
   85.875901431920667     
   110.25293297576476     
   132.51102566614719     
   152.88062624469256     
   171.56711763842455     
   188.75354524386935     
   204.60304660013182     
   219.26101673471487     
   232.85703794914099     
   245.50659967841693     
   257.31263126706995     
   268.36686801749966     
   278.75106865047684     
   288.53810034316126     
   297.79290575065443     
   306.57336484936479     
   314.93106304345281     
   322.91197573071429     
   330.55707841488220     
   337.90289046270175     
   344.98195972311254     
   351.82329444072877     
   358.45274819610546     
   364.89336298171099     
   371.16567496680631     
   377.28798700917014     
   383.27661153023274     
   389.14608697681598     
   394.90937074210922     
   400.57801110607153     
   406.16230047700157     
   411.67141196785423     
   417.11352111971149     
   422.49591438770290     
   427.82508582899527     
   433.10682327590484     
   438.34628513764528     
   443.54806884986351     
   448.71627188027776     
   453.85454609995014     
   458.96614624168740     
   464.05397308859813     
   469.12061196590548     
   474.16836704678758     
   479.19929192747099     
   484.21521687729700     
