   2.5000000000000000        5.0000000000000003E-002  log
  -86642.430173804649     
  -77961.971793902063     
  -69478.347314787257     
  -61916.808232017749     
  -55177.078626519440     
  -49169.787497007499     
  -43815.282868354348     
  -39042.574871078650     
  -34788.393767913076     
  -30996.350426761328     
  -27616.188097157141     
  -24603.115559113252     
  -21917.212795618612     
  -19522.901306166958     
  -17388.472039136133     
  -15485.664685544316     
  -13789.292756710407     
  -12276.909474998551     
  -10928.510047104284     
  -9726.2663581342476     
  -8654.2905022497926     
  -7698.4238386860225     
  -6846.0484860745237     
  -6085.9185294665695     
  -5408.0089223508476     
  -4803.3809556866217     
  -4264.0635212890520     
  -3782.9487810641099     
  -3353.7000053372371     
  -2970.6692985708432     
  -2628.8236384048510     
  -2323.6783570533889     
  -2051.2375040706838     
  -1807.9405590299109     
  -1590.6149209591306     
  -1396.4335884873831     
  -1222.8774715667450     
  -1067.7018246208545     
  -928.90634569955785     
  -804.70853808991228     
  -693.51997693562771     
  -593.92516361642936     
  -504.66268572746367     
  -424.60843135611213     
  -352.76063368648221     
  -288.22654628865234     
  -230.21057115195765     
  -178.00368089588477     
  -130.97399388493321     
  -88.558376400350497     
  -50.254959775170619     
  -15.616472654702967     
   15.755700538438361     
   44.216814133634706     
   70.083479278011609     
   93.637868372986063     
   115.13146185312789     
   134.78838716809381     
   152.80839438696506     
   169.36950799856336     
   184.63039016570164     
   198.73244684756295     
   211.80170478065787     
   223.95048425899185     
   235.27888993717809     
   245.87613945978501     
   255.82174756376065     
   265.18658137945238     
   274.03380094383743     
   282.41969741422304     
   290.39444011149226     
   298.00274231083472     
   305.28445461865431     
   312.27509381260990     
   319.00631416471208     
   325.50632750365429     
   331.80027759193848     
   337.91057378681165     
   343.85718841348796     
   349.65792179740805     
   355.32863847297943     
   360.88347770364010     
   366.33504110711266     
   371.69455987583490     
   376.97204381172639     
   382.17641415308998     
   387.31562195633541     
   392.39675360350230     
   397.42612483570196     
   402.40936456032171     
   407.35148954412534     
   412.25697098342943     
   417.12979383474163     
   421.97350969317279     
   426.79128392031163     
   431.58593764694018     
   436.35998520795584     
   441.11566750625104     
   445.85498174827842     
   450.57970794588249     
   455.29143253606742     
