   2.5000000000000000        5.0000000000000003E-002  log
  -156154.69051244805     
  -147566.10509438283     
  -138444.26312702821     
  -128797.53500519588     
  -118225.51921333159     
  -106990.45874299784     
  -96580.788929436763     
  -87302.503640146853     
  -78118.987501827214     
  -69611.479155032444     
  -62028.465899535579     
  -55269.409933587725     
  -49244.706992793988     
  -43874.497428669543     
  -39087.606621405270     
  -34820.600668344901     
  -31016.944807283809     
  -27626.253377916044     
  -24603.621318197875     
  -21909.028257305206     
  -19506.807220258153     
  -17365.170814073150     
  -15455.788549944256     
  -13753.409738220291     
  -12235.527230933829     
  -10882.078072872862     
  -9675.1775581802594     
  -8598.8831540117444     
  -7638.9846175283783     
  -6782.8168691059000     
  -6019.0927920038539     
  -5337.7537550284533     
  -4729.8360675579233     
  -4187.3517914900385     
  -3703.1824586707421     
  -3270.9843482130705     
  -2885.1040895493738     
  -2540.5034730667317     
  -2232.6924641519431     
  -1957.6695234544507     
  -1711.8684338263704     
  -1492.1109221928818     
  -1295.5644429551651     
  -1119.7045592259758     
  -962.28142013555396     
  -821.28988748386712     
  -694.94291393896572     
  -581.64781848877283     
  -479.98514356076942     
  -388.68981267271857     
  -306.63433814516634     
  -232.81385571416581     
  -166.33278720289348     
  -106.39295407335081     
  -52.282983976656567     
  -3.3688696122044481     
   40.914445477062145     
   81.070565898657989     
   117.54832775900830     
   150.74775509595682     
   181.02536846949315     
   208.69891618078535     
   234.05159092225674     
   257.33578782873150     
   278.77645381064406     
   298.57407262395412     
   316.90732529555322     
   333.93546121329751     
   349.80041134905969     
   364.62867166031805     
   378.53298166531204     
   391.61382046815760     
   403.96074008742573     
   415.65355378235523     
   426.76339514642495     
   437.35366202289009     
   447.48085776832335     
   457.19534102789527     
   466.54199397199397     
   475.56081786170552     
   484.28746384628698     
   492.75370603625998     
   500.98786312973209     
   509.01517418684017     
   516.85813353874983     
   524.53678927535543     
   532.06900927251809     
   539.47071828892649     
   546.75610927876801     
   553.93783172424060     
   561.02715948700052     
   568.03414040585608     
   574.96772962580167     
   581.83590842760350     
   588.64579013474611     
   595.40371450307282     
   602.11533184561995     
   608.78567800893893     
   615.41924119579915     
   622.02002152097623     
   628.59158409039446     
