   2.5000000000000000        5.0000000000000003E-002  log
  -576294.76365396997     
  -567706.17823590466     
  -558584.33626855013     
  -548937.60814671777     
  -538365.59235485352     
  -527130.53188451973     
  -516720.86207095865     
  -507442.57678166876     
  -497930.11029741447     
  -486846.96637389256     
  -474209.96973137371     
  -460031.63792501925     
  -444780.71674835554     
  -429984.17580710998     
  -413321.49855060223     
  -395675.33500085340     
  -377504.74787856807     
  -361117.51631295902     
  -346511.17355588940     
  -333492.05536047876     
  -321599.83774994250     
  -307763.58264158672     
  -291437.41224913776     
  -272940.76839314587     
  -253036.51967355530     
  -231569.21875043356     
  -208988.12410755971     
  -188667.44404519349     
  -170554.87321967061     
  -154410.27468477777     
  -140019.62680927801     
  -127192.18363574037     
  -115757.94372452538     
  -103606.67280638685     
  -92261.212690348708     
  -82147.720861648457     
  -73132.220375897348     
  -65095.304517929719     
  -57930.552215265554     
  -51543.115795430531     
  -45848.462339904392     
  -40771.251927056612     
  -36244.337874315788     
  -32207.875709882632     
  -28608.529047998141     
  -25398.761828316256     
  -22536.207526428283     
  -19983.106964308521     
  -17705.807259992045     
  -15674.315267267628     
  -13861.899579359073     
  -12244.735815087566     
  -10801.590480418154     
  -9513.5392102245860     
  -8363.7156513564187     
  -7337.0876547181206     
  -6420.2578064705249     
  -5601.2856514508430     
  -4869.5292497659666     
  -4215.5039640656778     
  -3630.7566036527483     
  -3107.7532553704386     
  -2639.7793128290691     
  -2220.8503774026099     
  -1845.6328486917027     
  -1509.3731507257853     
  -1207.8346547702913     
  -937.24146173600241     
  -694.22829821180540     
  -475.79586126732244     
  -279.27101947464041     
  -102.27134203815666     
   57.326514646513282     
   201.41498249743304     
   331.68069318823774     
   449.62685874167516     
   556.59321825252903     
   653.77381542149737     
   742.23284279763629     
   822.91876297326962     
   896.67689411137815     
   964.26062680804057     
   1026.3414211310901     
   1083.5177164897843     
   1136.3228725641811     
   1185.2322466656353     
   1230.6695014407751     
   1273.0122266184258     
   1312.5969493966984     
   1349.7235999550812     
   1384.6594913461977     
   1417.6428665780047     
   1448.8860599540783     
   1478.5783146210667     
   1506.8882937104706     
   1533.9663183960822     
   1559.9463625647593     
   1584.9478305686055     
   1609.0771416482576     
   1632.4291420516145     
   1655.0883635859732     
