   2.5000000000000000        5.0000000000000003E-002  log
  -451388.25542270666     
  -442799.67000464146     
  -433677.82803728682     
  -424031.09991545451     
  -413459.08412359020     
  -402224.02365325647     
  -391814.35383969540     
  -382536.06855040550     
  -373023.60206615122     
  -361940.45814262924     
  -349303.46150011040     
  -335125.12969375600     
  -319874.20851709228     
  -305077.66757584666     
  -288414.99031933898     
  -270768.82676959014     
  -252598.23964730478     
  -236211.00808169573     
  -221604.66532462611     
  -208585.54712921550     
  -196693.32951867927     
  -182857.07441032343     
  -166530.90401787448     
  -148662.70184107905     
  -132446.92177409618     
  -117993.14381446372     
  -105109.74915261162     
  -93625.954572775649     
  -83389.547928203159     
  -74264.869812942576     
  -66131.014301529111     
  -58880.224896656262     
  -52416.464592875680     
  -46654.141278559524     
  -41516.971693095933     
  -36936.968929434108     
  -32853.540069508315     
  -29212.681980457346     
  -25966.264593887288     
  -23071.392149400355     
  -20489.833918852339     
  -18187.516851222983     
  -16134.073401086183     
  -14302.438537127102     
  -12668.490580670030     
  -11210.731106464187     
  -9909.9996568063289     
  -8749.2194823923819     
  -7713.1709352584585     
  -6788.2895062895896     
  -5962.4858269338874     
  -5224.9852463161351     
  -4566.1848547768495     
  -3977.5260564254727     
  -3451.3809996673413     
  -2980.9513585854661     
  -2560.1781219729828     
  -2183.6611928975462     
  -1846.5877318746614     
  -1544.6682927617612     
  -1274.0799038992236     
  -1031.4153391913374     
  -813.63790596294984     
  -618.04114963647828     
  -442.21294052089326     
  -284.00346615515986     
  -141.49670447525750     
  -12.984999264130213     
   103.05359948923149     
   207.97553100557920     
   302.98972289039585     
   389.17363290892422     
   467.48754622800118     
   538.78731784212175     
   603.83572926934266     
   663.31261021455771     
   717.82385950932030     
   767.90948503128391     
   814.05076928864355     
   856.67665575295791     
   896.16944068344708     
   932.86984597008700     
   967.08154030925834     
   999.07516870537370     
   1029.0919437676580     
   1057.3468464565137     
   1084.0314787515142     
   1109.3166060942685     
   1133.3544233428775     
   1156.2805743058666     
   1178.2159516536165     
   1199.2683010910478     
   1219.5336510779819     
   1239.0975870687105     
   1258.0363871791758     
   1276.4180343513849     
   1294.3031184458728     
   1311.7456402324383     
   1328.7937279476323     
   1345.4902759272773     
   1361.8735137882938     
