   2.5000000000000000        5.0000000000000003E-002  log
  -417322.84408690763     
  -408734.25866884238     
  -399612.41670148773     
  -389965.68857965543     
  -379393.67278779112     
  -368158.61231745739     
  -357748.94250389631     
  -348470.65721460641     
  -338958.19073035213     
  -327875.04680683021     
  -315238.05016431137     
  -301059.71835795691     
  -285808.79718129319     
  -271012.25624004763     
  -254349.57898353989     
  -236703.41543379109     
  -218532.82831150573     
  -202145.59674589668     
  -187539.25398882705     
  -174520.13579341641     
  -162627.91818288018     
  -148791.66307452437     
  -132920.67838425335     
  -118421.41383710204     
  -105497.57500151552     
  -93977.836654134502     
  -83709.501450711337     
  -74556.474967963950     
  -66397.461477982157     
  -59124.355862111421     
  -52640.809979290061     
  -46860.954480599365     
  -41708.259302124636     
  -37114.517912180025     
  -33018.941964586993     
  -29367.354409319712     
  -26111.470376341473     
  -23208.256292143506     
  -20619.358718395699     
  -18310.595325416394     
  -16251.501238361501     
  -14414.924730249915     
  -12776.666892198535     
  -11315.160495998491     
  -10011.183785149940     
  -8847.6053946381253     
  -7809.1570132920469     
  -6882.2307710558443     
  -6054.6986618498759     
  -5315.7516052888768     
  -4655.7560112612709     
  -4066.1259437306194     
  -3539.2091871908051     
  -3068.1857037454679     
  -2646.9771332432779     
  -2270.1661354697426     
  -1932.9245040208998     
  -1630.9490978996494     
  -1360.4047406278751     
  -1117.8733291346234     
  -900.30847709028376     
  -704.99509080305972     
  -529.51334125209974     
  -371.70655417041741     
  -229.65259208456996     
  -101.63834855712501     
   13.862983822713936     
   118.21217334718126     
   212.62200583886207     
   298.17337764553730     
   375.82963852865873     
   446.44937476959160     
   510.79780211983598     
   569.55691977446702     
   623.33456010720840     
   672.67245425270391     
   718.05342056221696     
   759.90777131987647     
   798.61902273323960     
   834.52898396670355     
   867.94229274648751     
   899.13045772217572     
   928.33546122471876     
   955.77297022746973     
   981.63519811789490     
   1006.0934552540361     
   1029.3004221501449     
   1051.3921754553478     
   1072.4899936089032     
   1092.7019661320396     
   1112.1244279107343     
   1130.8432375015207     
   1148.9349164226860     
   1166.4676645485799     
   1183.5022650807118     
   1200.0928911040637     
   1216.2878244311410     
   1232.1300962723908     
   1247.6580582342995     
   1262.9058912219739     
   1277.9040589990345     
