   2.5000000000000000        5.0000000000000003E-002  log
  -405967.70697497460     
  -397379.12155690935     
  -388257.27958955470     
  -378610.55146772240     
  -368038.53567585809     
  -356803.47520552436     
  -346393.80539196328     
  -337115.52010267338     
  -327603.05361841910     
  -316519.90969489719     
  -303882.91305237834     
  -289704.58124602388     
  -274453.66006936022     
  -259657.11912811460     
  -242994.44187160686     
  -225348.27832185806     
  -207177.69119957270     
  -190790.45963396365     
  -176184.11687689403     
  -163164.99868148341     
  -151272.78107094715     
  -137436.52596259135     
  -122455.15925348979     
  -109094.81019880337     
  -97186.062164827337     
  -86571.055747168677     
  -77109.095025366216     
  -68674.781856346483     
  -61156.353581969757     
  -54454.201440957746     
  -48479.549678731033     
  -43153.277842927164     
  -38404.870830018539     
  -34171.482947407196     
  -30397.103701780801     
  -27031.814308962847     
  -24031.125082349630     
  -21355.384909227439     
  -18969.254972622959     
  -16841.239726966902     
  -14943.268896275882     
  -13250.324942049851     
  -11740.111052891607     
  -10392.755246761013     
  -9190.5466568964730     
  -8117.7005001798561     
  -7160.1486078188091     
  -6305.3527377783339     
  -5542.1381909558340     
  -4860.5455227036700     
  -4251.6983815584908     
  -3707.6857211394827     
  -3221.4568219792413     
  -2786.7277300901919     
  -2397.8978706076277     
  -2049.9757299019871     
  -1738.5126199126082     
  -1459.5436457218973     
  -1209.5350929874176     
  -985.33753704945241     
  -784.14405146446165     
  -603.45296138875506     
  -441.03464755007070     
  -294.90196029829519     
  -163.28385113381051     
  -44.601871808847228     
   62.550770849526707     
   159.42788233145950     
   247.14691776183153     
   326.70380991466152     
   398.98618468657850     
   464.78513939338507     
   524.80574018271034     
   579.67637785875081     
   629.95710626656773     
   676.14707388231204     
   718.69114722291681     
   757.98581396456052     
   794.38444410123236     
   828.20197895620583     
   859.71911026709301     
   889.18600479866780     
   916.82562390702140     
   942.83668210381984     
   967.39628387914684     
   990.66227377207815     
   1012.7753308730785     
   1033.8608355510662     
   1054.0305331755287     
   1073.3840169103189     
   1092.0100492549313     
   1109.9877398693432     
   1127.3875953114548     
   1144.2724546165280     
   1160.6983231332056     
   1176.7151156806203     
   1192.3673188878452     
   1207.6945815045315     
   1222.7322405158093     
   1237.5117900426728     
   1252.0612992498818     
