   2.5000000000000000        5.0000000000000003E-002  log
  -292416.33585564431     
  -283827.75043757912     
  -274705.90847022447     
  -265059.18034839217     
  -254487.16455652789     
  -243252.10408619413     
  -232842.43427263305     
  -223564.14898334316     
  -214051.68249908887     
  -202968.53857556693     
  -190331.54193304808     
  -176153.21012669365     
  -160902.28895002996     
  -146105.74800878434     
  -130282.94310060417     
  -116089.63931387989     
  -103438.78559041777     
  -92162.645160377113     
  -82111.723675250338     
  -73152.785464533663     
  -65167.085329959300     
  -58048.792334099817     
  -51703.584609700971     
  -46047.396589160759     
  -41005.302309361876     
  -36510.520496914127     
  -32503.528701056046     
  -28931.274709735579     
  -25746.474243706023     
  -22906.984957366825     
  -20375.248093022547     
  -18117.790394831954     
  -16104.779865990184     
  -14309.629670932078     
  -12708.645056691477     
  -11280.708672991872     
  -10007.000138212530     
  -8870.7461317870584     
  -7856.9976904558662     
  -6952.4317449004320     
  -6145.1742556440786     
  -5424.6425951676001     
  -4781.4050800273453     
  -4207.0557855409897     
  -3694.1029793237840     
  -3235.8696913578774     
  -2826.4050998208854     
  -2460.4055557799556     
  -2133.1441980217915     
  -1840.4082234665268     
  -1578.4429803392093     
  -1343.9021419111475     
  -1133.8032993872091     
  -945.48838448310232     
  -776.58839636873586     
  -624.99196480454839     
  -488.81733222817530     
  -366.38738293675442     
  -256.20738795922188     
  -156.94517026093720     
  -67.413427049031554     
   13.446025422101537     
   86.576293629368678     
   152.81792148710204     
   212.92004405723495     
   267.55032827750898     
   317.30383262385902     
   362.71090327621903     
   404.24421157053922     
   442.32502612406097     
   477.32880286457339     
   509.59016714266710     
   539.40735403874373     
   567.04616578667162     
   592.74349882805052     
   616.71048730003122     
   639.13530466971702     
   660.18566069181350     
   680.01102682317230     
   698.74461962455950     
   716.50516846851986     
   733.39849101001892     
   749.51889732561244     
   764.95044135338844     
   779.76803623966202     
   794.03844839250598     
   807.82118343268576     
   821.16927579809771     
   834.12999247933692     
   846.74546022457787     
   859.05322453643157     
   871.08674787835389     
   882.87585370152226     
   894.44712218416589     
   905.82424293458143     
   917.02832933800164     
   928.07819871851609     
   938.99062203362939     
   949.78054641475762     
   960.46129350664421     
   971.04473623754234     
