   2.5000000000000000        5.0000000000000003E-002  log
  -46211.528612279268     
  -41182.671008545134     
  -36700.321345529934     
  -32705.047397418395     
  -29143.880137366948     
  -25969.610871190285     
  -23140.164808174275     
  -20618.042758033811     
  -18369.823548036835     
  -16365.720561301139     
  -14579.186516895674     
  -12986.561254022645     
  -11566.757853971143     
  -10300.982940365508     
  -9172.4874440398562     
  -8166.3445064067600     
  -7269.2515296904749     
  -6469.3536768095073     
  -5756.0864026950867     
  -5120.0348926334755     
  -4552.8086002982200     
  -4046.9293685000348     
  -3595.7317842615944     
  -3193.2744380642584     
  -2834.2607673013727     
  -2513.9683685042542     
  -2228.1860405545635     
  -1973.1580656463188     
  -1745.5351209069461     
  -1542.3309277960584     
  -1360.8836550174149     
  -1198.8212868635082     
  -1054.0304548137294     
  -924.62842074481216     
  -808.93796837601690     
  -705.46496418608535     
  -612.87834230206624     
  -529.99227052957201     
  -455.75026784887694     
  -389.21106264185232     
  -329.53600151488047     
  -275.97783855469561     
  -227.87075326177310     
  -184.62146201398426     
  -145.70130277406545     
  -110.63918601150647     
  -79.015316621194287     
  -50.455602137463679     
  -24.626671899689200     
  -1.2314401478612538     
   19.994846574419075     
   39.288130755401141     
   56.858681189680659     
   72.893888196920088     
   87.560754171730906     
   101.00811274575275     
   113.36860619186076     
   124.76044745307553     
   135.28899028989488     
   145.04812846932029     
   154.12154263129455     
   162.58381143211804     
   170.50140175176261     
   177.93355113809434     
   184.93305422389167     
   191.54696357269216     
   197.81721426960928     
   203.78118055793394     
   209.47217191789952     
   214.91987517827980     
   220.15074853369157     
   225.18837270096219     
   230.05376387813760     
   234.76565266202365     
   239.34073262779322     
   243.79388187111005     
   248.13836045404335     
   252.38598637598298     
   256.54729240555133     
   260.63166585534304     
   264.64747315482680     
   268.60217087489855     
   272.50240467769578     
   276.35409750498059     
   280.16252817553817     
   283.93240143472121     
   287.66791038580601     
   291.37279213170689     
   295.05037736547621     
   298.70363456770076     
   302.33520939732756     
   305.94745979865922     
   309.54248729040461     
   313.12216485200224     
   316.68816177727405     
   320.24196582522211     
   323.78490296191057     
   327.31815495540712     
   330.84277505726891     
   334.35970197866243     
   337.86977234657968     
