   2.5000000000000000        5.0000000000000003E-002  log
  -661.07350883382924     
  -588.56969232693007     
  -523.88799685575168     
  -466.17777410124029     
  -414.68088297091799     
  -368.72162957889390     
  -327.69780135924645     
  -291.07267655401682     
  -258.36790368269499     
  -229.15715823802174     
  -203.06049642337311     
  -179.73933854191750     
  -158.89202680047984     
  -140.24991111228800     
  -123.57391760313661     
  -108.65154347397359     
  -95.294197566355166     
  -83.334776043801611     
  -72.625348000996638     
  -63.034856234278507     
  -54.446826406145647     
  -46.757180412611234     
  -39.872275647434833     
  -33.707205577933763     
  -28.184318535095372     
  -23.232004904845727     
  -18.784001425034553     
  -14.779442052688266     
  -11.163492544159141     
  -7.8879842651208918     
  -4.9114806699536668     
  -2.1986487217582344     
  0.28077465453037675     
   2.5530342244112720     
   4.6411912875039674     
   6.5656946793801323     
   8.3447469243533270     
   9.9945480388991950     
   11.529481597095083     
   12.962280787779923     
   14.304190608469735     
   15.565129086594462     
   16.753844130237226     
   17.878060953821223     
   18.944615899170550     
   19.959574330348328     
   20.928332152350251     
   21.855701913792689     
   22.745985278964042     
   23.603033972273913     
   24.430301263004221     
   25.230885825061964     
   26.007569494185084     
   26.762850129750465     
   27.498970509822936     
   28.217943961292168     
   28.921577252190144     
   29.611491143819723     
   30.289138907061616     
   30.955823041267791     
   31.612710387921144     
   32.260845798802997     
   32.901164495350407     
   33.534503239066055     
   34.161610420104395     
   34.783155161058325     
   35.399735524575142     
   36.011885906149907     
   36.620083686918072     
   37.224755215284901     
   37.826281180665795     
   38.425001437404660     
   39.021219332053391     
   39.615205582617179     
   40.207201754090391     
   40.797423370618390     
   41.386062700917563     
   41.973291250159917     
   42.559261988371752     
   43.144111342495854     
   43.727960976612167     
   44.310919382387652     
   44.893083299619157     
   45.474538984728120     
   46.055363343247919     
   46.635624940700254     
   47.215384904770850     
   47.794697730354692     
   48.373611997833585     
   48.952171013862646     
   49.530413382965911     
   50.108373517364356     
   50.686082091673235     
   51.263566448399978     
   51.840850959542244     
   52.417957349019630     
   52.994904980166133     
   53.571711112057365     
   54.148391128041318     
   54.724958739479376     
   55.301426167380491     
