   2.5000000000000000        5.0000000000000003E-002  log
  -350563.73562561098     
  -342047.61285185372     
  -332984.34627023595     
  -323367.17755223642     
  -313087.31956040405     
  -301882.66565551481     
  -290131.58118806005     
  -279562.08022836724     
  -270030.14585175423     
  -259346.39015754228     
  -247076.10031986664     
  -233275.65699857919     
  -217763.31862224374     
  -202599.05661383897     
  -186091.93091377197     
  -168368.19006517305     
  -150389.54860159336     
  -134003.58416465030     
  -119398.37531228107     
  -106380.27272470620     
  -94776.686680122846     
  -84433.796352157558     
  -75214.508286633645     
  -66996.636959954616     
  -59671.283133789366     
  -53141.388422736643     
  -47320.447095157208     
  -42131.358355715034     
  -37505.404012381434     
  -33381.337720655865     
  -29704.573310799376     
  -26426.461151755419     
  -23503.642906908954     
  -20897.476221629262     
  -18573.521836937904     
  -16501.086418024108     
  -14652.815083472893     
  -13004.328251074221     
  -11533.897988348075     
  -10222.159573169756     
  -9051.8544345980044     
  -8007.6010598011399     
  -7075.6908241597021     
  -6243.9060326437739     
  -5501.3577556436494     
  -4838.3413054355597     
  -4246.2074338623033     
  -3717.2475407052111     
  -3244.5913683880444     
  -2822.1158245547790     
  -2444.3637219047446     
  -2106.4713564147878     
  -1804.1039624808705     
  -1533.3981881325844     
  -1290.9108267055476     
  -1073.5731244391698     
  -878.65005750637295     
  -703.70403796257108     
  -546.56256690123723     
  -405.28940550471287     
  -278.15888137829120     
  -163.63298917383028     
  -60.340981599364788     
   32.938820033750261     
   117.29523711553760     
   193.69868202886050     
   263.01403516404145     
   326.01212153967174     
   383.37993932754591     
   435.72977601603941     
   483.60733318419597     
   527.49896770233352     
   567.83814544944210     
   605.01119318740223     
   639.36242491836379     
   671.19871075088565     
   700.79354890245725     
   728.39069487262498     
   754.20739594461418     
   778.43727393608515     
   801.25289445198314     
   822.80805673238808     
   843.23983448063677     
   862.67039475256934     
   881.20861904269532     
   898.95154807829999     
   915.98566949318058     
   932.38806546778153     
   948.22743556431112     
   963.56500832931636     
   978.45535376018699     
   992.94710741657480     
   1007.0836157852830     
   1020.9035114622574     
   1034.4412257840179     
   1047.7274457108558     
   1060.7895210243776     
   1073.6518272426663     
   1086.3360890687395     
   1098.8616686642704     
   1111.2458225737985     
