   2.5000000000000000        5.0000000000000003E-002  log
  -611731.88920007052     
  -603215.76642631332     
  -594152.49984469544     
  -584535.33112669596     
  -574255.47313486354     
  -563050.81922997441     
  -551299.73476251960     
  -540730.23380282684     
  -531198.29942621384     
  -520514.54373200185     
  -508244.25389432622     
  -494443.81057303876     
  -478931.47219670331     
  -463767.21018829854     
  -447260.08448823151     
  -429536.34363963263     
  -411007.70282754354     
  -393445.95802036230     
  -377792.80250948301     
  -363840.68517890078     
  -351404.62631788530     
  -338295.21125115035     
  -322532.68396707246     
  -304375.04109792283     
  -284955.45609091513     
  -263465.36140837794     
  -240606.00459891770     
  -219315.52719615476     
  -200338.60039195471     
  -183423.62172192466     
  -168346.34994589203     
  -154906.93019211714     
  -142927.24231137548     
  -130753.73361611420     
  -116469.17150980157     
  -103719.22845447612     
  -92353.898510632687     
  -82222.604353018382     
  -73191.144192275897     
  -65139.910875823116     
  -57962.304672532802     
  -51563.318676743576     
  -45858.278057777228     
  -40771.716422878184     
  -36236.374381253023     
  -32192.307018764954     
  -28586.088438334107     
  -25370.102809383010     
  -22501.912517839817     
  -19943.695031504863     
  -17661.741007578512     
  -15626.006981944854     
  -13809.716704195209     
  -12189.005827973911     
  -10742.605241607109     
  -9451.5588367714445     
  -8298.9719699813031     
  -7269.7872789878156     
  -6350.5848791967255     
  -5529.4042887446330     
  -4795.5857192182339     
  -4139.6286259864146     
  -3553.0656411513355     
  -3028.3502162517871     
  -2558.7564837793739     
  -2138.2900087099306     
  -1761.6082457608686     
  -1423.9496468777158     
  -1121.0704782391172     
  -849.18850837233265     
  -604.93282014842214     
  -385.29908068779258     
  -187.60967563098910     
  -9.4781787776056436     
   151.22231437545449     
   296.38740939302721     
   427.70656645845531     
   546.68551850171366     
   654.66625137480059     
   752.84481119995053     
   842.28717518396832     
   923.94339649523124     
   998.66021089766332     
   1067.1922724243614     
   1130.2121671816719     
   1188.3193381610108     
   1242.0480394854017     
   1291.8744256388768     
   1338.2228697486009     
   1381.4715947595573     
   1421.9576922241256     
   1459.9815953028847     
   1495.8110653306844     
   1529.6847448473234     
   1561.8153242394155     
   1592.3923640128808     
   1621.5848101459103     
   1649.5432358996302     
   1676.4018398339354     
   1702.2802265409562     
   1727.2849937254184     
