   2.5000000000000000        5.0000000000000003E-002  log
  -30237.505965091197     
  -26946.421031065805     
  -24012.925491183891     
  -21398.131834339387     
  -19067.381529947019     
  -16989.785130789358     
  -15137.812390322044     
  -13486.926956895995     
  -12015.260799874395     
  -10703.324051105807     
  -9533.7464166252175     
  -8491.0467338775416     
  -7561.4276240086901     
  -6732.5925198789473     
  -5993.5826396488492     
  -5334.6317237426965     
  -4747.0365630952838     
  -4223.0415301282264     
  -3755.7355040880075     
  -3338.9597881092577     
  -2967.2258539525574     
  -2635.6419707711698     
  -2339.8478804919814     
  -2075.9566450672728     
  -1840.5027515162187     
  -1630.3957210669241     
  -1442.8788070180267     
  -1275.4925754271469     
  -1126.0430176312352     
  -992.57352996298232     
  -873.33997982274991     
  -766.78825132730242     
  -671.53392994171224     
  -586.34395846630798     
  -510.12014935299158     
  -441.88442898167801     
  -380.76567035046986     
  -325.98796221529039     
  -276.86016598793907     
  -232.76662183512425     
  -193.15887817193155     
  -157.54833171935013     
  -125.49967746827647     
  -96.625078943674040     
  -70.578979070862047     
  -47.053480789009122     
  -25.774234434699913     
  -6.4967759286294759     
   10.996733968875226     
   26.900413530516044     
   41.387246343031599     
   54.611384912244091     
   66.710202634181087     
   77.806121736145570     
   88.008241739484831     
   97.413790285721220     
   106.10941576062447     
   114.17233901218411     
   121.67137955774542     
   128.66786998582620     
   135.21647075549885     
   141.36589625963836     
   147.15956182917438     
   152.63616029726381     
   157.83017580042682     
   162.77234165523302     
   167.49004840262617     
   172.00770744726117     
   176.34707512727610     
   180.52754152271402     
   184.56638784122563     
   188.47901580139566     
   192.27915206141316     
   195.97903040884805     
   199.58955413154681     
   203.12044072616143     
   206.58035086605059     
   209.97700334110107     
   213.31727749561995     
   216.60730452435348     
   219.85254883868345     
   223.05788058316318     
   226.22764026502588     
   229.36569635456277     
   232.47549662093326     
   235.56011388479325     
   238.62228679500197     
   241.66445617061024     
   244.68879739046082     
   247.69724926026745     
   250.69153974028058     
   253.67320887497851     
   256.64362922908447     
   259.60402410111334     
   262.55548375615439     
   265.49897989330856     
   268.43537853976892     
   271.36545154265298     
   274.28988681108609     
   277.20929744445016     
   280.12422986792836     
