   2.5000000000000000        5.0000000000000003E-002  log
  -223.77867892230833     
  -199.09175211983444     
  -177.05382895017701     
  -157.37720439941592     
  -139.80551398261011     
  -124.11029090723748     
  -110.08790546584999     
  -97.556845683252561     
  -86.355301515977956     
  -76.339019068911327     
  -67.379396758226989     
  -59.361802299745051     
  -52.184096835056380     
  -45.755357135060450     
  -39.994783145568000     
  -34.830761079827738     
  -30.200022610665780     
  -26.046811530083943     
  -22.321968035217214     
  -18.981898346817818     
  -15.987514792543873     
  -13.303340689607971     
  -10.896954623123699     
  -8.7387513357275441     
  -6.8017723046717578     
  -5.0613630041838853     
  -3.4946917206169315     
  -2.0804207467061469     
 -0.79875122987479041     
  0.36824246922355153     
   1.4362695510505499     
   2.4186910099209009     
   3.3266421942614350     
   4.1693281043438155     
   4.9543819668934281     
   5.6882064713956328     
   6.3762576821833212     
   7.0232621943936993     
   7.6333746400316409     
   8.2102886495494936     
   8.7573144526079254     
   9.2774339038058073     
   9.7733408127871488     
   10.247471922167952     
   10.702031965706643     
   11.139014919621943     
   11.560222702344896     
   11.967282046155882     
   12.361659947612987     
   12.744677922847348     
   13.117525195272547     
   13.481270892848057     
   13.836875308650537     
   14.185200269514185     
   14.527018655576450     
   14.863023114610803     
   15.193834016865006     
   15.520006697682984     
   15.842038036026318     
   16.160372417016852     
   16.475407125851532     
   16.787497219023162     
   17.096959916865732     
   17.404078559174671     
   17.709106163157550     
   18.012268620354195     
   18.313767566510840     
   18.613782955764364     
   18.912475367937368     
   19.209988075295662     
   19.506448892799330     
   19.801971833699806     
   20.096658590305356     
   20.390599857857367     
   20.683876517728148     
   20.976560694562622     
   21.268716700534835     
   21.560401878568435     
   21.851667355169226     
   22.142558712429832     
   22.433116587782191     
   22.723377209185017     
   23.013372872632441     
   23.303132368148944     
   23.592681359787306     
   23.882042724563934     
   24.171236854743270     
   24.460281927414215     
   24.749194144881610     
   25.037987949019580     
   25.326676212396979     
   25.615270408683841     
   25.903780764578574     
   26.192216395254679     
   26.480585425110753     
   26.768895095415200     
   27.057151860265488     
   27.345361472128456     
   27.633529058091298     
   27.921659187830770     
   28.209755934199055     
