   2.5000000000000000        5.0000000000000003E-002  log
  -237012.36450628075     
  -228496.24173252349     
  -219432.97515090570     
  -209815.80643290619     
  -199535.94844107379     
  -188331.29453618458     
  -176580.21006872982     
  -166010.70910903701     
  -156478.77473242400     
  -145795.01903821202     
  -133524.72920053641     
  -119788.40387090665     
  -106742.78844262908     
  -95114.965543866841     
  -84750.752951349918     
  -75512.736378964924     
  -67278.446194244025     
  -59938.732338023081     
  -53396.315807276274     
  -47564.497445285873     
  -42366.006963411317     
  -37731.977069507455     
  -33601.029226476341     
  -29918.458901598584     
  -26635.509352968547     
  -23708.724251545864     
  -21099.370748708821     
  -18772.925675928145     
  -16698.618191010137     
  -14849.022560594402     
  -13199.695266348896     
  -11728.851343561313     
  -10417.075614698577     
  -9247.0650881236470     
  -8203.3992321453734     
  -7272.3351704899023     
  -6441.6251338150696     
  -5700.3537677182276     
  -5038.7931453839428     
  -4448.2735609936881     
  -3921.0683869224349     
  -3450.2914637613312     
  -3029.8056585987897     
  -2654.1413754926079     
  -2318.4239344756229     
  -2018.3088534601563     
  -1749.9241725907580     
  -1509.8190543294331     
  -1294.9179760834438     
  -1102.4799066107801     
  -930.06192375146236     
  -775.48679011676165     
  -636.81405601083520     
  -512.31430576264347     
  -400.44620543653372     
  -299.83604712560674     
  -209.25951821006626     
  -127.62545352606558     
  -53.961354733536176     
   12.599515354563353     
   72.829634801316828     
   127.41747361258334     
   176.97662990954089     
   222.05397247206307     
   263.13689772591812     
   300.65979749036046     
   335.00982332553730     
   366.53202398197254     
   395.53392413311070     
   422.28960515592570     
   447.04334211539231     
   470.01284521838591     
   491.39214875307709     
   511.35418585140951     
   530.05308324266002     
   547.62620645001857     
   564.19598257024620     
   579.87152482481554     
   594.75008044030596     
   608.91832107131620     
   622.45349288962905     
   635.42444160109619     
   647.89252599197584     
   659.91243212723077     
   671.53289900494519     
   682.79736529604361     
   693.74454575130551     
   704.40894492436848     
   714.82131502760626     
   725.00906399642531     
   734.99661917680874     
   744.80575146206377     
   754.45586417991194     
   763.96425056330531     
   773.34632322147627     
   782.61581865617961     
   791.78497953694864     
   800.86471715405924     
   809.86475620486442     
   818.79376383473084     
   827.65946464488218     
