   2.5000000000000000        5.0000000000000003E-002  log
  -101921.66808411016     
  -93563.456651961387     
  -84683.587944483457     
  -75468.281233429923     
  -67254.598373579720     
  -59933.613710771730     
  -53408.247153549091     
  -47591.975979335090     
  -42407.686730513225     
  -37786.651965876314     
  -33667.618289877035     
  -29995.993559128125     
  -26723.122482253744     
  -23805.641002824348     
  -21204.900901328307     
  -18886.456985721106     
  -16819.610075682078     
  -14976.999737160526     
  -13334.241401479248     
  -11869.603109589056     
  -10563.717645689379     
  -9399.3262326668209     
  -8361.0501972555685     
  -7435.1870349462970     
  -6609.5272707792856     
  -5873.1890487572728     
  -5216.4692000409586     
  -4630.7116798647403     
  -4108.1938864940512     
  -3642.0283181987465     
  -3226.0752973380040     
  -2854.8638401093585     
  -2523.5197276340227     
  -2227.7006114421324     
  -1963.5378939545105     
  -1727.5848911268617     
  -1516.7706751203209     
  -1328.3589931513784     
  -1159.9117040025587     
  -1009.2562307810945     
  -874.45658399403703     
  -753.78755926923134     
  -645.71175872710887     
  -548.85912454165111     
  -462.00870818356583     
  -384.07242974788551     
  -314.08060911275618     
  -251.16907488463542     
  -194.56767853577546     
  -143.59006016415927     
  -97.624529192914935     
  -56.125938327099043     
  -18.608442419658093     
   15.360954243376728     
   46.168148178268503     
   74.157061010053070     
   99.634206042441178     
   122.87275784169925     
   144.11617895824941     
   163.58145200791705     
   181.46196007811730     
   197.93005374190381     
   213.13933879169491     
   227.22671508860259     
   240.31419361278222     
   252.51051585074251     
   263.91259702763642     
   274.60681235106193     
   284.67014334655488     
   294.17119950590603     
   303.17112881287824     
   311.72442923475347     
   319.87967195272392     
   327.68014593194795     
   335.16443238749628     
   342.36691677152822     
   349.31824507746325     
   356.04573051762355     
   362.57371597198158     
   368.92389701849646     
   375.11560983225667     
   381.16608777431401     
   387.09069007549255     
   392.90310565007115     
   398.61553474414211     
   404.23885082926506     
   409.78274488984715     
   415.25585401901685     
   420.66587602950750     
   426.01967160046917     
   431.32335531571493     
   436.58237680148869     
   441.80159304045293     
   446.98533282150061     
   452.13745418063263     
   457.26139559513206     
   462.36022161037062     
   467.43666350470380     
   472.49315553206617     
   477.53186722319327     
   482.55473217409690     
