   2.5000000000000000        5.0000000000000003E-002  log
  -215473.03920344039     
  -207114.82777129163     
  -198234.95906381370     
  -188677.56049131131     
  -178559.17761453360     
  -167482.94969900089     
  -155460.16059475919     
  -143482.31670964952     
  -132806.33219888606     
  -122590.50582743918     
  -110687.06430296958     
  -98633.214614133918     
  -87889.364674755707     
  -78313.053270381482     
  -69777.311746444393     
  -62168.979240300578     
  -55387.201156361880     
  -49342.090980905290     
  -43953.537718087842     
  -39150.143178369995     
  -34868.275071433105     
  -31051.223330972978     
  -27648.448285221908     
  -24614.910156770049     
  -21910.470096786532     
  -19499.354168609949     
  -17349.674113156980     
  -15433.001403169454     
  -13723.991193342072     
  -12200.050140830253     
  -10841.040722365751     
  -9629.0163610988129     
  -8547.9839541434758     
  -7583.6914372274850     
  -6723.4381692661391     
  -5955.9058991552110     
  -5271.0081575290851     
  -4659.7560836370203     
  -4114.1388935449650     
  -3627.0173873111175     
  -3192.0290679907203     
  -2803.5036022925392     
  -2456.3874924868169     
  -2146.1769534574819     
  -1868.8580992881277     
  -1620.8536420073722     
  -1398.9753924689592     
  -1200.3819310300894     
  -1022.5408848059418     
  -863.19530978305579     
  -720.33373082181731     
  -592.16344132255369     
  -477.08670773749441     
  -373.67956277243115     
  -280.67290556054871     
  -196.93565777081790     
  -121.45975194685298     
  -53.346752725664430     
   8.2040667148275706     
   63.906351295351890     
   114.39613484850439     
   160.24028083924676     
   201.94400504501618     
   239.95758005592987     
   274.68231059085468     
   306.47585894294076     
   335.65699123978135     
   362.50980751390011     
   387.28751172654012     
   410.21577178063649     
   431.49571411622645     
   451.30659263106475     
   469.80816734641536     
   487.14282438546053     
   503.43746539832620     
   518.80519150777104     
   533.34680412248213     
   547.15214253445367     
   560.30127605082430     
   572.86556648004307     
   584.90861507171678     
   596.48710647608800     
   607.65156092248276     
   618.44700459808030     
   628.91356712284403     
   639.08701404899784     
   648.99922145119297     
   658.67859890505019     
   668.15046646687392     
   677.43739065692841     
   686.55948390465426     
   695.53467142934267     
   704.37892909766310     
   713.10649541431121     
   721.73006045879333     
   730.26093427545231     
   738.70919695118675     
   747.08383237231942     
   755.39284743550138     
   763.64337829451711     
   771.84178505283046     
