   2.5000000000000000        5.0000000000000003E-002  log
  -46984.867333384136     
  -41871.857070704638     
  -37314.506271450962     
  -33252.387490258458     
  -29631.644709756845     
  -26404.278703940818     
  -23527.510117604528     
  -20963.211810296318     
  -18677.402932370191     
  -16639.798019936803     
  -14823.405125797095     
  -13204.167654546007     
  -11760.645150593262     
  -10473.728805434359     
  -9326.3879120255278     
  -8303.4439065893530     
  -7391.3690093228925     
  -6578.1068129959376     
  -5852.9124771922834     
  -5206.2104634712277     
  -4629.4679773038770     
  -4115.0824296993424     
  -3656.2812341147987     
  -3247.0320689064383     
  -2881.9615167890952     
  -2556.2803645810873     
  -2265.7155170682172     
  -2006.4504876973879     
  -1775.0759355310813     
  -1568.5485565709382     
  -1384.1548180109619     
  -1219.4772908469076     
  -1072.3632397785448     
  -940.89584112851298     
  -823.36824856442126     
  -718.26044086868421     
  -624.21863025420907     
  -540.03696661953563     
  -464.64128157328724     
  -397.07464028354593     
  -336.48449538453019     
  -282.11126131633608     
  -233.27814887169356     
  -189.38211851113607     
  -149.88582747282675     
  -114.31046013335617     
  -82.229343733380375     
  -53.262262700607643     
  -27.070394586995068     
  -3.3517992637041920     
   18.162599362654358     
   37.712593107201975     
   55.511878759136493     
   71.750899553176311     
   86.599376880905922     
   100.20856608469016     
   112.71326646306255     
   124.23361231408457     
   134.87666890556844     
   144.73785464725464     
   153.90220841384155     
   162.44551889715777     
   170.43533102239172     
   177.93184282200022     
   184.98870469939311     
   191.65373171292325     
   197.96953835149264     
   203.97410424057423     
   209.70127829773332     
   215.18122803744274     
   220.44083999511724     
   225.50407659005648     
   230.39229416766716     
   235.12452644518251     
   239.71773712520547     
   244.18704503162823     
   248.54592475735254     
   252.80638548788008     
   256.97913037492236     
   261.07369857582989     
   265.09859184441962     
   269.06138735362077     
   272.96883824753451     
   276.82696325757399     
   280.64112657215713     
   284.41610902002793     
   288.15617151196841     
   291.86511158289460     
   295.54631378474272     
   299.20279459893101     
   302.83724246443791     
   306.45205345270892     
   310.04936306282798     
   313.63107455889565     
   317.19888422566601     
   320.75430387759536     
   324.29868092000368     
   327.83321622856448     
   331.35898008438613     
   334.87692637614333     
   338.38790525772072     
