   2.5000000000000000        5.0000000000000003E-002  log
  -192762.76497957436     
  -184404.55354742557     
  -175524.68483994764     
  -165967.28626744528     
  -155848.90339066755     
  -144772.67547513483     
  -132749.88637089313     
  -120772.04248578346     
  -110096.05797502000     
  -99880.231603573120     
  -89003.636041839738     
  -79309.077536964745     
  -70668.010679614337     
  -62965.869270781332     
  -56100.546114584657     
  -49981.038146757513     
  -44526.238930302272     
  -39663.862516366149     
  -35329.484429058451     
  -31465.687104463163     
  -28021.298497964286     
  -24950.713748929498     
  -22213.290710564324     
  -19772.810783876495     
  -17596.997003575267     
  -15657.082344079859     
  -13927.423462380981     
  -12385.157618530007     
  -11009.900480382725     
  -9783.4797671029974     
  -8689.6982310851490     
  -7714.1210698601999     
  -6843.8850527535669     
  -6067.5276170376210     
  -5374.8342674962414     
  -4756.7025328629034     
  -4205.0207596310465     
  -3712.5601435369531     
  -3272.8785526417964     
  -2880.2348495661277     
  -2529.5125619354558     
  -2216.1518770257326     
  -1936.0890496045231     
  -1685.7024123975150     
  -1461.7642678423135     
  -1261.3980190755990     
  -1082.0399685585185     
  -921.40527537922753     
  -777.45761796901365     
  -648.38215851526047     
  -532.56144944461096     
  -428.55396159547013     
  -335.07494864120474     
  -250.97939344206978     
  -175.24680971810756     
  -106.96769712205943     
  -45.331469783445094     
   10.384302012022763     
   60.823479886901218     
   106.55990250568397     
   148.10500124394028     
   185.91458750991319     
   220.39490183130764     
   251.90800501406500     
   280.77658294165093     
   307.28822879640921     
   331.69925954519289     
   354.23811734743009     
   375.10840103275308     
   394.49156788401251     
   412.54934158461992     
   429.42585828852231     
   445.24957929486982     
   460.13499571139852     
   474.18414772954850     
   487.48797867370143     
   500.12754179395375     
   512.17507581742962     
   523.69496353131512     
   534.74458611843613     
   545.37508458269667     
   555.63203836866728     
   565.55607018070077     
   575.18338502755898     
   584.54625064566528     
   593.67342567616265     
   602.59054127762829     
   611.32044123837386     
   619.88348510154219     
   628.29781832538924     
   636.57961306369327     
   644.74328276136430     
   652.80167341286096     
   660.76623402133362     
   668.64716852042056     
   676.45357117462675     
   684.19354725499159     
   691.87432059135108     
   699.50232942836078     
   707.08331185724319     
   714.62238195689145     
