   2.5000000000000000        5.0000000000000003E-002  log
  -419865.50721823482     
  -411507.29578608606     
  -402627.42707860813     
  -393070.02850610577     
  -382951.64562932804     
  -371875.41771379532     
  -359852.62860955362     
  -347874.78472444392     
  -337198.80021368049     
  -326982.97384223359     
  -315079.53231776401     
  -301554.94790008792     
  -286445.50008426147     
  -270278.60680481384     
  -254360.74287372662     
  -236582.82863693623     
  -217931.98163208505     
  -199138.65988858879     
  -182387.81289928328     
  -167457.32520953647     
  -154149.23762512318     
  -141497.83734144145     
  -126746.90597211545     
  -112918.59430799843     
  -100592.73879848237     
  -89605.963915805740     
  -79812.656363109912     
  -71083.030066530162     
  -63301.405172261133     
  -56364.677176386300     
  -50180.952907801780     
  -44668.333501207926     
  -39753.828316641986     
  -35372.386181440728     
  -31466.031701509626     
  -27983.095459650667     
  -24877.527971862371     
  -22108.288306861650     
  -19638.799242783381     
  -17436.461715080550     
  -15472.222098594248     
  -13720.186570725064     
  -12157.277429924989     
  -10762.926802515825     
  -9518.8036685799034     
  -8408.5705810358304     
  -7417.6668469598189     
  -6533.1152920484128     
  -5743.3500425667880     
  -5038.0630383942880     
  -4408.0672396077343     
  -3845.1747107624660     
  -3342.0879646030339     
  -2892.3031229961307     
  -2490.0236097739598     
  -2130.0832299961130     
  -1807.8776147426181     
  -1519.3031215972512     
  -1260.7023799448248     
  -1028.8157584040891     
  -820.73811032103322     
  -633.88022329987757     
  -465.93446118136006     
  -314.84414251915052     
  -178.77624919425597     
  -56.097103002525245     
   54.649312561388165     
   154.76067299607348     
   245.39353234777414     
   327.57867013014487     
   402.23476926157929     
   470.18060652433098     
   532.14591731043186     
   588.78107882697395     
   640.66574025418140     
   688.31651437575078     
   732.19383274672782     
   772.70805536443015     
   810.22491591530707     
   845.07037485386002     
   877.53494471183706     
   907.87754503256258     
   936.32893808354504     
   963.09479093758500     
   988.35840455465870     
   1012.2831460780899     
   1035.0146166203053     
   1056.6825833035321     
   1077.4027011925748     
   1097.2780479687697     
   1116.4004917093930     
   1134.8519099221855     
   1152.7052760108941     
   1170.0256275886047     
   1186.8709294878340     
   1203.2928429190185     
   1219.3374109836925     
   1235.0456696387112     
   1250.4541922186565     
   1265.5955747419187     
   1280.4988684401753     
