   2.5000000000000000        5.0000000000000003E-002  log
  -408510.37010630179     
  -400152.15867415303     
  -391272.28996667510     
  -381714.89139417274     
  -371596.50851739501     
  -360520.28060186229     
  -348497.49149762059     
  -336519.64761251089     
  -325843.66310174746     
  -315627.83673030057     
  -303724.39520583098     
  -290199.81078815489     
  -275090.36297232844     
  -258923.46969288081     
  -243005.60576179362     
  -225227.69152500320     
  -206576.84452015202     
  -187783.52277665579     
  -171032.67578735025     
  -156102.18809760344     
  -142794.10051319015     
  -130142.70022950844     
  -116105.26256527289     
  -103435.20313772035     
  -92141.672321133985     
  -82074.989089985669     
  -73101.745385379574     
  -65103.033063235438     
  -57972.867234873331     
  -51616.784043139858     
  -45950.591301464898     
  -40899.253654239066     
  -36395.897570949957     
  -32380.923758470617     
  -28801.215815457810     
  -25609.434906561517     
  -22763.391182914926     
  -20225.483616669597     
  -17962.200803123607     
  -15943.676090152803     
  -14143.291117733517     
  -12537.322495602722     
  -11104.626922068373     
  -9826.3605591386186     
  -8685.7289353186279     
  -7667.7640537503494     
  -6759.1257453062717     
  -5947.9246286613907     
  -5223.5643265934186     
  -4576.6008436580159     
  -3998.6172383853814     
  -3482.1119262998773     
  -3020.3991310910897     
  -2607.5201625793402     
  -2238.1643438719607     
  -1907.5985382133422     
  -1611.6043401969796     
  -1346.4220977501134     
  -1108.7010219738770     
  -895.45472272930601     
  -704.02157987591340     
  -532.02942425155857     
  -377.36405968257537     
  -238.14120829126864     
  -112.68150680092906     
  0.51177797026052996     
   102.77261014801866     
   195.28988593308966     
   279.12320972046319     
   355.21695455616236     
   424.41279351324306     
   487.46086827705653     
   545.02974314513108     
   597.71527652919599     
   646.04852768196247     
   690.50280356864721     
   731.49993939294916     
   769.41589611783957     
   804.58574925813571     
   837.30813514411034     
   867.84921365615912     
   896.44620001424278     
   923.31051248731001     
   948.63057779129781     
   972.57433140195428     
   995.29144596036951     
   1016.9153173410075     
   1037.5648347363110     
   1057.3459582459593     
   1076.3531249045252     
   1094.6705018047512     
   1112.3731029446881     
   1129.5277846186323     
   1146.1941325601333     
   1162.4252526089567     
   1178.2684753936908     
   1193.7659843807355     
   1208.9553756235111     
   1223.8701566394366     
   1238.5401910344792     
   1252.9920947751809     
