   2.5000000000000000        5.0000000000000003E-002  log
  -90566.530972177134     
  -82208.319540028373     
  -73406.455574102685     
  -65417.669238843329     
  -58297.155115055917     
  -51950.489414298463     
  -46293.516846540959     
  -41251.233930603550     
  -36756.793743571296     
  -32750.618902921153     
  -29179.611011492012     
  -25996.446075858814     
  -23158.946550118020     
  -20629.521674569267     
  -18374.668685826935     
  -16364.528284445942     
  -14572.488471187045     
  -12974.831515972683     
  -11550.419413459069     
  -10280.413707213615     
  -9148.0260183573009     
  -8138.2959606023469     
  -7237.8933036624767     
  -6434.9412197555830     
  -5718.8573700178131     
  -5080.2100850238157     
  -4510.5886760769763     
  -4002.4890225513795     
  -3549.2151761826135     
  -3144.7946411089474     
  -2783.9032395281802     
  -2461.7968026340677     
  -2174.2488860950525     
  -1917.4944711141884     
  -1688.1795057248992     
  -1483.3158951428331     
  -1300.2414296372669     
  -1136.5841268220056     
  -990.23050181291399     
  -859.29732797888539     
  -742.10649951912592     
  -637.16265114404257     
  -543.13322927202012     
  -458.83074374976201     
  -383.19695965756267     
  -315.28881574764580     
  -254.26587991242576     
  -199.37917317232899     
  -149.96121234662314     
  -105.41713812013262     
  -65.216809899847703     
  -28.887761890446935     
   3.9910736004001488     
   33.794959319370527     
   60.858337221467188     
   85.479270005731664     
   107.92339916506046     
   128.42747222598859     
   147.20248610560409     
   164.43648839356635     
   180.29707380807497     
   194.93360901392742     
   208.47921537374671     
   221.05253598137259     
   232.75931045600180     
   243.69377841842388     
   253.93993029236503     
   263.57262204402633     
   272.65856866424207     
   281.25722958611874     
   289.42159779503322     
   297.19890310830510     
   304.63123896165433     
   311.75612102351010     
   318.60698505281709     
   325.21363060913518     
   331.60261650480248     
   337.79761324816792     
   343.81971715587065     
   349.68773030325315     
   355.41841002848236     
   361.02669130178447     
   366.52588491100403     
   371.92785409369259     
   377.24317195984668     
   382.48126179445399     
   387.65052210177902     
   392.75843805081047     
   397.81168080081153     
   402.81619602506390     
   407.77728280754212     
   412.69966395949371     
   417.58754868903395     
   422.44468845538296     
   427.27442674892905     
   432.07974345769526     
   436.86329440894519     
   441.62744661063709     
   446.37430966037209     
   451.10576373862415     
   455.82348455771285     
