   2.5000000000000000        5.0000000000000003E-002  log
  -580062.56990670471     
  -571772.92961165751     
  -563046.69113406702     
  -553683.10366994259     
  -543585.78035799565     
  -532737.46212120785     
  -520963.26049743884     
  -508066.57786711497     
  -496022.32115395297     
  -485287.11484731745     
  -473868.85106151697     
  -460672.51911511540     
  -445907.23720886681     
  -429370.36459231522     
  -413263.01486503851     
  -395506.11437002022     
  -376815.42808779632     
  -357356.00361099670     
  -339451.28719381429     
  -323492.37768151099     
  -309267.67112537863     
  -296486.21629419643     
  -282046.24742564204     
  -265013.20690036914     
  -245676.85062833826     
  -224716.23724621438     
  -202390.76335034042     
  -180315.05843626146     
  -160638.32262733867     
  -143099.66387557125     
  -127466.55137717078     
  -113531.73959731215     
  -101110.52351291600     
  -90038.288613636498     
  -80168.325559134741     
  -71369.882108080536     
  -63526.427027315847     
  -56534.103012583022     
  -50300.348027069871     
  -44742.666690423881     
  -39787.535360376620     
  -35369.426340846949     
  -31429.938243683620     
  -27917.020948084173     
  -24784.284862383989     
  -21990.385315100350     
  -19498.473901390931     
  -17275.709501120786     
  -15292.822477601721     
  -13523.726272466783     
  -11945.171241556278     
  -10536.436137547274     
  -9279.0531448475776     
  -8156.5628176624468     
  -7154.2956690601732     
  -6259.1775125925251     
  -5459.5559732719403     
  -4745.0458656590399     
  -4106.3913872044495     
  -3535.3432981436881     
  -3024.5494581265812     
  -2567.4572670139087     
  -2158.2267152469749     
  -1791.6528899876582     
  -1463.0969087059937     
  -1168.4243637250961     
  -903.95046090346511     
  -666.39112446530635     
  -452.81941915939314     
  -260.62671148685240     
  -87.488054624517972     
   68.668662282289660     
   209.69020983174707     
   337.22252393687654     
   452.73254643284849     
   557.52769053384679     
   652.77318943588489     
   739.50755827226453     
   818.65637459344009     
   891.04456023068622     
   957.40732751707310     
   1018.3999351159567     
   1074.6063829113020     
   1126.5471613360683     
   1174.6861579677900     
   1219.4368130378830     
   1261.1676055346977     
   1300.2069426977100     
   1336.8475177835585     
   1371.3501939289215     
   1403.9474656467953     
   1434.8465438881778     
   1464.2321056060910     
   1492.2687443070181     
   1519.1031541071109     
   1544.8660762742832     
   1569.6740340856402     
   1593.6308790207586     
   1616.8291688078750     
   1639.3513956088229     
   1661.2710806399962     
