   2.5000000000000000        5.0000000000000003E-002  log
  -24491.815656142036     
  -21825.596563450035     
  -19449.044591353362     
  -17330.658712233777     
  -15442.363605674347     
  -13759.137116015072     
  -12258.678223549852     
  -10921.111123544280     
  -9728.7214863826594     
  -8665.7213991765893     
  -7718.0398697531364     
  -6873.1361131381500     
  -6119.8331429634372     
  -5448.1694596842790     
  -4849.2668677557758     
  -4315.2126684699942     
  -3838.9546676494206     
  -3414.2076120500310     
  -3035.3698303117026     
  -2697.4490098371484     
  -2395.9961962448506     
  -2127.0472570310667     
  -1887.0711819172884     
  -1672.9246139188883     
  -1481.8117163906616     
  -1311.2476079325731     
  -1159.0224253794397     
  -1023.1638935458271     
  -901.90178011405237     
  -793.64232990735673     
  -696.95458587322855     
  -610.56096839249915     
  -533.32558768863726     
  -464.24009568429460     
  -402.40929764684859     
  -347.03794631088061     
  -297.41910139561276     
  -252.92396832892140     
  -212.99301639801701     
  -177.12818512210347     
  -144.88602049288781     
  -115.87161277506709     
  -89.733230751385832     
  -66.157564820136372     
  -44.865504835431601     
  -25.608389225913530     
  -8.1646705363200613     
   7.6630503611965768     
   22.050663183069396     
   35.154897013843772     
   47.115411339624586     
   58.056657962745653     
   68.089539145123098     
   77.312884454646138     
   85.814766262397001     
   93.673671610129560     
   100.95954619768141     
   107.73472449587638     
   114.05475844415055     
   119.96915581981295     
   125.52203814702348     
   130.75272693041973     
   135.69626603529736     
   140.38388717970273     
   144.84342474172809     
   149.09968540712177     
   153.17477757867888     
   157.08840493148332     
   160.85812801958568     
   164.49959741361857     
   168.02676146938896     
   171.45205148951686     
   174.78654673915085     
   178.04012150862806     
   181.22157617705619     
   184.33875401797147     
   187.39864529861478     
   190.40748005543239     
   193.37081077788486     
   196.29358609852949     
   199.18021646783521     
   202.03463268569973     
   204.86033806674791     
   207.66045493193144     
   210.43776604359792     
   213.19475153404883     
   215.93362181776470     
   218.65634692415011     
   221.36468264012606     
   224.06019380954680     
   226.74427509867269     
   229.41816950329570     
   232.08298484313491     
   234.73970846240536     
   237.38922033165227     
   240.03230472472472     
   242.66966062585064     
   245.30191100492146     
   247.92961108407414     
   250.55325570527043     
   253.17328589664385     
