   2.5000000000000000        5.0000000000000003E-002  log
  -341604.69055611128     
  -333315.05026106397     
  -324588.81178347353     
  -315225.22431934910     
  -305127.90100740222     
  -294279.58277061430     
  -282505.38114684529     
  -269608.69851652149     
  -257564.44180335946     
  -246829.23549672394     
  -235410.97171092348     
  -222214.63976452191     
  -207449.35785827329     
  -190912.48524172170     
  -174805.13551444502     
  -157048.23501942671     
  -139939.90436348954     
  -124690.89923652221     
  -111099.01982715381     
  -98984.055546067073     
  -88185.393985375631     
  -78559.890188137331     
  -69979.968103722698     
  -62331.929116563479     
  -55514.444912086183     
  -49437.213445500558     
  -44019.757724385636     
  -39190.349821181735     
  -34885.049712952496     
  -31046.854760308674     
  -27624.950786162444     
  -24574.047369710104     
  -21853.782135179463     
  -19428.186092049862     
  -17265.205340213310     
  -15336.274407007566     
  -13615.936112714744     
  -12081.502988645367     
  -10712.755690085562     
  -9491.6743288825382     
  -8402.1991056775150     
  -7430.0170282913487     
  -6562.3718614716890     
  -5787.8947697584645     
  -5096.4533952129595     
  -4479.0173599247946     
  -3927.5384035131297     
  -3434.8435616126908     
  -2994.5399654451785     
  -2600.9299975047984     
  -2248.9356763019146     
  -1934.0312659157391     
  -1652.1832154847907     
  -1399.7966311968487     
  -1173.6675701432941     
  -970.94052274269097     
  -789.07051935149082     
  -625.78935808713402     
  -479.07550561007685     
  -347.12727137581027     
  -228.33889932512594     
  -121.27925970900210     
  -24.672858258633550     
   62.617089329862388     
   141.60374221386081     
   213.19007871301227     
   278.18087852266967     
   337.29340184165932     
   391.16690713021870     
   440.37113380110526     
   485.41386241047906     
   526.74765267280543     
   564.77584871318959     
   599.85793124640179     
   632.31428770530340     
   662.43046361739880     
   690.46095164429994     
   716.63256856362682     
   741.14746500485069     
   764.18580787724886     
   785.90817108479496     
   806.45766625182534     
   825.96184173331574     
   844.53437510880133     
   862.27658161855823     
   879.27875855827801     
   895.62138347169696     
   911.37618204059390     
   926.60707984250871     
   941.37105060550789     
   955.71887221588713     
   969.69580051062314     
   983.34216979543044     
   996.69392805696737     
   1009.7831139711548     
   1022.6382820372384     
   1035.2848814788831     
   1047.7455939400979     
   1060.0406344570208     
   1072.1880196992854     
   1084.2038070403760     
