   2.5000000000000000        5.0000000000000003E-002  log
  -193987.90810098193     
  -185698.26780593465     
  -176972.02932834424     
  -167608.44186421976     
  -157511.11855227288     
  -146662.80031548502     
  -134888.59869171600     
  -121991.91606139214     
  -109947.65934823013     
  -99212.453041594621     
  -88519.403402007782     
  -78877.322691436057     
  -70283.026700181377     
  -62622.569823027079     
  -55794.397932697160     
  -49708.000819385918     
  -44282.711179662438     
  -39446.634225099784     
  -35135.693724555553     
  -31292.781859169514     
  -27867.001680712026     
  -24812.992238587743     
  -22090.327569558282     
  -19662.981655201122     
  -17498.851956016195     
  -15569.333964190468     
  -13848.938675014473     
  -12314.946256562480     
  -10947.095197108030     
  -9727.3113713540097     
  -8639.4756769173418     
  -7669.2197108735490     
  -6803.7403748943007     
  -6031.6309103350550     
  -5342.7285292900788     
  -4727.9782333841749     
  -4179.3115714112273     
  -3689.5387952808205     
  -3252.2529183019360     
  -2861.7443293674855     
  -2512.9247750843610     
  -2201.2596639081012     
  -1922.7077693254626     
  -1673.6675155909475     
  -1450.9291222731836     
  -1251.6319651595124     
  -1073.2265826402436     
  -913.44081991349947     
  -770.24965932197006     
  -641.84833476907386     
  -526.62837223564975     
  -423.15623758883311     
  -330.15430771152774     
  -246.48391197912508     
  -171.13021870323189     
  -103.18876573111652     
  -41.853456270407413     
   13.594139501548405     
   63.794319122009888     
   109.31774543091528     
   150.67301989090595     
   188.31343218753540     
   222.64297571569807     
   254.02170880781924     
   282.77053287053980     
   309.17545085373808     
   333.49136257565203     
   355.94544727876848     
   376.74017831122580     
   396.05600994486014     
   414.05377198878415     
   430.87680397867086     
   446.65285726518692     
   461.49579024434138     
   475.50707922697308     
   488.77716499771589     
   501.38665293306423     
   513.40738260464718     
   524.90338106170771     
   535.93171244306586     
   546.54323519303887     
   556.78327692961602     
   566.69223592038202     
   576.30611714772635     
   585.65701007685163     
   594.77351446647231     
   603.68111987261318     
   612.40254388141909     
   620.95803355921976     
   629.36563411998998     
   637.64142837532052     
   645.79975014430863     
   653.85337445522532     
   661.81368706285275     
   669.69083553090934     
   677.49386388435391     
   685.23083261833949     
   692.90892565627621     
   700.53454567627898     
   708.11339907093588     
   715.65057166776535     
