   2.5000000000000000        5.0000000000000003E-002  log
  -228053.31943678102     
  -219763.67914173374     
  -211037.44066414330     
  -201673.85320001884     
  -191576.52988807196     
  -180728.21165128407     
  -168954.01002751506     
  -156057.32739719123     
  -144013.07068402920     
  -133277.86437739371     
  -121859.60059159323     
  -109006.30141433931     
  -97133.511202764319     
  -86550.999374595209     
  -77118.449366406698     
  -68710.803910810719     
  -61216.605606896301     
  -54536.517962972161     
  -48582.007304117564     
  -43274.168091760526     
  -38542.676139529067     
  -34324.855952608195     
  -30564.849963980359     
  -27212.878723877977     
  -24224.581934212129     
  -21560.430348328049     
  -19185.198277774703     
  -17067.488062107393     
  -15179.304066791155     
  -13495.679122320154     
  -11994.350694193698     
  -10655.475039849121     
  -9461.3691593689564     
  -8396.2770772393433     
  -7446.1597619396225     
  -6598.5075093363603     
  -5842.1728584754319     
  -5167.2218909399908     
  -4564.8018756611855     
  -4027.0234295607484     
  -3546.8555754313420     
  -3118.0322673065375     
  -2734.9691182951760     
  -2392.6892095172534     
  -2086.7569846825118     
  -1813.2193456941195     
  -1568.5531625682304     
  -1349.6184976510690     
  -1153.6169210044752     
  -978.05436211099550     
  -820.70800373970712     
  -679.59677779392644     
  -552.95507099764393     
  -439.20929103931906     
  -336.95698186906600     
  -244.94821075832922     
  -162.06897993993664     
  -87.326442558591879     
  -19.835726639252805     
   41.191807855136709     
   96.459034768641047     
   146.59238922901048     
   192.15018066893091     
   233.63000173427835     
   271.47533141758220     
   306.08142005713802     
   337.80053430859948     
   366.94663169964315     
   393.79952680649239     
   418.60860434307062     
   441.59612843966653     
   462.96019202833514     
   482.87734547563440     
   501.50493934626655     
   518.98321238721974     
   535.43715244071018     
   550.97815498071236     
   565.70550128211971     
   579.70767583795339     
   593.06354050674554     
   605.84338097095542     
   618.10983939279208     
   629.91874564361933     
   641.31985813717176     
   652.35752409724091     
   663.07126802138282     
   673.49631614936391     
   683.66406389584790     
   693.60249244997340     
   703.33654006992344     
   712.88843299940663     
   722.27798039715844     
   731.52283719303898     
   740.63873835869970     
   749.63970770147387     
   758.53824395207869     
   767.34548661541521     
   776.07136378521977     
   784.72472388398535     
   793.31345307627123     
   801.84457991340980     
