   2.5000000000000000        5.0000000000000003E-002  log
  -545997.15857090568     
  -537707.51827585837     
  -528981.27979826799     
  -519617.69233414350     
  -509520.36902219662     
  -498672.05078540876     
  -486897.84916163975     
  -474001.16653131589     
  -461956.90981815389     
  -451221.70351151837     
  -439803.43972571788     
  -426607.10777931637     
  -411841.82587306772     
  -395304.95325651614     
  -379197.60352923948     
  -361440.70303422114     
  -342750.01675199729     
  -323290.59227519768     
  -305385.87585801521     
  -289426.96634571190     
  -275202.25978957961     
  -262420.80495839735     
  -247980.83608984298     
  -230947.79556457009     
  -211611.43929253920     
  -190650.82591041530     
  -169856.92285438438     
  -151322.67842984281     
  -134802.36650607211     
  -120076.96740458255     
  -106951.26911019431     
  -95251.286493439708     
  -84821.957898716966     
  -75525.088494754033     
  -67237.515504971714     
  -59849.472585080504     
  -53263.132202347449     
  -47391.306743065303     
  -42156.291047763356     
  -37488.830941957400     
  -33327.204020531171     
  -29616.400451086538     
  -26307.392901346884     
  -23356.485886602135     
  -20724.735892442786     
  -18377.434570725149     
  -16283.648146008569     
  -14415.806917161051     
  -12749.339404626082     
  -11262.346286987813     
  -9935.3097989474154     
  -8750.8347337177001     
  -7693.4176124542300     
  -6749.2409572696415     
  -5905.9899376081976     
  -5152.6889567257349     
  -4479.5560096771978     
  -3877.8728800782515     
  -3339.8694531136671     
  -2858.6206096057945     
  -2427.9543329196767     
  -2042.3698092843929     
  -1696.9644347287121     
  -1387.3687600237508     
  -1109.6885103650550     
  -860.45291040964321     
  -636.56862895618156     
  -435.27873212917103     
  -254.12610039055289     
  -90.920823936564631     
   56.288856169873597     
   189.24244672986680     
   309.49028466681614     
   418.41410910300590     
   517.24539623600936     
   607.08170030960366     
   688.90121751555148     
   763.57576608165027     
   831.88235478493982     
   894.51349339801141     
   952.08638188241389     
   1005.1511002646732     
   1054.1979078700076     
   1099.6637487704529     
   1141.9380497709924     
   1181.3678878696512     
   1218.2625957607634     
   1252.8978664937754     
   1285.5194117540091     
   1316.3462223086312     
   1345.5734738820299     
   1373.3751170198457     
   1399.9061853076223     
   1425.3048525727700     
   1449.6942663676805     
   1473.1841820632269     
   1495.8724192360892     
   1517.8461596752943     
   1539.1831042317367     
   1559.9525038613817     
   1580.2160785434708     
