   2.5000000000000000        5.0000000000000003E-002  log
  -318894.41633224522     
  -310604.77603719791     
  -301878.53755960747     
  -292514.95009548304     
  -282417.62678353617     
  -271569.30854674825     
  -259795.10692297926     
  -246898.42429265540     
  -234854.16757949340     
  -224118.96127285788     
  -212700.69748705742     
  -199504.36554065585     
  -184739.08363440723     
  -168202.21101785568     
  -152094.86129057899     
  -135610.06412982024     
  -120834.49112887257     
  -107664.62105134552     
  -95925.835306289693     
  -85462.505092963416     
  -76135.926545609327     
  -67822.480716010861     
  -60411.994127133279     
  -53806.278223450536     
  -47917.828045952294     
  -42668.661628462105     
  -37989.282260181441     
  -33817.748199847585     
  -30098.841372242106     
  -26783.332582061721     
  -23827.335741552739     
  -21191.735096029981     
  -18841.671446692060     
  -16746.080514656249     
  -14877.279728663154     
  -13210.599566987727     
  -11724.055119839781     
  -10398.053582360353     
  -9215.1337318777296     
  -8159.7338590966747     
  -7217.9850188713099     
  -6377.5268198950525     
  -5627.3432842750208     
  -4957.6165825553680     
  -4359.5966923536926     
  -3825.4852436209944     
  -3348.3320041386783     
  -2921.9426281711681     
  -2540.7964417119556     
  -2199.9731716638425     
  -1895.0876454706074     
  -1622.2315938233139     
  -1377.9217835575612     
  -1159.0537920249219     
  -962.86080920163670     
  -786.87692059998869     
  -628.90438356919969     
  -486.98446260976164     
  -359.37143658634614     
  -244.50943284020019     
  -141.01178073340535     
  -47.642610604195980     
   36.699546080286055     
   112.99637302350118     
   182.12279582719304     
   244.85859202487413     
   301.89873849567294     
   353.86263357544613     
   401.30231624725184     
   444.70979148298801     
   484.52355894547327     
   521.13443168798779     
   554.89072206592880     
   586.10286367768697     
   615.04753066763794     
   641.97130905391418     
   667.09396879885060     
   690.61138004176200     
   712.69811219169799     
   733.50975036936040     
   753.18495993659394     
   771.84732650900924     
   789.60699586798728     
   806.56213553302121     
   822.80023738882369     
   838.39927865247273     
   853.42875658608227     
   867.95061068513394     
   882.02004457944963     
   895.68625855301013     
   908.99310240277691     
   921.97965729960799     
   934.68075437224729     
   947.12743689571528     
   959.34737221708394     
   971.36521888466189     
   983.20295385218651     
   994.88016409983607     
   1006.4143065417065     
   1017.8209396685741     
   1029.1139299997096     
