   2.5000000000000000        5.0000000000000003E-002  log
  -704627.13443993311     
  -696503.20891210355     
  -687831.70657243836     
  -678722.77330274181     
  -668799.93180778588     
  -658348.99483434088     
  -646934.53181872854     
  -634570.22747572279     
  -621411.46885609964     
  -609388.53269463067     
  -598232.62520296895     
  -585459.65609127260     
  -570960.83682313398     
  -554796.58967351762     
  -537749.53958190174     
  -520542.39835147012     
  -501650.36258519860     
  -481885.66198153020     
  -462786.47360522865     
  -445762.96491241630     
  -430589.40760119335     
  -417064.62151011208     
  -403347.59540496551     
  -386834.31357423158     
  -367828.60769369343     
  -347400.12306212267     
  -325005.59740318381     
  -301398.66292180348     
  -279665.76031701843     
  -260294.42738702431     
  -243027.84831516590     
  -227637.13183722476     
  -213918.27500408966     
  -201689.45799361516     
  -188433.30761435349     
  -173385.34142157674     
  -156077.15075353169     
  -140240.59665033052     
  -126124.10264243983     
  -113540.61134621176     
  -102323.40834218325     
  -92323.909731359206     
  -83409.690329122255     
  -75462.726323724521     
  -68377.829069914937     
  -62061.249225536878     
  -56429.432701218378     
  -51407.911909638446     
  -46126.298814108341     
  -40984.170993874897     
  -36399.054034768000     
  -32310.373455897668     
  -28664.142211233717     
  -25412.244308146110     
  -22511.796332794947     
  -19924.578409798371     
  -17616.527045066839     
  -15557.283121922917     
  -13719.789052532618     
  -12079.929738976365     
  -10616.212579644649     
  -9309.4822747729959     
  -8142.6666467103323     
  -7100.5501020733655     
  -6169.5717297395604     
  -5337.6453555404578     
  -4593.9991658742065     
  -3929.0327721276017     
  -3334.1898192297331     
  -2801.8444479227323     
  -2325.2001041671738     
  -1898.1993529399520     
  -1515.4434997050566     
  -1172.1209529802770     
  -863.94337741250922     
  -587.08879015010189     
  -338.15084543438002     
  -114.09363444666435     
   87.788599368581586     
   269.90736405829443     
   434.41191841455003     
   583.21779133854557     
   718.03219974976685     
   840.37670232079608     
   951.60738963925075     
   1052.9328787081870     
   1145.4303505611772     
   1230.0598438015629     
   1307.6769937325441     
   1379.0443861186757     
   1444.8416762363404     
   1505.6746074868856     
   1562.0830492439688     
   1614.5481605924897     
   1663.4987750175874     
   1709.3170907646647     
   1752.3437423780679     
   1792.8823207146727     
   1831.2034014102369     
   1867.5481352541244     
   1902.1314481175400     
