   2.5000000000000000        5.0000000000000003E-002  log
  -715982.27155186620     
  -707858.34602403652     
  -699186.84368437133     
  -690077.91041467478     
  -680155.06891971896     
  -669704.13194627385     
  -658289.66893066163     
  -645925.36458765576     
  -632766.60596803261     
  -620743.66980656364     
  -609587.76231490192     
  -596814.79320320557     
  -582315.97393506696     
  -566151.72678545071     
  -549104.67669383483     
  -531897.53546340321     
  -513005.49969713163     
  -493240.79909346317     
  -474141.61071716167     
  -457118.10202434933     
  -441944.54471312638     
  -428419.75862204510     
  -414702.73251689854     
  -398189.45068616461     
  -379183.74480562645     
  -358755.26017405570     
  -336360.73451511684     
  -312753.80003373651     
  -291020.89742895140     
  -271649.56449895730     
  -254382.98542709893     
  -238992.26894915779     
  -225273.41211602269     
  -213044.59510554819     
  -199788.44472628649     
  -184740.47853350977     
  -167432.28786546472     
  -151595.73376226352     
  -137479.23975437286     
  -124895.74845814479     
  -113678.54545411626     
  -103679.04684329224     
  -94764.827441055284     
  -86817.863435657549     
  -79732.966181847965     
  -73416.386337469899     
  -67784.569813151407     
  -62763.049021571467     
  -56895.229595077733     
  -50580.257264106105     
  -44949.810234022705     
  -39929.446948239049     
  -35452.821316499525     
  -31460.802336413719     
  -27900.689456359269     
  -24725.513267695886     
  -21893.412246609234     
  -19367.077275114050     
  -17113.256570190722     
  -15102.314451649501     
  -13307.838093753538     
  -11706.287042369046     
  -10276.680846899430     
  -9000.3206620322271     
  -7860.5411250952684     
  -6842.4892165640949     
  -5932.9271693176506     
  -5120.0568113553418     
  -4393.3630111004359     
  -3743.4741478966557     
  -3162.0377562204844     
  -2641.6096934789684     
  -2175.5553607135539     
  -1757.9616654659931     
  -1383.5585586049344     
  -1047.6491039528846     
  -746.04715277868866     
  -475.02179613288513     
  -231.24785794137460     
  -11.761771930203135     
   186.07774310543886     
   364.62473150368032     
   525.97723747855866     
   672.00514489557338     
   804.37498949730525     
   924.57207282241041     
   1033.9201712563818     
   1133.5991017412996     
   1224.6603772309463     
   1308.0411596297176     
   1384.5766953624056     
   1455.0113985873420     
   1520.0087291204391     
   1580.1599961441998     
   1635.9922045215885     
   1687.9750478305916     
   1736.5271409128040     
   1782.0215746381782     
   1824.7908665943030     
   1865.1313733928516     
   1903.3072231418323     
