   2.5000000000000000        5.0000000000000003E-002  log
  -114160.00461941591     
  -106036.07909158626     
  -97364.576751921108     
  -88255.643482224521     
  -78663.568431695850     
  -70101.140656326330     
  -62469.308421539477     
  -55666.871421245349     
  -49603.634847055873     
  -44199.212443554949     
  -39381.959731506628     
  -35088.023266027580     
  -31260.493327213353     
  -27848.648799753621     
  -24807.284208559940     
  -22096.109960211041     
  -19679.217812238767     
  -17524.604466665533     
  -15603.746969602522     
  -13891.224300885715     
  -12364.380159792830     
  -11003.022496434412     
  -9789.1558064243891     
  -8706.7426066499611     
  -7741.4908546779952     
  -6880.6643751955080     
  -6112.9136230603290     
  -5428.1243698413027     
  -4817.2822275384942     
  -4272.3514213813542     
  -3786.1668254077099     
  -3352.3385876850944     
  -2965.1683515382574     
  -2619.5754488665693     
  -2311.0312296881339     
  -2035.5000962764664     
  -1789.3863908917654     
  -1569.4866460075159     
  -1372.9468107778991     
  -1197.2240550134161     
  -1040.0527281200814     
  -899.41405063238733     
  -773.50913821129291     
  -660.73499177699932     
  -559.66312458710263     
  -469.02053309676563     
  -387.67275147693744     
  -314.60875920988417     
  -248.92753732313997     
  -189.82609187768594     
  -136.58878365591326     
  -88.577820942921051     
  -45.224788164469480     
  -6.0230971981899541     
   29.478739364357018     
   61.683102666183117     
   90.948609578581340     
   117.59487333854145     
   141.90674615768131     
   164.13810021573684     
   184.51519729656104     
   203.23969184433912     
   220.49130733738872     
   236.43022153014638     
   251.19919224193916     
   264.92545192171872     
   277.72239614473779     
   289.69108845897495     
   300.92160155931907     
   311.49421259350481     
   321.48046846653648     
   330.94413528400895     
   339.94204453633932     
   348.52484725497067     
   356.73768614986210     
   364.62079464877922     
   372.21003078857251     
   379.53735304387675     
   386.63124440799163     
   393.51709035386955     
   400.21751569102071     
   406.75268478861369     
   413.14056914885833     
   419.39718588145155     
   425.53681024368979     
   431.57216506667856     
   437.51458958133031     
   443.37418988446422     
   449.15997304167774     
   454.87996660651254     
   460.54132514190951     
   466.15042515746461     
   471.71294972227616     
   477.23396387616697     
   482.71798183996191     
   488.16902691667497     
   493.59068487847009     
   498.98615154781737     
   504.35827520422561     
   509.70959437926786     
   515.04237154142243     
