   2.5000000000000000        5.0000000000000003E-002  log
  -250421.64996261219     
  -242297.72443478255     
  -233626.22209511741     
  -224517.28882542081     
  -214594.44733046493     
  -204143.51035701990     
  -192729.04734140760     
  -180364.74299840178     
  -167205.98437877864     
  -155183.04821730973     
  -144027.14072564794     
  -131254.17161395159     
  -117254.01666551680     
  -104482.30500658065     
  -93098.574447698295     
  -82951.883098438731     
  -73907.703752817237     
  -65846.138869104281     
  -58660.329666210564     
  -52255.038244490192     
  -46545.383943885048     
  -41455.717195872880     
  -36918.615930559536     
  -32873.991191954432     
  -29268.290021095920     
  -26053.784913983000     
  -23187.940270953757     
  -20632.847263229622     
  -18354.719539175971     
  -16323.443288193432     
  -14512.176314175234     
  -12896.991557962821     
  -11456.560610488441     
  -10171.872504793568     
  -9025.9831989707236     
  -8003.7918655924486     
  -7091.8409505672826     
  -6278.1375619935188     
  -5551.9940663052903     
  -4903.8859453649084     
  -4325.3251126448058     
  -3808.7470368161944     
  -3347.4101769892259     
  -2935.3063867963228     
  -2567.0810878422294     
  -2237.9621437133073     
  -1943.6964831285311     
  -1680.4936255354248     
  -1444.9753555980544     
  -1234.1308757945185     
  -1045.2768398927485     
  -876.02173545523453     
  -724.23414166848670     
  -588.01444052434670     
  -465.66960542181687     
  -355.69073224778805     
  -256.73301449580146     
  -167.59789649134788     
  -87.217167750804890     
  -14.638787299617489     
   50.985750239425421     
   110.41267449683720     
   164.31597460601614     
   213.29634305017674     
   257.88914681393112     
   298.57153163311119     
   335.76875362816702     
   369.85982235055144     
   401.18253013150013     
   430.03793447703606     
   456.69435299360936     
   481.39092385907600     
   504.34077908777795     
   525.73387269973728     
   545.73950132416894     
   564.50855068584838     
   582.17549778514240     
   598.86019534043794     
   614.66946217223517     
   629.69850063296815     
   644.03215989148316     
   657.74606183558149     
   670.90760453298105     
   683.57685656625654     
   695.80735410923285     
   707.64681132170369     
   719.13775348910110     
   730.31808130859167     
   741.22157380940757     
   751.87833658091938     
   762.31520125621239     
   772.55608155210894     
   782.62229059009962     
   792.53282370886518     
   802.30461052115606     
   811.95273955968742     
   821.49065849297449     
   830.93035256786288     
   840.28250364658129     
   849.55663194865110     
   858.76122237848404     
