   2.5000000000000000        5.0000000000000003E-002  log
  -545655.21487287083     
  -537531.28934504115     
  -528859.78700537607     
  -519750.85373567941     
  -509828.01224072359     
  -499377.07526727853     
  -487962.61225166620     
  -475598.30790866038     
  -462439.54928903724     
  -450416.61312756833     
  -439260.70563590655     
  -426487.73652421020     
  -411988.91725607158     
  -395824.67010645528     
  -378777.62001483946     
  -361570.47878440778     
  -342678.44301813625     
  -322913.74241446785     
  -303814.55403816630     
  -286791.04534535401     
  -271617.48803413101     
  -258092.70194304976     
  -244375.67583790320     
  -227862.39400716923     
  -208856.68812663111     
  -188428.20349506033     
  -167876.02692799360     
  -149557.16018792792     
  -133228.74052349836     
  -118674.31458670444     
  -105700.96489391914     
  -94136.749630180711     
  -83828.422096454131     
  -74639.399026090585     
  -66447.949954785043     
  -59145.583057844568     
  -52635.605967251591     
  -46831.842685107375     
  -41657.489815032532     
  -37044.097103256390     
  -32930.658846088256     
  -29262.804136634160     
  -25992.075207871156     
  -23075.284287755134     
  -20473.940421627169     
  -18153.738646642272     
  -16084.104732256743     
  -14237.789440032471     
  -12590.506914660506     
  -11120.612404878822     
  -9808.8150357033355     
  -8637.9218191162108     
  -7592.6095053072368     
  -6659.2212462992211     
  -5825.5853732514142     
  -5080.8538823241579     
  -4415.3584856183825     
  -3820.4823168598764     
  -3288.5455892836644     
  -2812.7036883518931     
  -2386.8563469710393     
  -2005.5666979540717     
  -1663.9891295542816     
  -1357.8049867208015     
  -1083.1652648426523     
  -836.63953554086731     
  -615.17042676872859     
  -416.03305318622012     
  -236.79885846480417     
  -75.303389724445992     
   70.382423516506634     
   201.97786699394177     
   321.01525562187396     
   428.86026641722844     
   526.73006023319545     
   615.70943276720516     
   696.76520915888568     
   770.75907318659415     
   838.45900129896575     
   900.54945320476475     
   957.64045424446840     
   1010.2756900615299     
   1058.9397209849981     
   1104.0644118542132     
   1146.0346626056366     
   1185.1935156633754     
   1221.8467079054888     
   1256.2667276079992     
   1288.6964301998696     
   1319.3522608078711     
   1348.4271263526098     
   1376.0929553067106     
   1402.5029790816320     
   1427.7937653157446     
   1452.0870300441966     
   1475.4912527969684     
   1498.1031160565019     
   1520.0087881756392     
   1541.2850667794226     
   1562.0003978230066     
   1582.2157838279659     
