   2.5000000000000000        5.0000000000000003E-002  log
  -670561.72310413409     
  -662437.79757630441     
  -653766.29523663933     
  -644657.36196694267     
  -634734.52047198685     
  -624283.58349854173     
  -612869.12048292952     
  -600504.81613992364     
  -587346.05752030050     
  -575323.12135883165     
  -564167.21386716980     
  -551394.24475547345     
  -536895.42548733484     
  -520731.17833771853     
  -503684.12824610271     
  -486476.98701567104     
  -467584.95124939951     
  -447820.25064573111     
  -428721.06226942956     
  -411697.55357661727     
  -396523.99626539432     
  -382999.21017431305     
  -369282.18406916648     
  -352768.90223843249     
  -333763.19635789440     
  -313334.71172632359     
  -290940.18606738478     
  -267333.25158600439     
  -245600.34898121931     
  -226229.01605122525     
  -208962.43697936684     
  -193571.72050142571     
  -179852.86366829058     
  -167624.04665781610     
  -154367.89627855440     
  -139319.93008577765     
  -124075.79822809149     
  -110487.36701051313     
  -98374.577234465905     
  -87576.951815603068     
  -77951.466051149531     
  -69370.649524332533     
  -61720.894461372576     
  -54900.948085584321     
  -48820.568952449627     
  -43399.329426487595     
  -38565.548401898530     
  -34255.340099108667     
  -30411.766311151940     
  -26984.080847719633     
  -23927.056148976262     
  -21200.383132198109     
  -18768.136306482342     
  -16598.297057150328     
  -14662.328773562851     
  -12934.798182149878     
  -11393.037859682203     
  -10016.845448327702     
  -8788.2155811016710     
  -7691.1009604086512     
  -6711.1994192466764     
  -5835.7641394408392     
  -5053.4345085687728     
  -4354.0853711154896     
  -3728.6926734840877     
  -3169.2137200320090     
  -2668.4804511869361     
  -2220.1043274952890     
  -1818.3915574628163     
  -1458.2675443048158     
  -1135.2095490544948     
  -845.18667650537645     
  -584.60638763418490     
  -350.26682875385023     
  -139.31434483133620     
   50.794386803825347     
   222.32610482427606     
   377.30104216416407     
   517.51973329409759     
   644.58690622860172     
   759.93277629899762     
   864.83202424752619     
   960.42071047080208     
   1047.7113498545775     
   1127.6063472339065     
   1200.9099717592549     
   1268.3390290612415     
   1330.5323728272463     
   1388.0593820028023     
   1441.4275161051482     
   1491.0890489034039     
   1537.4470698172531     
   1580.8608326690805     
   1621.6505227642713     
   1660.1015055559583     
   1696.4681132714254     
   1730.9770197464159     
   1763.8302482493511     
   1795.2078522074710     
   1825.2703044065056     
   1854.1606263671142     
