   2.5000000000000000        5.0000000000000003E-002  log
  -534300.07776093786     
  -526176.15223310818     
  -517504.64989344298     
  -508395.71662374644     
  -498472.87512879056     
  -488021.93815534550     
  -476607.47513973317     
  -464243.17079672741     
  -451084.41217710421     
  -439061.47601563530     
  -427905.56852397352     
  -415132.59941227717     
  -400633.78014413855     
  -384469.53299452225     
  -367422.48290290643     
  -350215.34167247475     
  -331323.30590620323     
  -311558.60530253482     
  -292459.41692623327     
  -275435.90823342098     
  -260262.35092219801     
  -246737.56483111673     
  -233020.53872597017     
  -216507.25689523621     
  -197501.55101469808     
  -177275.49320618485     
  -157937.22801234829     
  -140700.29222298122     
  -125336.17583385388     
  -111641.21739631458     
  -99433.900219031508     
  -88552.443453871500     
  -78852.656373017817     
  -70206.026852665644     
  -62498.017842141533     
  -55626.548653400037     
  -49500.640849975178     
  -44039.210980823991     
  -39169.994386729806     
  -34828.585967676147     
  -30957.585267050668     
  -27505.834557800157     
  -24427.739822449144     
  -21682.665608424286     
  -19234.395718189397     
  -17050.652568319161     
  -15102.668832079606     
  -13364.805675748163     
  -11814.212518729377     
  -10430.523799696119     
  -9195.5887228938154     
  -8093.2303969874956     
  -7109.0311692887717     
  -6230.1413061048570     
  -5445.1084799581549     
  -4743.7258006737584     
  -4116.8963735077559     
  -3556.5125868715149     
  -3055.3485277163304     
  -2606.9640968797698     
  -2205.6195519761432     
  -1846.1993438024958     
  -1524.1442355668664     
  -1235.3908041654647     
  -976.31752069958509     
  -743.69669473222802     
  -534.65164459764844     
  -346.61852542738450     
  -177.31230836424851     
  -24.696459521694575     
   113.04408365897768     
   237.52699724537067     
   350.19403643931599     
   452.33016682929861     
   545.08061513219332     
   629.46606567895515     
   706.39620429369654     
   776.68178928621660     
   841.04540973352368     
   900.13107380683982     
   954.51275437585900     
   1004.7020052856266     
   1051.1547493697169     
   1094.2773282727621     
   1134.4318943599969     
   1171.9412162613312     
   1207.0929618167268     
   1240.1435152550509     
   1271.3213792581314     
   1300.8302070533907     
   1328.8515047691394     
   1355.5470399111744     
   1381.0609879197350     
   1405.5218452903487     
   1429.0441346445318     
   1451.7299243756170     
   1473.6701830344946     
   1494.9459864271512     
   1515.6295934414663     
   1535.7854048788402     
   1555.4708180137693     
