   2.5000000000000000        5.0000000000000003E-002  log
  -193645.96440294708     
  -185522.03887511743     
  -176850.53653545227     
  -167741.60326575569     
  -157818.76177079981     
  -147367.82479735478     
  -135953.36178174248     
  -123589.05743873667     
  -110430.29881911351     
  -98407.362657644597     
  -87691.134246283560     
  -78139.511051291251     
  -69625.843778912342     
  -62037.255853216877     
  -55273.145686529038     
  -49243.851848115082     
  -43869.463399184722     
  -39078.759597382879     
  -34808.264904728065     
  -31001.406777693479     
  -27607.765091135469     
  -24582.403260602849     
  -21885.272192067714     
  -19480.679119959772     
  -17336.814212916372     
  -15425.328549807051     
  -13720.957711132985     
  -12201.185823638627     
  -10845.945521739903     
  -9637.3500540252317     
  -8559.4546023595813     
  -7598.0444059249076     
  -6740.4471506608697     
  -5975.3666224048766     
  -5292.7345599162918     
  -4683.5781817373854     
  -4139.9015604961432     
  -3654.5794842282999     
  -3221.2626436787700     
  -2834.2930563217765     
  -2488.6286891211967     
  -2179.7763091553493     
  -1903.7316731210108     
  -1656.9262536926333     
  -1436.1797852348600     
  -1238.6579896211069     
  -1061.8349135866572     
  -903.45937213133800     
  -761.52504852426944     
  -634.24385116232941     
  -520.02217161062345     
  -417.43972726569251     
  -325.23070681478805     
  -242.26696752934518     
  -167.54306087505049     
  -100.16288733576771     
  -39.327803076982569     
   15.673979582069750     
   65.476838693933729     
   110.64616167197313     
   151.68584854425467     
   189.04499910058090     
   223.12387271568770     
   254.27919996858657     
   282.82891656789980     
   309.05638242075378     
   333.21414184596779     
   355.52727483976440     
   376.19638387287375     
   395.40025585944090     
   413.29823462619868     
   430.03233536759785     
   445.72912914790629     
   460.50142245918681     
   474.44975412398583     
   487.66372940738148     
   500.22320904254622     
   512.19936894849252     
   523.65564470261256     
   534.64857330122175     
   545.22854337825140     
   555.44046383743205     
   565.32435977061516     
   574.91590356995539     
   584.24688828167848     
   593.34564948270747     
   602.23744127831151     
   610.94477141013419     
   619.48769992135703     
   627.88410534216280     
   636.14992192766522     
   644.29935109634573     
   652.34504987468790     
   660.29829884857645     
   668.16915185009498     
   675.96656936598868     
   683.69853743805379     
   691.37217363319803     
   698.99382148933967     
   706.56913469038784     
   714.10315208726308     
