   2.5000000000000000        5.0000000000000003E-002  log
  -68739.456171683822     
  -61259.967018263655     
  -54593.427479067068     
  -48651.430396054835     
  -43355.182992529597     
  -38634.461340129317     
  -34426.678493457322     
  -30676.053924521206     
  -27332.873244772152     
  -24352.828410951839     
  -21696.429684256142     
  -19328.481562377023     
  -17217.615743615261     
  -15335.874925597194     
  -13658.341902869686     
  -12162.809021357045     
  -10829.483583996143     
  -9640.7252877701540     
  -8580.8122115234528     
  -7635.7322675245641     
  -6792.9973767848069     
  -6041.4779265739517     
  -5371.2553181258672     
  -4773.4906180387397     
  -4240.3074980625588     
  -3764.6877941688426     
  -3340.3781441369974     
  -2961.8062973456199     
  -2624.0059077787009     
  -2322.5490218814698     
  -2053.4859877349345     
  -1813.2927476641596     
  -1598.8250868144164     
  -1407.2787183787420     
  -1236.1538193387712     
  -1083.2229859025770     
  -946.50211487086005     
  -824.22403821318233     
  -714.81480835704429     
  -616.87248835620039     
  -529.14824979002572     
  -450.52955690893526     
  -380.02521593588199     
  -316.75208276216574     
  -259.92324206369483     
  -208.83749142408234     
  -162.86998330643482     
  -121.46389497399372     
  -84.123011652685761     
  -50.405121525069923     
  -19.916132777855509     
   7.6951668781053195     
   32.741778835000197     
   55.502653085831028     
   76.226394342684230     
   95.134564355115685     
   112.42462454036816     
   128.27255818582375     
   142.83520717576843     
   156.25235436561275     
   168.64857932187363     
   180.13491211714401     
   190.81030717354218     
   200.76295674839477     
   210.07146151919767     
   218.80587382205746     
   227.02862740301111     
   234.79536603193978     
   242.15568198389295     
   249.15377419444755     
   255.82903482817605     
   262.21657204809804     
   268.34767592642544     
   274.25023368166461     
   279.94909975413935     
   285.46642563226970     
   290.82195380750107     
   296.03327975950754     
   301.11608544885559     
   306.08434741606504     
   310.95052224891259     
   315.72571187940747     
   320.41981090413964     
   325.04163788309501     
   329.59905235938697     
   334.09905915283645     
   338.54790131143432     
   342.95114295419006     
   347.31374310471716     
   351.64012149534153     
   355.93421721496082     
   360.19954097891355     
   364.43922171447753     
   368.65604808018179     
   372.85250546988777     
   377.03080899267479     
   381.19293286616642     
   385.34063661333659     
   389.47548841042084     
   393.59888589574894     
   397.71207471562582     
