   2.5000000000000000        5.0000000000000003E-002  log
  -159580.55306714802     
  -151456.62753931835     
  -142785.12519965321     
  -133676.19192995664     
  -123753.35043500074     
  -113302.41346155570     
  -101887.95044594341     
  -90796.772241702100     
  -80911.065844097495     
  -72099.738422505543     
  -64245.953214966656     
  -57245.579112223670     
  -51005.808888213127     
  -45443.927741583793     
  -40486.215794548931     
  -36066.969965532095     
  -32127.632216905564     
  -28616.012599507267     
  -25485.596787642422     
  -22694.928934146646     
  -20207.061683690761     
  -17989.066070559995     
  -16011.594802190031     
  -14248.493103604718     
  -12676.451886506336     
  -11274.698524995891     
  -10024.720979807167     
  -8910.0214429015759     
  -7915.8961549654077     
  -7029.2386837073173     
  -6238.3646748927686     
  -5532.8565101519125     
  -4903.4260821935959     
  -4341.7933543131003     
  -3840.5782362586992     
  -3393.2037814883906     
  -2993.8093527464166     
  -2637.1728173878132     
  -2318.6409873861662     
  -2034.0675498519392     
  -1779.7577487304570     
  -1552.4191129736807     
  -1349.1175794247449     
  -1167.2384198175157     
  -1004.4514428231299     
  -858.67999983814980     
  -728.07337562111979     
  -610.98219169356275     
  -505.93649195163516     
  -411.62621670423880     
  -326.88380390652839     
  -250.66868519986483     
  -182.05346994841796     
  -120.21163316941035     
  -64.406543427419535     
  -13.981684697881983     
   31.648057842090850     
   73.004163941333644     
   110.55139952952386     
   144.70398505640114     
   175.83109285188741     
   204.26174651842103     
   230.28918741610207     
   254.17476621800063     
   276.15141120208966     
   296.42671932318086     
   315.18571109776741     
   332.59328586990227     
   348.79641004761208     
   363.92606735383936     
   378.09899697631209     
   391.41924268499901     
   403.97953347647621     
   415.86251406822771     
   427.14184157291083     
   437.88316290644644     
   448.14498590084452     
   457.97945568192438     
   467.43304661479158     
   476.54717899939897     
   485.35876869986367     
   493.90071700117954     
   502.20234719373462     
   510.28979367908926     
   518.18634876040448     
   525.91277171937179     
   533.48756428102752     
   540.92721612179855     
   548.24642367859599     
   555.45828516248218     
   562.57447436467055     
   569.60539556119443     
   576.56032157176799     
   583.44751680481818     
   590.27434692143959     
   597.04737657346186     
   603.77245651256476     
   610.45480122633694     
   617.09905813146770     
   623.70936924223020     
   630.28942613256356     
