   2.5000000000000000        5.0000000000000003E-002  log
  -318552.47263421037     
  -310428.54710638069     
  -301757.04476671555     
  -292648.11149701895     
  -282725.27000206307     
  -272274.33302861801     
  -260859.87001300574     
  -248495.56566999992     
  -235336.80705037678     
  -223313.87088890787     
  -212157.96339724609     
  -199384.99428554974     
  -184886.17501741112     
  -168721.92786779482     
  -151674.87777617897     
  -135410.53463622186     
  -120656.91512060941     
  -107506.61852619697     
  -95785.284609254843     
  -85337.514728233495     
  -76024.809905414353     
  -67723.733196359128     
  -60324.271987557564     
  -53728.378461065571     
  -47848.668786594986     
  -42607.263664337137     
  -37934.754678330130     
  -33769.282577057726     
  -30055.715172151664     
  -26744.914155998456     
  -23793.081731679995     
  -21161.179144907986     
  -18814.409674153514     
  -16721.758706341956     
  -14855.583938703841     
  -13191.249708782061     
  -11706.800531820028     
  -10382.669727238545     
  -9201.4195152077045     
  -8147.5093033994553     
  -7207.0891735201822     
  -6367.8158566494940     
  -5618.6887575359324     
  -4949.9038436165692     
  -4352.7234493634978     
  -3819.3602587823120     
  -3342.8739189619878     
  -2917.0789070762835     
  -2536.4624241159008     
  -2196.1112228575275     
  -1891.6463969879601     
  -1619.1652645567156     
  -1375.1895735041874     
  -1156.6193412106079     
  -960.69171498878018     
  -784.94430722262985     
  -627.18251833918555     
  -485.45041379618914     
  -358.00476848361404     
  -243.29193400786883     
  -139.92722181513784     
  -46.676528515747435     
   37.560040459861860     
   113.76276621443938     
   182.80532444586262     
   245.46637884803999     
   302.43991370442154     
   354.34444279383678     
   401.73121681485770     
   445.09153824364836     
   484.86328069477236     
   521.43669929738303     
   555.15960919043403     
   586.34200085510827     
   615.26015352924071     
   642.16030128790328     
   667.26190043811403     
   690.76054158503484     
   712.83054501180618     
   733.62727381276602     
   753.28919547442081     
   771.93971926048800     
   789.68883378230157     
   806.63456648438967     
   822.86428441190390     
   838.45585352044543     
   853.47867191174635     
   867.99459070571106     
   882.05873476830516     
   895.72023418591345     
   909.02287619243248     
   922.00568619981436     
   934.70344564201093     
   947.14715350381903     
   959.36443765885099     
   971.37992147485159     
   983.21555055100134     
   994.89088392282326     
   1006.4233535988101     
   1017.8284958726734     
   1029.1201574805914     
