   2.5000000000000000        5.0000000000000003E-002  log
  -102804.86750748289     
  -94680.941979653246     
  -86009.439639988079     
  -76900.506370291507     
  -68530.718776783193     
  -61070.607645180462     
  -54421.247453767290     
  -48494.470884316230     
  -43211.698791098330     
  -38502.897388939477     
  -34305.648847418903     
  -30564.322981065634     
  -27229.339057641006     
  -24256.507928967381     
  -21606.445741791198     
  -19244.051428612969     
  -17138.041025559876     
  -15260.532627290608     
  -13586.676474969849     
  -12094.325286970963     
  -10763.740485114313     
  -9577.3304424637900     
  -8519.4172840300344     
  -7576.0291160743191     
  -6734.7148546309445     
  -5984.3790803480979     
  -5315.1345733732496     
  -4718.1704040614923     
  -4185.6337506788032     
  -3710.5240854788321     
  -3286.5989473809241     
  -2908.2908103938489     
  -2570.6342166089335     
  -2269.2016946388180     
  -2000.0467566850937     
  -1759.6526576134552     
  -1544.8861675436340     
  -1352.9559582127429     
  -1181.3752982803135     
  -1027.9287314105843     
  -890.64237926383487     
  -767.75750466989211     
  -657.70698622938642     
  -559.09438379992571     
  -470.67530648585006     
  -391.34082633843900     
  -320.10271005760569     
  -256.08026700424108     
  -198.48863483247061     
  -146.62834430569532     
  -99.876022694458143     
  -57.676110877981785     
  -19.533483158684191     
   14.993128914476246     
   46.296996531590274     
   74.728615576451631     
   100.60036013440005     
   124.19062951606247     
   145.74754398252179     
   165.49223832814010     
   183.62179711134397     
   200.31187054678506     
   215.71900581881397     
   229.98272478812649     
   243.22737568937535     
   255.56378341190049     
   267.09072027805820     
   277.89621684796469     
   288.05873015384964     
   297.64818487320565     
   306.72690126222193     
   315.35042216708098     
   323.56825009053409     
   331.42450409689172     
   338.95850527427802     
   346.20529852453689     
   353.19611760592335     
   359.95879960043601     
   366.51815430632098     
   372.89629345799335     
   379.11292414242064     
   385.18561030581810     
   391.13000582099880     
   396.96006220828571     
   402.68821376650772     
   408.32554257080926     
   413.88192552681301     
   419.36616543255201     
   424.78610778735782     
   430.14874489774780     
   435.46030866178137     
   440.72635326311331     
   445.95182887207534     
   451.14114733177695     
   456.29824070085954     
   461.42661342974492     
   466.52938886273751     
   471.60935068304383     
   476.66897985066726     
   481.71048752332712     
   486.73584439724749     
