   2.5000000000000000        5.0000000000000003E-002  log
  -24366.065345516963     
  -21713.672547758946     
  -19349.443666488689     
  -17242.041495976566     
  -15363.536908060396     
  -13689.038248852026     
  -12196.361005107357     
  -10865.733354392869     
  -9679.5337007700709     
  -8622.0567325019310     
  -7679.3049220858511     
  -6838.8027244514014     
  -6089.4310211017255     
  -5421.2796131887071     
  -4825.5157932069606     
  -4294.2672309661293     
  -3820.5176002643443     
  -3398.0135506008205     
  -3021.1817929323411     
  -2685.0552174183831     
  -2385.2070901009815     
  -2117.6924795711511     
  -1878.9961410305079     
  -1665.9861363082011     
  -1475.8725020077354     
  -1306.1703015480196     
  -1154.6664159237164     
  -1019.3894650693109     
  -898.58238222982652     
  -790.67748700262132     
  -694.27434859885739     
  -608.12090506735865     
  -531.09785987363296     
  -462.20563656327278     
  -400.55286191268704     
  -345.34566451848298     
  -295.87757826748702     
  -251.52013038086506     
  -211.71423649735817     
  -175.96245745981659     
  -143.82209935068659     
  -114.89909455250769     
  -88.842584685007765     
  -65.340125162582751     
  -44.113437146492537     
  -24.914640965089184     
  -7.5229134030050178     
   8.2584812209297347     
   22.604829754685078     
   35.672316700489141     
   47.600111758617281     
   58.512227645841349     
   68.519173922325336     
   77.719429545815601     
   86.200754248921115     
   94.041356542344403     
   101.31093413471565     
   108.07160078825652     
   114.37871206612894     
   120.28160104483386     
   125.82423384058113     
   131.04579371275122     
   135.98120154378489     
   140.66157963869921     
   145.11466502645487     
   149.36517776868462     
   153.43514917927277     
   157.34421432254163     
   161.10987268093041     
   164.74772045849468     
   168.27165760850539     
   171.69407233674457     
   175.02600553222172     
   178.27729730991769     
   181.45671761220851     
   184.57208260362887     
   187.63035840476297     
   190.63775354276885     
   193.59980134610049     
   196.52143337738687     
   199.40704487937387     
   202.26055310274958     
   205.08544929013615     
   207.88484500628854     
   210.66151342946662     
   213.41792615204398     
   216.15628597879615     
   218.87855615817676     
   221.58648643453827     
   224.28163626705447     
   226.96539552349282     
   229.63900292346813     
   232.30356247593789     
   234.96005812907870     
   237.60936682695711     
   240.25227014626404     
   242.88946466753674     
   245.52157121849771     
   248.14914311217117     
   250.77267348909783     
   253.39260186107953     
