   2.5000000000000000        5.0000000000000003E-002  log
  -432103.84375354060     
  -423979.91822571092     
  -415308.41588604578     
  -406199.48261634918     
  -396276.64112139330     
  -385825.70414794830     
  -374411.24113233597     
  -362046.93678933015     
  -348888.17816970701     
  -336865.24200823810     
  -325709.33451657632     
  -312936.36540487997     
  -298437.54613674135     
  -282273.29898712505     
  -265226.24889550923     
  -248019.10766507755     
  -229127.07189880603     
  -209362.37129513759     
  -190263.18291883604     
  -173239.67422602375     
  -158066.11691480080     
  -144541.33082371953     
  -130824.30471857295     
  -116551.54955316156     
  -103829.51673612017     
  -92489.571689070945     
  -82381.420268886606     
  -73371.113743833150     
  -65339.270108668643     
  -58179.488346216036     
  -51796.935215938596     
  -46107.086576544869     
  -41034.606812667989     
  -36512.350984069366     
  -32480.475599999561     
  -28885.645659005295     
  -25680.327363525823     
  -22822.157337699366     
  -20273.380225639070     
  -18000.347376295522     
  -15973.070047051917     
  -14164.821226669437     
  -12551.780796061461     
  -11112.719310020539     
  -9828.7161932807685     
  -8682.9086019908282     
  -7660.2676105231521     
  -6747.3987480297246     
  -5932.3642338138789     
  -5204.5245496959469     
  -4554.3972450008632     
  -3973.5310990778285     
  -3454.3939704834415     
  -2990.2728438815375     
  -2575.1847477869228     
  -2203.7973606839050     
  -1871.3582517190987     
  -1573.6318168219866     
  -1306.8430732768477     
  -1067.6275668179544     
  -852.98672645917168     
  -660.24807457898396     
  -487.02976422431487     
  -331.20897302796311     
  -190.89373431825175     
  -64.397831615580472     
   49.781576635154522     
   152.98389901496043     
   246.40288439114588     
   331.10246233551067     
   408.03086089880463     
   478.03318908021259     
   541.86265095706779     
   600.19054028219284     
   653.61514817322234     
   702.66970209518979     
   747.82944148315516     
   789.51792389510581     
   828.11264537475188     
   863.95004960364486     
   897.32999231152303     
   928.51972018528829     
   957.75741707462612     
   985.25536455050997     
   1011.2027587554713     
   1035.7682209236805     
   1059.1020348840350     
   1081.3381412366571     
   1102.5959146643861     
   1122.9817479631699     
   1142.5904638105244     
   1161.5065730054043     
   1179.8053958755995     
   1197.5540617330710     
   1214.8123996394111     
   1231.6337323013604     
   1248.0655836309038     
   1264.1503093588472     
   1279.9256590697396     
   1295.4252771160147     
   1310.6791490581732     
