   2.5000000000000000        5.0000000000000003E-002  log
  -398038.43241774151     
  -389914.50688991189     
  -381243.00455024670     
  -372134.07128055015     
  -362211.22978559427     
  -351760.29281214922     
  -340345.82979653688     
  -327981.52545353113     
  -314822.76683390792     
  -302799.83067243901     
  -291643.92318077723     
  -278870.95406908088     
  -264372.13480094227     
  -248207.88765132599     
  -231160.83755971014     
  -213953.69632927849     
  -195061.66056300694     
  -175296.95995933851     
  -156197.77158303699     
  -139174.26289022467     
  -124000.70557900172     
  -110475.91948792046     
  -98420.603288377490     
  -87674.955530099920     
  -78096.554400053312     
  -69558.467944673423     
  -61947.569524320752     
  -55163.035979612847     
  -49115.008502742341     
  -43723.398653942408     
  -38916.824301977933     
  -34631.662128722783     
  -30811.204397063961     
  -27404.908280732077     
  -24367.726938627740     
  -21659.512897179517     
  -19244.485755423022     
  -17090.757363239245     
  -15169.908419511732     
  -13456.611040763652     
  -11928.292376283265     
  -10564.834835449241     
  -9348.3089515008069     
  -8262.7353286421530     
  -7293.8725030707456     
  -6429.0278934166236     
  -5656.8893244009996     
  -4967.3748824110135     
  -4351.4991064934529     
  -3801.2537362096746     
  -3309.5014318147728     
  -2869.8810549744812     
  -2476.7232520707857     
  -2124.9752191644407     
  -1810.1336497352579     
  -1528.1849750557303     
  -1275.5521039321072     
  -1049.0469548681485     
  -845.82815062517318     
  -663.36331369471225     
  -499.39546228113704     
  -351.91306082468020     
  -219.12332760485089     
  -99.428445195611417     
   8.5956419283781500     
   106.21812399858200     
   194.57016753522629     
   274.65992539580259     
   347.38591447327406     
   413.54893856533801     
   473.86271462972826     
   528.96334343397643     
   579.41775027287702     
   625.73120775956068     
   668.35404051516139     
   707.68760072589441     
   744.08959386085598     
   777.87882522060579     
   809.33943030115006     
   838.72464510831423     
   866.26016645278628     
   892.14714681529290     
   916.56486352226113     
   939.67309765054836     
   961.61425422805200     
   982.51525186412903     
   1002.4892068841890     
   1021.6369343160026     
   1040.0482856449746     
   1057.8033410896430     
   1074.9734722182216     
   1091.6222890065001     
   1107.8064839040144     
   1123.5765841087562     
   1138.9776220326678     
   1154.0497328546082     
   1168.8286870899658     
   1183.3463652438033     
   1197.6311808459004     
   1211.7084574811170     
   1225.6007648180494     
