   2.5000000000000000        5.0000000000000003E-002  log
  -125515.14173134894     
  -117391.21620351929     
  -108719.71386385414     
  -99610.780594157550     
  -89687.939099201671     
  -79926.415945109169     
  -71225.857528627530     
  -63470.886015793731     
  -56558.670863202417     
  -50397.564204749309     
  -44905.884640107732     
  -40010.833309056252     
  -35647.527881878377     
  -31758.141647289383     
  -28291.136261122665     
  -25200.577954449960     
  -22445.528108087521     
  -19989.500096090807     
  -17799.975194314509     
  -15847.971148604936     
  -14107.657705105596     
  -12556.014025218577     
  -11172.523443967615     
  -9938.9014914987110     
  -8838.8534963376696     
  -7857.8584381599212     
  -6982.9760270323022     
  -6202.6742817363483     
  -5506.6752407703943     
  -4885.8169682950738     
  -4331.9306462391414     
  -3837.7318811363220     
  -3396.7250553301578     
  -3003.1189411225814     
  -2651.7516016238806     
  -2338.0230215568708     
  -2057.8345055101909     
  -1807.5342531606318     
  -1583.8686366367247     
  -1383.9387023500033     
  -1205.1614043930613     
  -1045.2350844295452     
  -902.10874206139499     
  -773.95467953469199     
  -659.14414720292586     
  -556.22565702010104     
  -463.90566867806700     
  -381.03138638035904     
  -306.57543380433845     
  -239.62220090410457     
  -179.35567925114128     
  -125.04862297716684     
  -76.052890409820719     
  -31.790837466990553     
   8.2523519505448082     
   44.535500740866965     
   77.467529542424899     
   107.41288487187779     
   134.69637664340851     
   159.60748937664974     
   182.40422438679650     
   203.31652400511859     
   222.54932331583561     
   240.28526994079601     
   256.68714798973758     
   271.90003836172775     
   286.05324407992924     
   299.26200622019371     
   311.62903321242732     
   323.24586381505287     
   334.19408185416540     
   344.54639885069793     
   354.36761890487958     
   363.71549864412782     
   372.64151364747994     
   381.19154151820851     
   389.40647066987958     
   397.32274290509491     
   404.97283698741074     
   412.38569962376903     
   419.58712957681428     
   426.60012000442350     
   433.44516356939670     
   440.14052436817201     
   446.70248028708698     
   453.14553900225866     
   459.48263048939049     
   465.72527859808895     
   471.88375396745323     
   477.96721031209387     
   483.98380588706073     
   489.94081174348366     
   495.84470821144220     
   501.70127089035651     
   507.51564728795938     
   513.29242512481540     
   519.03569321076009     
   524.74909570106036     
   530.43588045225044     
   536.09894211930259     
   541.74086056600845     
