   2.5000000000000000        5.0000000000000003E-002  log
  -91049.871628042049     
  -83185.878756761362     
  -74463.181407646407     
  -66359.413665992688     
  -59136.422784040937     
  -52698.425528517859     
  -46960.055203474585     
  -41845.228883917982     
  -37286.137815122485     
  -33222.347583840623     
  -29599.996127440558     
  -26371.078944010293     
  -23492.812020394864     
  -20927.064026164931     
  -18639.850246353908     
  -16600.881554435618     
  -14783.162463743654     
  -13162.632944021840     
  -11717.849257929023     
  -10429.699572762413     
  -9281.1505490315176     
  -8257.0215096398770     
  -7343.7831555732873     
  -6529.3781178366853     
  -5803.0609257589122     
  -5155.2552390978635     
  -4577.4264459175638     
  -4061.9679708706285     
  -3602.0998602655527     
  -3191.7784024128582     
  -2825.6156991687958     
  -2498.8082151979565     
  -2207.0733807336051     
  -1946.5933282062153     
  -1713.9648609892099     
  -1506.1548334145289     
  -1320.4602577886712     
  -1154.4725973744942     
  -1006.0458134625816     
  -873.26780128752341     
  -754.43488681262920     
  -648.02908053176191     
  -552.69780554594956     
  -467.23583905690884     
  -390.56922933077738     
  -321.74097318013776     
  -259.89826112355485     
  -204.28111797878904     
  -154.21228543397169     
  -109.08821005894941     
  -68.371015338987362     
  -31.581349771552556     
   1.7079849768208046     
   31.877711242706031     
   59.267133834632219     
   84.178647401019816     
   106.88175286925636     
   127.61663652507946     
   146.59735943137582     
   164.01469966493019     
   180.03868520514217     
   194.82085117551918     
   208.49625145966939     
   221.18525143799727     
   232.99512567459050     
   244.02148178620644     
   254.34952941163570     
   264.05521113879803     
   273.20621041096354     
   281.86284979782073     
   290.07889155980672     
   297.90225113565373     
   305.37563302613688     
   312.53709751607624     
   319.42056575799205     
   326.05626992219283     
   332.47115438857873     
   338.68923330535853     
   344.73190926054684     
   350.61825729582927     
   356.36527803228427     
   361.98812326741580     
   367.50029703752915     
   372.91383481381956     
   378.23946321030786     
   383.48674232309611     
   388.66419258989418     
   393.77940785332049     
   398.83915612837978     
   403.84946941133916     
   408.81572372178738     
   413.74271044004871     
   418.63469988660330     
   423.49549798721216     
   428.32849677569033     
   433.13671940449200     
   437.92286026039096     
   442.68932071758093     
   447.43824100263168     
   452.17152859413682     
   456.89088353390923     
