   2.5000000000000000        5.0000000000000003E-002  log
  -306797.47675476951     
  -298933.48388348881     
  -290210.78653437388     
  -281121.94035532331     
  -271388.07075004413     
  -261041.19129861798     
  -249999.64159091195     
  -238068.79299295400     
  -224989.88690090223     
  -211621.90606577217     
  -199706.87300015631     
  -187516.87774263130     
  -173376.16219933782     
  -157550.99969844095     
  -140644.34025220407     
  -125323.43940494972     
  -111667.59111116001     
  -99495.723124003111     
  -88646.454420816357     
  -78975.953932074292     
  -70356.032181464878     
  -62672.440480670142     
  -55823.355072735656     
  -49718.026070195134     
  -44275.573221465813     
  -39423.912497022327     
  -35098.799248214433     
  -31242.975277209658     
  -27805.408575196834     
  -24740.615744846713     
  -22008.058231189418     
  -19571.604443017222     
  -17399.050651377285     
  -15461.694229381690     
  -13733.953415316104     
  -12193.028396571543     
  -10818.599124999635     
  -9592.5558422056747     
  -8498.7587809480938     
  -7522.8239127792149     
  -6651.9319499801941     
  -5874.6581019227433     
  -5180.8203459138667     
  -4561.3442073081587     
  -4008.1422562805983     
  -3514.0067207154402     
  -3072.5137874598227     
  -2677.9383190829985     
  -2325.1778517611315     
  -2009.6848635000918     
  -1727.4064121025315     
  -1474.7303404786862     
  -1248.4373343764798     
  -1045.6581955274992     
  -863.83576261444000     
  -700.69097429478973     
  -554.19262359567347     
  -422.53040206559723     
  -304.09087578845924     
  -197.43607431924804     
  -101.28440831034865     
  -14.493662526038440     
   63.954161496692919     
   134.96635432296227     
   199.35153832597322     
   257.83039801531578     
   311.04524339692324     
   359.56853328356624     
   403.91047166971146     
   444.52577798144512     
   481.81972104746575     
   516.15349686522859     
   547.84902152736981     
   577.19320291189342     
   604.44174782219739     
   629.82255509799916     
   653.53873972374777     
   675.77132806422776     
   696.68165999277494     
   716.41352978789780     
   735.09509420749635     
   752.84057306029592     
   769.75176484054225     
   785.91939753790155     
   801.42433254730634     
   816.33863765414208     
   830.72654333283276     
   844.64529504848190     
   858.14591287121391     
   871.27386848293565     
   884.06968856006210     
   896.56949253878986     
   908.80547189878507     
   920.80631732512711     
   932.59759941671882     
   944.20210799295546     
   955.64015450106535     
   966.92984153690020     
   978.08730305556151     
   989.12691845932557     
   1000.0615034036871     
