   2.5000000000000000        5.0000000000000003E-002  log
  -786.17450695125592     
  -700.06614581356268     
  -623.25950744099862     
  -554.74318402820541     
  -493.61587366947356     
  -439.07445205984999     
  -390.40333447254392     
  -346.96497820518556     
  -308.19139627668949     
  -273.57657277269465     
  -242.66968540534717     
  -215.06905032611456     
  -190.41671063690819     
  -168.39359834863646     
  -148.71521286754603     
  -131.12777534256281     
  -115.40483089987512     
  -101.34427398140240     
  -88.765765015085805     
  -77.508494507754037     
  -67.429240183084246     
  -58.400657756928830     
  -50.309745206098476     
  -43.056420815055382     
  -36.552157418049099     
  -30.718625669811260     
  -25.486324756574618     
  -20.793217560029159     
  -16.583427163118760     
  -12.806081609676912     
  -9.4144067903516753     
  -6.3651491760817374     
  -3.6183446258180543     
  -1.1373518140597751     
   1.1110044484865909     
   3.1563350623716282     
   5.0247245418357664     
   6.7389171542131372     
   8.3186118320099336     
   9.7808110196744753     
   11.140177032480727     
   12.409366095333953     
   13.599325408104654     
   14.719549041123864     
   15.778294377712951     
   16.782763515605911     
   17.739254824016868     
   18.653289662278095     
   19.529718664813263     
   20.372811288444684     
   21.186331644467369     
   21.973603054779648     
   22.737563290278612     
   23.480812063135048     
   24.205652038149712     
   24.914124386992082     
   25.608039719123660     
   26.289005073301155     
   26.958447534720328     
   27.617634948069725     
   28.267694120607260     
   28.909626847717256     
   29.544324043097671     
   30.172578214357767     
   30.795094490531142     
   31.412500379406808     
   32.025354408553241     
   32.634153783599523     
   33.239341180071158     
   33.841310770323624     
   34.440413574450098     
   35.036962213119232     
   35.631235130849312     
   36.223480350020154     
   36.813918808779214     
   37.402747329759805     
   37.990141261069603     
   38.576256826219250     
   39.161233215454210     
   39.745194447250483     
   40.328251025472447     
   40.910501414811662     
   41.492033354582396     
   42.072925028700425     
   42.653246107681113     
   43.233058676729698     
   43.812418062433899     
   44.391373569182967     
   44.969969135207258     
   45.548243917040502     
   46.126232810237141     
   46.703966913315114     
   47.281473941128745     
   47.858778593195119     
   48.435902881891977     
   49.012866424906065     
   49.589686705831760     
   50.166379306393125     
   50.742958113382869     
   51.319435503073805     
   51.895822505557284     
