   2.5000000000000000        5.0000000000000003E-002  log
  -362564.53999857110     
  -354952.46206846612     
  -346454.08791958337     
  -337341.20638983452     
  -327666.82595676184     
  -317449.07519219472     
  -306677.79255440284     
  -294977.36324442847     
  -282302.08908714476     
  -268496.64147461404     
  -255335.37684020461     
  -243249.06423803413     
  -229606.30167205559     
  -214161.89908005841     
  -196880.42193336750     
  -179147.14609141127     
  -160690.46843831096     
  -143183.38306663081     
  -127578.94488364100     
  -113670.24385542901     
  -101272.87127366474     
  -90222.472795064561     
  -80372.567583435433     
  -71592.604611067916     
  -63766.230297726688     
  -56789.744462463888     
  -50570.724088432718     
  -45026.796675141450     
  -40084.546976938866     
  -35678.542704153362     
  -31750.466313651599     
  -28248.341372683750     
  -25125.843183801782     
  -22341.684446273015     
  -19859.067725365785     
  -17645.197412748839     
  -15670.844684883141     
  -13909.959697230412     
  -12339.325893192252     
  -10938.251867811314     
  -9688.2967198932583     
  -8573.0252636163332     
  -7577.7898605194041     
  -6689.5359812558600     
  -5896.6289183423323     
  -5188.6993500846766     
  -4556.5057051944113     
  -3991.8115002683921     
  -3487.2760209999819     
  -3036.3568952037058     
  -2633.2232637307561     
  -2272.6783961802448     
  -1950.0907238183322     
  -1661.3323739622329     
  -1402.7243897522021     
  -1170.9879080470621     
  -963.20064731983041     
  -776.75812795353784     
  -609.33911018256765     
  -458.87479092868284     
  -323.52135068881375     
  -201.63548610783235     
  -91.752603505591395     
   7.4326160494139826     
   97.083538047686432     
   178.23701210080739     
   251.81713062844435     
   318.64749125805304     
   379.46212566626866     
   434.91523989238397     
   485.58989538084938     
   532.00574595195746     
   574.62593337112651     
   613.86323302114533     
   650.08553123014929     
   683.62070693884732     
   714.76098248590063     
   743.76680124542122     
   770.87028357182373     
   796.27830691137410     
   820.17525095248493     
   842.72544424189584     
   864.07534473237445     
   884.35548319689735     
   903.68219529756743     
   922.15916529303013     
   939.87880186865573     
   956.92346434608339     
   973.36655554331230     
   989.27349578703297     
   1004.7025910018333     
   1019.7058063953597     
   1034.3294560058184     
   1048.6148172617327     
   1062.5986787088252     
   1076.3138281720528     
   1089.7894878304280     
   1103.0517019778224     
   1116.1236826151160     
   1129.0261174594982     
   1141.7774444580275     
