   2.5000000000000000        5.0000000000000003E-002  log
  -305788.85443890601     
  -298176.77650880103     
  -289678.40235991823     
  -280565.52083016938     
  -270891.14039709669     
  -260673.38963252958     
  -249902.10699473775     
  -238201.67768476336     
  -225526.40352747965     
  -211720.95591494889     
  -198559.69128053950     
  -186473.37867836902     
  -172830.61611239047     
  -157386.21352039330     
  -140621.42153941366     
  -125302.99176860109     
  -111649.34926892119     
  -99479.451104310618     
  -88631.942529097490     
  -78963.015978933108     
  -70344.502880684726     
  -62662.172964324134     
  -55814.218520970287     
  -49709.903489539873     
  -44268.359416154934     
  -39417.512272023348     
  -35093.125878076717     
  -31237.949279436325     
  -27800.956831545911     
  -24736.670997714213     
  -22004.558927121834     
  -19568.494810728163     
  -17396.280834336023     
  -15459.220295162959     
  -13731.737140712112     
  -12191.036830096153     
  -10816.804000517788     
  -9590.9329376868282     
  -8497.2872985411432     
  -7521.4859250797745     
  -6650.7119296281180     
  -5873.5425336899616     
  -5179.7974115353682     
  -4560.4035304803438     
  -4007.2746956772535     
  -3513.2042006475290     
  -3071.7691578805270     
  -2677.2452385344041     
  -2324.5306884120205     
  -2009.0786106259343     
  -1726.8366152587319     
  -1474.1930342804476     
  -1247.9289872823269     
  -1045.1756613766067     
  -863.37623792702334     
  -700.25196053679133     
  -553.77189375310206     
  -422.12597098379558     
  -303.70097381688214     
  -197.05912386976337     
  -100.91900299134329     
  -14.138548559047885     
   64.300101834150269     
   135.30411745349448     
   199.68201252591405     
   258.15437514143281     
   311.36342934193431     
   359.88155729874410     
   404.21889467754795     
   444.83009998783513     
   482.12038775091668     
   516.45090554999297     
   548.14352631797362     
   577.48511945814539     
   604.73135747629544     
   630.11010863869353     
   653.82446067658339     
   676.05541566159627     
   696.96429181278393     
   716.69486410684851     
   735.37527209700534     
   753.11972025673856     
   770.02999341150371     
   786.19680736765133     
   801.70101266092695     
   816.61466739782031     
   831.00199342592316     
   844.92022852126183     
   858.42038590074037     
   871.54793113806909     
   884.34338546552181     
   896.84286346703595     
   909.07855229756660     
   921.07913878768704     
   932.87019010088511     
   944.47449299467360     
   955.91235618732321     
   967.20187984245786     
   978.35919574742070     
   989.39868137244503     
   1000.3331506510698     
