   2.5000000000000000        5.0000000000000003E-002  log
  -476115.91111790133     
  -468503.83318779635     
  -460005.45903891360     
  -450892.57750916475     
  -441218.19707609207     
  -431000.44631152495     
  -420229.16367373313     
  -408528.73436375870     
  -395853.46020647499     
  -382048.01259394427     
  -368886.74795953487     
  -356800.43535736436     
  -343157.67279138585     
  -327713.27019938867     
  -310431.79305269773     
  -292698.51721074153     
  -273991.78794924542     
  -254150.56607649103     
  -233505.84080170273     
  -214247.79373949536     
  -197082.65498405023     
  -181782.82392787418     
  -168145.45144246402     
  -152973.49120596307     
  -136371.65656471695     
  -121488.77906052374     
  -108222.86668934459     
  -96398.077167707088     
  -85857.690218191317     
  -76462.027863410549     
  -68086.601021402981     
  -60620.457813360132     
  -53964.711620207345     
  -48031.229279252118     
  -42741.461937343396     
  -38025.402995315228     
  -33820.659299138271     
  -30071.623263612193     
  -26728.734968044406     
  -23747.824459515028     
  -21089.525558932099     
  -18718.753406916894     
  -16604.238825954737     
  -14718.113324424326     
  -13035.539237067502     
  -11534.380093687187     
  -10194.906840852505     
  -8999.5360168622447     
  -7932.5964042328969     
  -6980.1210620074762     
  -6129.6619771543274     
  -5370.1248746666970     
  -4691.6219936480848     
  -4085.3408752197211     
  -3543.4274206799223     
  -3058.8816678040421     
  -2625.4649020160664     
  -2237.6168696328205     
  -1890.3819944792692     
  -1579.3436186809224     
  -1300.5653949449477     
  -1050.5390525605196     
  -826.13784394213781     
  -624.57505393082772     
  -443.36702125860717     
  -280.30018146360186     
  -133.40169391190500     
 -0.91326314625388127     
   118.73219282767380     
   226.93133692632182     
   324.92894598242549     
   413.83442827686378     
   494.63654479132100     
   568.21652952818465     
   635.35978299978365     
   696.76629405517406     
   753.05992833791993     
   804.79670662875435     
   852.47218292303319     
   896.52802014664803     
   937.35785076698778     
   975.31250006636162     
   1010.7046413880727     
   1043.8129451278444     
   1074.8857765255275     
   1104.1444913247969     
   1131.7863730324468     
   1157.9872507530970     
   1182.9038323365155     
   1206.6757837971077     
   1229.4275825982902     
   1251.2701693937679     
   1272.3024201433736     
   1292.6124581375907     
   1312.2788233405611     
   1331.3715145680762     
   1349.9529183296390     
   1368.0786366597831     
   1385.7982249234826     
   1403.1558493858895     
   1420.1908732719601     
