   2.5000000000000000        5.0000000000000003E-002  log
  -544246.73378949950     
  -536634.65585939446     
  -528136.28171051177     
  -519023.40018076287     
  -509349.01974769018     
  -499131.26898312307     
  -488359.98634533124     
  -476659.55703535688     
  -463984.28287807317     
  -450178.83526554238     
  -437017.57063113298     
  -424931.25802896253     
  -411288.49546298396     
  -395844.09287098679     
  -378562.61572429590     
  -360829.33988233964     
  -342122.61062084360     
  -322281.38874808920     
  -301636.66347330087     
  -282378.61641109351     
  -265213.47765564837     
  -249913.64659947233     
  -236276.27411406217     
  -221104.31387756122     
  -203199.78126052028     
  -183041.00984720443     
  -163130.39318978688     
  -145327.78481059943     
  -129459.47339332216     
  -115315.10555536665     
  -102707.20269358219     
  -91468.673459308047     
  -81450.596878297452     
  -72520.246621871804     
  -64559.330135860597     
  -57462.419210279390     
  -51135.551147226659     
  -45494.981975909504     
  -40466.075195580313     
  -35982.311327819953     
  -31984.405157968413     
  -28419.518967510219     
  -25240.561326570529     
  -22405.562146268639     
  -19877.115699559770     
  -17621.884219388987     
  -15610.155485992553     
  -13815.448531309527     
  -12214.162226966258     
  -10785.262091485592     
  -9510.0011597169832     
  -8371.6712096684550     
  -7355.3810449262901     
  -6447.8588900131126     
  -5637.2762761252943     
  -4913.0910799563389     
  -4265.9076325430142     
  -3687.3520416428905     
  -3169.9610730754280     
  -2707.0831164162119     
  -2292.7899208156045     
  -1921.7979296491071     
  -1589.3981700952008     
  -1291.3937672689717     
  -1024.0442537237755     
  -784.01593531195283     
  -568.33765476630947     
  -374.36136599361100     
  -199.72699591052009     
  -42.331127548576646     
   99.700911136843999     
   228.03992312514322     
   344.17501294972669     
   449.43334627284264     
   544.99776061701459     
   631.92246093948347     
   711.14700832253527     
   783.50878740282837     
   849.75411797626930     
   910.54815822374212     
   966.48373096831608     
   1018.0891900836679     
   1065.8354314367023     
   1110.1421413957369     
   1151.3833658184885     
   1189.8924734172108     
   1225.9665793620263     
   1259.8704878211522     
   1291.8402057532578     
   1322.0860745779505     
   1350.7955612798357     
   1378.1357459824706     
   1404.2555390008599     
   1429.2876567914732     
   1453.3503830194718     
   1476.5491381114659     
   1498.9778781208302     
   1520.7203414676912     
   1541.8511600970778     
   1562.4368497996415     
   1582.5366928359065     
