   2.5000000000000000        5.0000000000000003E-002  log
  -532891.59667756641     
  -525279.51874746149     
  -516781.14459857874     
  -507668.26306882984     
  -497993.88263575715     
  -487776.13187119004     
  -477004.84923339821     
  -465304.41992342385     
  -452629.14576614014     
  -438823.69815360935     
  -425662.43351919996     
  -413576.12091702950     
  -399933.35835105093     
  -384488.95575905376     
  -367207.47861236287     
  -349474.20277040661     
  -330767.47350891057     
  -310926.25163615617     
  -290281.52636136784     
  -271023.47929916048     
  -253858.34054371537     
  -238558.50948753930     
  -224921.13700212914     
  -209749.17676562819     
  -191844.64414858725     
  -171685.87273527143     
  -152955.82407720908     
  -136260.96146131583     
  -121379.96079528426     
  -108115.56589110215     
  -96291.971032571586     
  -85752.488342479395     
  -76357.468950266208     
  -67982.450298363299     
  -60516.504926354406     
  -53860.768770972958     
  -47927.129436237788     
  -42637.057038430896     
  -37920.562136801665     
  -33715.266949512865     
  -29965.577552868552     
  -26621.946094887928     
  -23640.213242331494     
  -20981.022140195502     
  -18609.296108579569     
  -16493.773145881172     
  -14606.591060243361     
  -12922.917722712717     
  -11420.621534316981     
  -10079.977733036614     
  -8883.4066424163593     
  -7815.2403876089857     
  -6861.5149825695225     
  -6009.7850289315829     
  -5248.9585672669573     
  -4569.1498889409395     
  -3961.5483551823331     
  -3418.3014824561969     
  -2932.4107425816924     
  -2497.6386947925939     
  -2108.4262173356715     
  -1759.8187402398930     
  -1447.4005003472739     
  -1167.2359461605965     
  -915.81751494765592     
  -690.01908910603333     
  -487.05451415921448     
  -304.44062792471595     
  -139.96431025934021     
   8.3468838596115198     
   142.25089760723503     
   263.31449924845680     
   372.93407227980822     
   472.35414465243861     
   562.68390295132951     
   644.91191066654278     
   719.91922586116084     
   788.49109230109343     
   851.32735918227672     
   909.05176771977597     
   962.22022782701947     
   1011.3281947123377     
   1056.8172432762815     
   1099.0809275483991     
   1138.4700029149635     
   1175.2970804337037     
   1209.8407749956750     
   1242.3494023780190     
   1273.0442742453913     
   1302.1226348228231     
   1329.7602782079668     
   1356.1138810529321     
   1381.3230815690363     
   1405.5123324416393     
   1428.7925522421478     
   1451.2625972504545     
   1473.0105732180136     
   1494.1150044778767     
   1514.6458759150760     
   1534.6655616236803     
   1554.2296525732504     
