   2.5000000000000000        5.0000000000000003E-002  log
  -124106.66064797759     
  -116494.58271787262     
  -107996.20856898985     
  -98883.327039240990     
  -89208.946606168320     
  -79499.234380527516     
  -70844.852525051363     
  -63131.036058433747     
  -56255.500769418322     
  -50127.085900547056     
  -44664.544437527235     
  -39795.464954869647     
  -35455.310707101649     
  -31586.563210981589     
  -28137.958960219406     
  -25063.809161287256     
  -22323.393481255454     
  -19880.419765660066     
  -17702.542538725244     
  -15760.933868925087     
  -14029.900888746464     
  -12486.544896930511     
  -11110.457530943142     
  -9883.4499734962119     
  -8789.3115698032452     
  -7813.5946151700582     
  -6943.4224459417337     
  -6167.3183235339193     
  -5475.0529166050483     
  -4857.5084408888442     
  -4306.5577090249953     
  -3814.9564899316429     
  -3376.2477028621324     
  -2984.6760978700395     
  -2635.1122138207661     
  -2322.9845535602376     
  -2044.2190591140716     
  -1795.1850943520194     
  -1572.6472432015539     
  -1373.7223109439976     
  -1195.8409804667053     
  -1036.7136301504024     
  -894.29986889984593     
  -766.78138841055988     
  -652.53777374405638     
  -550.12495083156080     
  -458.25598370377838     
  -375.78396514830274     
  -301.68677228946268     
  -235.05348348231507     
  -175.07227515535493     
  -121.01963707449188     
  -72.250762176023414     
  -28.190982855789674     
   11.671860386246976     
   47.794219573546833     
   80.582899676626823     
   110.40045947165331     
   137.57002467165549     
   162.37957733100370     
   185.08577854459810     
   205.91737524731886     
   225.07823638272404     
   242.75005877810517     
   259.09477866947680     
   274.25672090588336     
   288.36451437507355     
   301.53279908542942     
   313.86374757048964     
   325.44842081549365     
   336.36797670716169     
   346.69474704910658     
   356.49319743973268     
   365.82078275396657     
   374.72870958397266     
   383.26261575868824     
   391.46317596112789     
   399.36664148132354     
   407.00532126843081     
   414.40801066632901     
   421.60037352261395     
   428.60528274200038     
   435.44312380359696     
   442.13206526995901     
   448.68829987774063     
   455.12625940933344     
   461.45880619691593     
   467.69740380021989     
   473.85226912293473     
   479.93250798634585     
   485.94623595926799     
   491.90068604767970     
   497.80230467308564     
   503.65683721322296     
   509.46940424021733     
   515.24456946784835     
   520.98640030956369     
   526.69852185082721     
   532.38416495199283     
   538.04620912001121     
   543.68722071785953     
