   2.5000000000000000        5.0000000000000003E-002  log
  -703218.65335656179     
  -695606.57542645687     
  -687108.20127757406     
  -677995.31974782527     
  -668320.93931475258     
  -658103.18855018541     
  -647331.90591239359     
  -635631.47660241916     
  -622956.20244513545     
  -609150.75483260478     
  -595989.49019819533     
  -583903.17759602482     
  -570260.41503004625     
  -554816.01243804919     
  -537534.53529135825     
  -519801.25944940199     
  -501094.53018790594     
  -481253.30831515155     
  -460608.58304036321     
  -441350.53597815585     
  -424185.39722271072     
  -408885.56616653467     
  -395248.19368112448     
  -380076.23344462353     
  -362171.70082758262     
  -342012.92941426678     
  -319919.74232473830     
  -296689.95371631120     
  -272997.26252685545     
  -251879.18977315858     
  -233055.74675947905     
  -216277.39243034783     
  -201321.72243297638     
  -187990.51830862346     
  -175778.95822697828     
  -160885.07016955569     
  -144801.86677722924     
  -128955.18473357928     
  -114829.63207413930     
  -102238.03582580569     
  -91013.578233591819     
  -81007.583101536162     
  -72087.542866830787     
  -64135.360231986648     
  -57045.781023869233     
  -50724.997484195250     
  -45089.403456789725     
  -40064.484952205501     
  -35583.831366697050     
  -31588.254233701024     
  -28025.001813065264     
  -24847.059095176588     
  -22012.523930722047     
  -19484.051007112947     
  -17228.356293010991     
  -15215.775374872479     
  -13419.869824621006     
  -11817.076374966135     
  -10386.394246966129     
  -9109.1064807281218     
  -7968.5315713698155     
  -6949.8021145221055     
  -6039.6675240701661     
  -5226.3182042682456     
  -4499.2288430607296     
  -3849.0187471771210     
  -3267.3273657091031     
  -2746.7033504248188     
  -2280.5056807037440     
  -1862.8155410687989     
  -1488.3577819751979     
  -1152.4309216814183     
  -850.84476036413162     
  -579.86477864995754     
  -336.16258276290620     
  -116.77173872201622     
   80.951590466316034     
   259.36372694354947     
   420.56474498171059     
   566.42633770852797     
   698.61665335033740     
   818.62243055527608     
   927.76872651957945     
   1027.2364996976487     
   1118.0782804080982     
   1201.2321372754645     
   1277.5341248339830     
   1347.7293774657333     
   1412.4819968831030     
   1472.3838643565614     
   1527.9624946207302     
   1579.6880356753788     
   1627.9795073645041     
   1673.2103615156886     
   1715.7134374194409     
   1755.7853784047427     
   1793.6905681161006     
   1829.6646387241215     
   1863.9175976214456     
   1896.6366140934094     
   1927.9885029408636     
