   2.5000000000000000        5.0000000000000003E-002  log
  -588267.56921902241     
  -580377.60356365086     
  -571971.38085573178     
  -562435.13769591949     
  -552470.30835558637     
  -541884.11025537166     
  -530683.47186733736     
  -518908.93803307292     
  -506287.32761569397     
  -492785.22832585836     
  -478801.60100499296     
  -466230.72666001820     
  -453602.40688358655     
  -438857.03487448639     
  -422288.28025312937     
  -404079.66982013237     
  -386072.78467392561     
  -366277.62727166485     
  -345561.24355429411     
  -325230.15697890945     
  -307108.63121721818     
  -290956.37935742480     
  -276559.24658261554     
  -262231.41076738696     
  -244960.66955750785     
  -225096.44444773340     
  -203492.28931194544     
  -181296.00266465824     
  -161511.70105809809     
  -143877.08488150776     
  -128158.37810833925     
  -114147.22638625144     
  -101657.93254602936     
  -90524.992846662615     
  -80600.901251115298     
  -71754.192543075624     
  -63867.698240926751     
  -56836.992105678939     
  -50569.004596642415     
  -44980.787907883270     
  -39998.415234986132     
  -35555.999703354275     
  -31594.819968283249     
  -28062.540901766930     
  -24912.519033939850     
  -22103.183535851898     
  -19597.484529348785     
  -17362.401401659063     
  -15368.504597992691     
  -13589.565075099159     
  -12002.206231428874     
  -10585.593693519111     
  -9321.1588408871885     
  -8192.3523996945532     
  -7184.4248346808290     
  -6284.2306246560083     
  -5480.0538239056059     
  -4761.4525943993331     
  -4119.1206453488012     
  -3544.7637404427041     
  -3030.9896312557016     
  -2571.2099496489395     
  -2159.5527448208709     
  -1790.7844864314632     
  -1460.2404803903619     
  -1163.7627646655649     
  -897.64467250983375     
  -658.58137282409075     
  -443.62582826287678     
  -250.14975440857458     
  -75.809287736207281     
   81.484926025289994     
   223.59375937854648     
   352.17272153953940     
   468.69333621771636     
   574.46346615071070     
   670.64640726790049     
   758.27812238709180     
   838.28221755055517     
   911.48274166907856     
   978.61517158472986     
   1040.3359714793578     
   1097.2310246651023     
   1149.8231379069709     
   1198.5787511911794     
   1243.9139475517964     
   1286.1998372070882     
   1325.7673790488566     
   1362.9116954714557     
   1397.8959312300674     
   1430.9547024741441     
   1462.2971779418440     
   1492.1098304144025     
   1520.5588928968700     
   1547.7925506184802     
   1573.9428968371067     
   1599.1276775864669     
   1623.4518479141516     
   1647.0089598107243     
   1669.8823999095814     
   1692.1464931271105     
