   2.5000000000000000        5.0000000000000003E-002  log
  -88641.536293969286     
  -80751.570638597783     
  -72392.845146157124     
  -64513.987699148653     
  -57491.453487173960     
  -51232.121007041038     
  -45652.996392211200     
  -40680.111924782243     
  -36247.544122281644     
  -32296.538383690418     
  -28774.728711227166     
  -25635.442383489251     
  -22837.080560218885     
  -20342.566645476694     
  -18118.854945643914     
  -16136.492876060483     
  -14369.230732414631     
  -12793.673782622815     
  -11388.972078492236     
  -10136.543914785116     
  -9019.8292988938392     
  -8024.0701681021546     
  -7136.1144257551650     
  -6344.2411761421627     
  -5638.0048301417046     
  -5008.0960363289569     
  -4446.2176615899943     
  -3944.9742789961774     
  -3497.7737882878141     
  -3098.7398920335640     
  -2742.6342231221452     
  -2424.7870246307152     
  -2141.0354290628734     
  -1887.6685206439870     
  -1661.3784478811237     
  -1459.2168962450658     
  -1278.5562780350190     
  -1117.0550726683232     
  -972.62684282766622     
  -843.41253447049655     
  -727.75572820219145     
  -624.18054804278711     
  -531.37195982478227     
  -448.15821277142754     
  -373.49519803945043     
  -306.45251821825286     
  -246.20108170783317     
  -192.00205498352918     
  -143.19702354487285     
  -99.199228598766112     
  -59.485761181604595     
  -23.590608531898898     
   8.9015408053165377     
   38.360816294466069     
   65.117083097492440     
   89.464323921167420     
   111.66454356372174     
   131.95124826522499     
   150.53254624828813     
   167.59391075308443     
   183.30064235084791     
   197.80006329908412     
   211.22347312350720     
   223.68789142660395     
   235.29761108691400     
   246.14558248783896     
   256.31464716571855     
   265.87863726358489     
   274.90335539240249     
   283.44744791170973     
   291.56318322506581     
   299.29714542359062     
   306.69085248629727     
   313.78130724382220     
   320.60148841919852     
   327.18078826357839     
   333.54540259569785     
   339.71867842194717     
   345.72142375075168     
   351.57218371309455     
   357.28748665374650     
   362.88206345916711     
   368.36904303280397     
   373.76012651192775     
   379.06574253798959     
   384.29518564103097     
   389.45673957456802     
   394.55778723764678     
   399.60490864275823     
   404.60396822966180     
   409.56019268377435     
   414.47824029177389     
   419.36226275476002     
   424.21596027922294     
   429.04263067686674     
   433.84521312483031     
   438.62632716699090     
   443.38830747388562     
   448.13323482250257     
   452.86296370703155     
   457.57914694695830     
