   2.5000000000000000        5.0000000000000003E-002  log
  -690463.80322641961     
  -682573.83757104806     
  -674167.61486312910     
  -664631.37170331669     
  -654666.54236298369     
  -644080.34426276886     
  -632879.70587473456     
  -621105.17204047006     
  -608483.56162309111     
  -594981.46233325556     
  -580997.83501239016     
  -568426.96066741541     
  -555798.64089098375     
  -541053.26888188359     
  -524484.51426052663     
  -506275.90382752958     
  -488269.01868132286     
  -468473.86127906205     
  -447757.47756169131     
  -427426.39098630665     
  -409304.86522461538     
  -393152.61336482200     
  -378755.48059001274     
  -364427.64477478416     
  -347156.90356490505     
  -327292.67845513060     
  -305688.52331934264     
  -282617.61602422304     
  -258373.16904479460     
  -236374.53059433412     
  -216766.25967355791     
  -199288.40505399898     
  -183709.28380219045     
  -169822.40732159154     
  -157443.74178422565     
  -142909.17952887522     
  -127887.83846177606     
  -113882.02828044031     
  -101397.19104228260     
  -90267.919495742870     
  -80346.794778133408     
  -71502.430148976913     
  -63617.727446655234     
  -56588.323150322656     
  -50321.203436185824     
  -44733.469853854804     
  -39751.239243796233     
  -35308.663296655024     
  -31347.054742264179     
  -27814.108571095847     
  -24663.207952192999     
  -21852.805635831090     
  -19345.872631127630     
  -17109.406841806784     
  -15113.995139174347     
  -13333.423060623802     
  -11744.326954074204     
  -10325.883951974982     
  -9059.5356602808752     
  -7928.7418946880834     
  -6918.7611944963346     
  -6016.4551995337870     
  -5210.1142931662089     
  -4489.3021992146168     
  -3844.7174758958172     
  -3268.0700774387092     
  -2751.9713548378081     
  -2289.8360427288435     
  -1875.7949322628892     
  -1504.6170639902152     
  -1171.6403945916484     
  -872.71000082706382     
  -604.12298582367100     
  -362.57934717363770     
  -145.13815189235964     
   50.821561288238151     
   227.63566593962437     
   387.38607243504458     
   531.92849031150240     
   662.91717077084490     
   781.82692149487195     
   889.97264746916790     
   988.52665147147286     
   1078.5339292193148     
   1160.9257109967632     
   1236.5315160726016     
   1306.0899742955016     
   1370.2586176958387     
   1429.6227670776468     
   1484.7035685790095     
   1535.9652015552017     
   1583.8212842885378     
   1628.6405286735692     
   1670.7517175577711     
   1710.4480881560858     
   1747.9912023311738     
   1783.6143748666052     
   1817.5257192351955     
   1849.9108597283910     
   1880.9353502177107     
   1910.7468332512922     
