   2.5000000000000000        5.0000000000000003E-002  log
  -554202.15788322326     
  -546312.19222785172     
  -537905.96951993275     
  -528369.72636012034     
  -518404.89701978734     
  -507818.69891957263     
  -496618.06053153827     
  -484843.52669727383     
  -472221.91627989488     
  -458719.81699005933     
  -444736.18966919387     
  -432165.31532421912     
  -419536.99554778752     
  -404791.62353868730     
  -388222.86891733028     
  -370014.25848433329     
  -352007.37333812658     
  -332212.21593586577     
  -311495.83221849502     
  -291164.74564311036     
  -273043.21988141909     
  -256890.96802162571     
  -242493.83524681645     
  -228165.99943158787     
  -210895.25822170876     
  -191031.03311193432     
  -170585.81999248522     
  -151971.29073239901     
  -135379.32765883746     
  -120589.98009611091     
  -107407.21554577927     
  -95656.318610336079     
  -85181.572870620585     
  -75844.194957234140     
  -67520.493389407158     
  -60100.227696441405     
  -53485.145971159756     
  -47587.681389288176     
  -42329.790379318634     
  -37641.917044446825     
  -33462.070131832537     
  -29735.000338417532     
  -26411.467065110533     
  -23447.584907327338     
  -20804.241219129246     
  -18446.577025455808     
  -16343.524394228494     
  -14467.394127727755     
  -12793.508299830128     
  -11299.872760791861     
  -9966.8852618741457     
  -8777.0753250976613     
  -7714.8724049842785     
  -6766.3992648474841     
  -5919.2878249810010     
  -5162.5150383074124     
  -4486.2566143379818     
  -3881.7566475565882     
  -3341.2114139470141     
  -2857.6657820487380     
  -2424.9208469887294     
  -2037.4515440937892     
  -1690.3331413948774     
  -1379.1756559612656     
  -1100.0653925703509     
  -849.51295915039339     
  -624.40724166518191     
  -421.97485712737068     
  -239.74448167543861     
  -75.515213173661465     
   72.671994665234095     
   206.56055102926214     
   327.70231117134392     
   437.47935369234807     
   537.12328163899190     
   627.73211441356852     
   710.28504299380495     
   785.65538389479650     
   854.62202902654042     
   917.87962060236771     
   976.04762208244301     
   1029.6784168601805     
   1079.2645420350686     
   1125.2451491849738     
   1168.0117732699437     
   1207.9134823063723     
   1245.2614731438689     
   1280.3331721112688     
   1313.3758933147533     
   1344.6101019166692     
   1374.2323247724785     
   1402.4177463300084     
   1429.3225236692460     
   1455.0858509475538     
   1479.8318002781011     
   1503.6709631727115     
   1526.7019140903153     
   1549.0125153174117     
   1570.6810803387857     
   1591.7774110093042     
   1612.3637221877173     
