   2.5000000000000000        5.0000000000000003E-002  log
  -406585.37542809395     
  -398695.40977272246     
  -390289.18706480344     
  -380752.94390499109     
  -370788.11456465803     
  -360201.91646444332     
  -349001.27807640895     
  -337226.74424214452     
  -324605.13382476557     
  -311103.03453493002     
  -297119.40721406456     
  -284548.53286908980     
  -271920.21309265820     
  -257174.84108355799     
  -240606.08646220100     
  -222397.47602920397     
  -204390.59088299726     
  -184595.43348073645     
  -164570.02973723254     
  -146635.26026494830     
  -130649.51697045348     
  -116400.84583919065     
  -103700.34377548976     
  -92379.651749657161     
  -82288.720420954705     
  -73293.818601789360     
  -65275.758200470234     
  -58128.312193111808     
  -51756.804732650868     
  -46076.854729703729     
  -41013.256206807921     
  -36498.980516629745     
  -32474.287157124458     
  -28885.931385061369     
  -25686.458100489679     
  -22833.572578635860     
  -20289.579622120375     
  -18020.883631086585     
  -15997.542938420680     
  -14192.872514735727     
  -12583.089807995855     
  -11146.999055579576     
  -9865.7099082566056     
  -8722.3866501037501     
  -7702.0246955752282     
  -6791.2514010321338     
  -5978.1485473017801     
  -5252.0941355913646     
  -4603.6213941021761     
  -4024.2931194657508     
  -3506.5896783320050     
  -3043.8091737534191     
  -2629.9784434084550     
  -2259.7737072168788     
  -1928.4498228802695     
  -1631.7772369358802     
  -1365.9858297985613     
  -1127.7149401004422     
  -913.96891597569095     
  -722.07758608435938     
  -549.66108334424791     
  -394.59850024644805     
  -254.99991105070751     
  -129.18136284281223     
  -15.642510282819183     
   86.953363405415075     
   179.79715213619352     
   263.94976222397264     
   340.35619368801247     
   409.85809338803011     
   473.20498890905066     
   531.06437035327690     
   584.03073974112124     
   632.63371357877963     
   677.34524988427131     
   718.58607129075972     
   756.73136093466064     
   792.11580968794590     
   825.03808856533499     
   855.76481008247447     
   884.53403096060629     
   911.55834003220514     
   937.02757178100660     
   961.11118734043589     
   983.96036859286426     
   1005.7098738845705     
   1026.4797026724816     
   1046.3766095271449     
   1065.4954961292297     
   1083.9206963251231     
   1101.7271579496917     
   1118.9815188560099     
   1135.7430739033505     
   1152.0646328889982     
   1167.9932740543809     
   1183.5710017863616     
   1198.8353194588537     
   1213.8197289595969     
   1228.5541677860729     
   1243.0653932551465     
   1257.3773218229387     
