   2.5000000000000000        5.0000000000000003E-002  log
  -179290.10406321450     
  -171567.02405049020     
  -163648.45205549887     
  -154625.37852868572     
  -144884.70055270268     
  -134734.98087272851     
  -124145.32764417359     
  -112681.54665291101     
  -100742.35972585969     
  -89773.360609085328     
  -79996.478644072326     
  -71282.072209456135     
  -63514.598090476000     
  -56591.078295511557     
  -50419.733614294208     
  -44918.765796395230     
  -40015.272206775880     
  -35644.278577292374     
  -31747.877037286689     
  -28274.457986725381     
  -25178.025582936792     
  -22417.587657827549     
  -19956.611786732879     
  -17762.540047821629     
  -15806.355860621003     
  -14062.197303570121     
  -12507.012407809982     
  -11120.252672568053     
  -9883.6010668837571     
  -8780.7304217913788     
  -7797.0881684013493     
  -6919.7040603439846     
  -6137.0183504651886     
  -5438.7284254578026     
  -4815.6521065114093     
  -4259.6058879562415     
  -3763.2964669091239     
  -3320.2240615858304     
  -2924.5961962425736     
  -2571.2508048187487     
  -2255.5876510526823     
  -1973.5071789071824     
  -1721.3560016102631     
  -1495.8783185304051     
  -1294.1726213692195     
  -1113.6531169613404     
  -952.01535407546851     
  -807.20559625839360     
  -677.39353214258597     
  -560.94795901409691     
  -456.41511516009746     
  -362.49937198010696     
  -278.04602845876923     
  -202.02597875498003     
  -133.52204873007298     
  -71.716819552429428     
  -15.881776379905970     
   34.632362194475128     
   80.404262502940270     
   121.94965651818627     
   159.72818698557606     
   194.14950791298233     
   225.57872145232065     
   254.34122338159906     
   280.72702153391174     
   304.99458451475726     
   327.37427180756470     
   348.07139080590093     
   367.26892135523178     
   385.12994397119377     
   401.79980396622966     
   417.40804020972899     
   432.07010412179295     
   445.88889171583486     
   458.95610902337648     
   471.35348902260660     
   483.15387622112956     
   494.42219328664515     
   505.21630255372628     
   515.58777383960262     
   525.58256875837208     
   535.24165061484462     
   544.60152797154683     
   553.69473910217232     
   562.55028376026110     
   571.19400799271671     
   579.64894710464171     
   587.93563132661484     
   596.07235824057773     
   604.07543557937754     
   611.95939762185981     
   619.73719805501821     
   627.42038186242451     
   635.01923851983975     
   642.54293853085596     
   649.99965511434470     
   657.39667265845242     
   664.74048338028115     
   672.03687347388382     
   679.29099988971723     
   686.50745876438009     
