   2.5000000000000000        5.0000000000000003E-002  log
  -644850.72565246851     
  -637127.64563974424     
  -629209.07364475285     
  -620186.00011793966     
  -610445.32214195665     
  -600295.60246198252     
  -589705.94923342764     
  -578242.16824216500     
  -566102.63396233669     
  -552933.06771158113     
  -538578.33634888858     
  -524445.65949412901     
  -511494.17127554753     
  -496907.77447588841     
  -480397.88861424517     
  -461968.59088982310     
  -443564.96366065036     
  -423557.06681474822     
  -402846.84221731807     
  -381453.44001555786     
  -362156.08436489932     
  -344955.83848597435     
  -329624.65031816013     
  -315441.79324601975     
  -298694.48717717384     
  -279331.37390568701     
  -258080.58509072577     
  -234886.06638792326     
  -210366.65195652447     
  -187413.13929151458     
  -166953.80851870871     
  -148717.41542658160     
  -132462.21335423877     
  -117972.74538555587     
  -105056.98537687441     
  -93543.789967321718     
  -83280.627730186912     
  -74131.555269571501     
  -65975.413367216970     
  -58704.219239566999     
  -52221.733589432297     
  -46442.183461754212     
  -41289.123976262337     
  -36694.423845456520     
  -32597.361222504805     
  -28943.817883280593     
  -25685.561049114061     
  -22779.603318635509     
  -20187.632213219327     
  -17875.501764357654     
  -15812.779394820633     
  -13972.342079492231     
  -12330.016425983058     
  -10864.257898170281     
  -9555.8649254304310     
  -8387.7241034116014     
  -7344.5831048888731     
  -6412.8482870438465     
  -5580.4043092928177     
  -4836.4533679135229     
  -4171.3719140678340     
  -3576.5829538457342     
  -3044.4422357454655     
  -2568.1368153021558     
  -2141.5946508293555     
  -1759.4040306254415     
  -1416.7417624631330     
  -1109.3091724572139     
  -833.27506403641064     
  -585.22488010569509     
  -362.11539380092205     
  -161.23432660114673     
   19.835642051135945     
   183.24895119751173     
   330.92574651798259     
   464.57735954276637     
   585.72901601774481     
   695.74007475176006     
   795.82206550453247     
   887.05476526824884     
   970.40052626628324     
   1046.7170457936602     
   1116.7687473478904     
   1181.2369240713540     
   1240.7287791029266     
   1295.7854827991241     
   1346.8893537394342     
   1394.4702588036007     
   1438.9113172461459     
   1480.5539844578561     
   1519.7025828727471     
   1556.6283401429682     
   1591.5729881658315     
   1624.7519707199151     
   1656.3573022736591     
   1686.5601159011383     
   1715.5129341143265     
   1743.3516927444405     
   1770.1975447280472     
   1796.1584677330998     
   1821.3306969571240     
