   2.5000000000000000        5.0000000000000003E-002  log
  -554009.62875700428     
  -546286.54874428001     
  -538367.97674928862     
  -529344.90322247555     
  -519604.22524649248     
  -509454.50556651829     
  -498864.85233796341     
  -487401.07134670083     
  -475261.53706687252     
  -462091.97081611695     
  -447737.23945342435     
  -433604.56259866484     
  -420653.07438008336     
  -406066.67758042418     
  -389556.79171878099     
  -371127.49399435893     
  -352723.86676518619     
  -332715.96991928399     
  -312005.74532185384     
  -290612.34312009369     
  -271314.98746943515     
  -254114.74159051012     
  -238783.55342269596     
  -224600.69635055558     
  -207853.39028170964     
  -188490.27701022284     
  -167971.82157802398     
  -149641.63929097389     
  -133303.11352442313     
  -118739.65044950970     
  -105758.20964883466     
  -94186.743413598830     
  -83871.914059021889     
  -74677.059251880652     
  -66480.378594447218     
  -59173.317487790657     
  -52659.126797997269     
  -46851.579149955360     
  -41673.824775572873     
  -37057.371730322571     
  -32941.176964347491     
  -29270.836211042733     
  -25997.861963150310     
  -23079.039968095134     
  -20475.855709797746     
  -18153.983268498134     
  -16082.829775361044     
  -14235.129415205414     
  -12586.581587845218     
  -11115.528424576883     
  -9802.6673788366425     
  -8630.7950757810650     
  -7584.5790206321735     
  -6650.3541355572588     
  -5815.9414245259068     
  -5070.4863593803839     
  -4404.3148421754931     
  -3808.8048321715100     
  -3276.2719338013812     
  -2799.8674272457470     
  -2373.4873883997152     
  -1991.6916921986433     
  -1649.6318244420140     
  -1342.9865441574634     
  -1067.9045427337901     
  -820.95333890603104     
  -599.07373143036136     
  -399.53920504042924     
  -219.91975100891904     
  -58.049622221232255     
   88.001405120168158     
   219.95364450896656     
   339.34032674152638     
   447.52794503042128     
   545.73438759634780     
   635.04509835010617     
   716.42748010960634     
   790.74373147582241     
   858.76228770681041     
   921.16801740446601     
   978.57131031884001     
   1031.5161768604196     
   1080.4874667965912     
   1125.9173029204844     
   1168.1908150634495     
   1207.6512505383369     
   1244.6045288262885     
   1279.3233009451617     
   1312.0505673650828     
   1343.0029024787955     
   1372.3733284136547     
   1400.3338763190834     
   1427.0378691162796     
   1452.6219560009206     
   1477.2079256955155     
   1500.9043225121975     
   1523.8078866701435     
   1546.0048379797827     
   1567.5720199275163     
   1588.5779193422682     
   1609.0835751742318     
