   2.5000000000000000        5.0000000000000003E-002  log
  -10721.219883673606     
  -9553.3477073350587     
  -8512.2614310803929     
  -7584.1732072176128     
  -6756.7946035563909     
  -6019.1735433788990     
  -5361.5489780358694     
  -4775.2213637615760     
  -4252.4372240147513     
  -3786.2862655656677     
  -3370.6096831698906     
  -2999.9184363075356     
  -2669.3204143673324     
  -2374.4555261077167     
  -2111.4378574894426     
  -1876.8041408038939     
  -1667.4678678503089     
  -1480.6784590260977     
  -1313.9849644597341     
  -1165.2038167947574     
  -1032.3901713510811     
  -913.81235332106337     
  -807.92888951241991     
  -713.36757642005148     
  -628.90613428563711     
  -553.45433813483851     
  -486.03801693057392     
  -425.78552792102522     
  -371.91685831610323     
  -323.73472304660368     
  -280.61670190864828     
  -242.00780661701742     
  -207.41340043256636     
  -176.39266008601354     
  -148.55273638987953     
  -123.54362194640589     
  -101.05362655621499     
  -80.805337289201830     
  -62.551970480228889     
  -46.074063336388178     
  -31.176479395164272     
  -17.685711947937630     
  -5.4474693699721142     
   5.6754771376463946     
   15.805205801859545     
   25.050340129379276     
   33.507551569312660     
   41.262890772798421     
   48.392967290317678     
   54.965995446167781     
   61.042722084608712     
   66.677249997674664     
   71.917769159226850     
   76.807206406581585     
   81.383802916111634     
   85.681627692234642     
   89.731034308714300     
   93.559067287116221     
   97.189823751801882     
   100.64477534869836     
   103.94305484325278     
   107.10171131048061     
   110.13593738757244     
   113.05927166927579     
   115.88377898154012     
   118.62021096399862     
   121.27814912186108     
   123.86613226848725     
   126.39177006763819     
   128.86184419598513     
   131.28239847911405     
   133.65881920556981     
   135.99590669130410     
   138.29793904935150     
   140.56872901500429     
   142.81167458373122     
   145.02980413629871     
   147.22581665186524     
   149.40211754421736     
   151.56085059790763     
   153.70392642904244     
   155.83304784914603     
   157.94973246927245     
   160.05533284478935     
   162.15105442852217     
   164.23797157078795     
   166.31704177886738     
   168.38911842531834     
   170.45496207391216     
   172.51525057359939     
   174.57058805453977     
   176.62151294564268     
   178.66850512006499     
   180.71199226352962     
   182.75235555000583     
   184.78993470009311     
   186.82503248925417     
   188.85791876573691     
   190.88883403151553     
   192.91799263377928     
   194.94558560932751     
