   2.5000000000000000        5.0000000000000003E-002  log
  -65738.732943884272     
  -58585.387274627974     
  -52209.523029163058     
  -46526.589832033758     
  -41461.232081795592     
  -36946.289027967512     
  -32921.903588677524     
  -29334.728083553375     
  -26137.216342417309     
  -23286.992796505197     
  -20746.290180481414     
  -18481.448384116829     
  -16462.467804493572     
  -14662.611274297644     
  -13058.049289447545     
  -11627.543838899750     
  -10352.166657781170     
  -9215.0481859933188     
  -8201.1539190522089     
  -7297.0851847479653     
  -6490.9016656786316     
  -5771.9632125961052     
  -5130.7886661057037     
  -4558.9295699259510     
  -4048.8569273731096     
  -3593.8596460965191     
  -3187.9539517368262     
  -2825.8033878815590     
  -2502.6486723769799     
  -2214.2459926004449     
  -1956.8120823389563     
  -1726.9748463363694     
  -1521.7288986228803     
  -1338.3957083219632     
  -1174.5880672419141     
  -1028.1784936514830     
  -897.27112168405984     
  -780.17664035994983     
  -675.38991055276927     
  -581.56995898426919     
  -497.52210191974666     
  -422.18198520653641     
  -354.60134859966229     
  -293.93533802257252     
  -239.43120355578387     
  -190.41823495495211     
  -146.29880043874306     
  -106.54036798995267     
  -70.668401121734874     
  -38.260032754448432     
  -8.9384314429213436     
   17.632216301973024     
   41.751175377161822     
   63.685143380685780     
   83.671797389340156     
   101.92295384089172     
   118.62738387582742     
   133.95332182067185     
   148.05070034591105     
   161.05314214600631     
   173.07973471362337     
   184.23661186818239     
   194.61836310889788     
   204.30928955828117     
   213.38452321153588     
   221.91102438205837     
   229.94847060828121     
   237.55004884017066     
   244.76316143512426     
   251.63005534534764     
   258.18838285651799     
   264.47170132688944     
   270.50991856472018     
   276.32968975911729     
   281.95477123541536     
   287.40633573241792     
   292.70325338756385     
   297.86234216050747     
   302.89859101964771     
   307.82535885439069     
   312.65455175356459     
   317.39678100313404     
   322.06150390035566     
   326.65714925337340     
   331.19122923193805     
   335.67043905374305     
   340.10074582939131     
   344.48746774510141     
   348.83534463400832     
   353.14860087261599     
   357.43100143709336     
   361.68590186332062     
   365.91629277368537     
   370.12483956151783     
   374.31391775979137     
   378.48564456343900     
   382.64190692359074     
   386.78438658654397     
   390.91458240973424     
   395.03383025083605     
   399.14332069392100     
