   2.5000000000000000        5.0000000000000003E-002  log
  -896.79705572565103     
  -798.65852463433123     
  -711.12986573994226     
  -633.05726539454690     
  -563.41238610198968     
  -501.27872110410425     
  -445.83943289287510     
  -396.36651427308408     
  -352.21112815027794     
  -312.79499786656083     
  -277.60273388493312     
  -246.17499520969145     
  -218.10239553073973     
  -193.02007526109682     
  -170.60287193152678     
  -150.56103273705727     
  -132.63642295349911     
  -116.59918932921845     
  -102.24483436658961     
  -89.391642379963329     
  -77.878370285605868     
  -67.562077692877750     
  -58.315935284075231     
  -50.026863028286051     
  -42.593002503163277     
  -35.921378802962089     
  -29.926453221738996     
  -24.530086405700672     
  -19.662521742147238     
  -15.263167465839212     
  -11.280198856289310     
  -7.6690416915268544     
  -4.3905068419647097     
  -1.4092715118561809     
   1.3070383054814210     
   3.7882503429659580     
   6.0617357026534666     
   8.1523609351632533     
   10.082412308601979     
   11.871553654295257     
   13.536855829002091     
   15.092921642936789     
   16.552110610467217     
   17.924842755551698     
   19.219940590731021     
   20.444963094726628     
   21.606495630233074     
   22.710377753543444     
   23.761867851235799     
   24.765754368985359     
   25.726427513768868     
   26.647924739634263     
   27.533960532335303     
   28.387947770915996     
   29.213015176433515     
   30.012023342011076     
   30.787580527042518     
   31.542058625733336     
   32.277609312425305     
   32.996180184038316     
   33.699530666008762     
   34.389247459960288     
   35.066759351921064     
   35.733351248678012     
   36.390177356462843     
   37.038273456098722     
   37.678568260691051     
   38.311893866206638     
   38.938995322833271     
   39.560539367033471     
   40.177122361860931     
   40.789277497414929     
   41.397481305119292     
   42.002159539512604     
   42.603692479962533     
   43.202419702581636     
   43.798644369936682     
   44.392637083139789     
   44.984639337756967     
   45.574866621788949     
   46.163511190855694     
   46.750744552706969     
   47.336719690324081     
   47.921573050193786     
   48.505426319836623     
   49.088388016360490     
   49.670554905684803     
   50.252013270134753     
   50.832840040330389     
   51.413103805681942     
   51.992865716339686     
   52.572180288123270     
   53.151096120760258     
   53.729656538686363     
   54.307900162690061     
   54.885861419812301     
   55.463570998129022     
   56.041056252341285     
   56.618341565468036     
   57.195448671371835     
   57.772396942342596     
