   2.5000000000000000        5.0000000000000003E-002  log
  -372327.43496607593     
  -364604.35495335161     
  -356685.78295836027     
  -347662.70943154709     
  -337922.03145556408     
  -327772.31177558994     
  -317182.65854703501     
  -305718.87755577243     
  -293579.34327594418     
  -280409.77702518861     
  -266055.04566249601     
  -251922.36880773643     
  -238970.88058915496     
  -224384.48378949580     
  -207874.59792785262     
  -189445.30020343055     
  -171041.67297425782     
  -152474.17622733422     
  -135858.39901681157     
  -121048.29235899293     
  -107847.49438147349     
  -96080.999051096747     
  -85592.833960237505     
  -76243.990190200435     
  -67910.576609692289     
  -60482.174264728426     
  -53860.369651976383     
  -47957.448232364928     
  -42695.231180289069     
  -38004.039446147872     
  -33821.770547384418     
  -30093.075332464847     
  -26768.623815250390     
  -23804.450621505264     
  -21161.371605161254     
  -18804.463979084208     
  -16702.603030700808     
  -14828.049211983433     
  -13156.080085598131     
  -11664.662239458221     
  -10334.158834328719     
  -9147.0689276661178     
  -8087.7951344023904     
  -7142.4365542195992     
  -6298.6042237373103     
  -5545.2566465477830     
  -4872.5532179723687     
  -4271.7235977279906     
  -3734.9512949826753     
  -3255.2699189589530     
  -2826.4707165772602     
  -2443.0201687206982     
  -2099.9865504754430     
  -1792.9744799075288     
  -1518.0665861525085     
  -1271.7715222323263     
  -1050.9776323358235     
  -852.91165843168324     
  -675.10193802866229     
  -515.34560455145674     
  -371.67935495737225     
  -242.35339658790483     
  -125.80822746153453     
  -20.653941831611732     
   74.348213643162381     
   160.30227789252390     
   238.19222574463663     
   308.89502497605429     
   373.19227337868705     
   431.78057027452343     
   485.28076011267979     
   534.24617081418739     
   579.16995618899421     
   620.49163985979976     
   658.60294753070377     
   693.85300499453888     
   726.55297085581094     
   756.98016544465349     
   785.38175071154137     
   811.97800993396481     
   836.96527075575477     
   860.51851034678452     
   882.79367725254110     
   903.92976074358216     
   924.05063512426818     
   943.26670347392644     
   961.67636263213319     
   979.36730886776547     
   996.41770155740971     
   1012.8972003145481     
   1028.8678893316935     
   1044.3851012010039     
   1059.4981511450355     
   1074.2509914004781     
   1088.6827944381819     
   1102.8284727584821     
   1116.7191421592158     
   1130.3825346237284     
   1143.8433663076628     
   1157.1236655075022     
   1170.2430649628182     
