   2.5000000000000000        5.0000000000000003E-002  log
  -417225.68159673945     
  -409314.77667332633     
  -401184.12628954579     
  -392650.49516846571     
  -382805.23543154018     
  -372624.33221682353     
  -362049.87758812273     
  -350624.91247841163     
  -338597.97555930348     
  -325665.41844080936     
  -311614.72813788068     
  -296612.20967305871     
  -282859.55194196507     
  -268865.90949933336     
  -252723.87704916002     
  -234784.59698080516     
  -215601.47955249264     
  -196024.50571826438     
  -175335.99682222315     
  -156229.48838881360     
  -139199.40278802835     
  -124019.93218488421     
  -110489.82516736005     
  -98429.716233009647     
  -87679.745664267364     
  -78097.438245211626     
  -69555.812702980664     
  -61941.696794646443     
  -55154.225651471665     
  -49103.503391431237     
  -43709.410176643236     
  -38900.538870505596     
  -34613.247249876295     
  -30790.813322730766     
  -27382.682659847535     
  -24343.797784981016     
  -21634.000654328407     
  -19217.500173884884     
  -17062.397584540195     
  -15140.263369487266     
  -13425.760075138180     
  -11896.306073918309     
  -10531.775845196631     
  -9314.2328273457679     
  -8227.6913152211437     
  -7257.9042535937278     
  -6392.1741145505339     
  -5619.1843496903721     
  -4928.8491792779232     
  -4312.1797232352128     
  -3761.1646956521281     
  -3268.6640779530353     
  -2828.3143583636274     
  -2434.4440790878816     
  -2081.9985696356321     
  -1766.4728668453290     
  -1483.8519309457195     
  -1230.5573639439781     
  -1003.3999230094064     
  -799.53719849385254     
  -616.43589481918343     
  -451.83821358301122     
  -303.73189270080508     
  -170.32350394089329     
  -50.014654464707256     
   58.619223466592423     
   156.84777610359464     
   245.80257600605904     
   326.49213760829207     
   399.81529981695354     
   466.57315323348507     
   527.47967027847392     
   583.17117928129608     
   634.21480825674325     
   681.11601041734662     
   724.32527128423351     
   764.24408639883586     
   801.23028895843231     
   835.60279807188795     
   867.64585064353332     
   897.61277304087503     
   925.72934259479462     
   952.19678353802510     
   977.19443713676014     
   1000.8821414468734     
   1023.4023522730237     
   1044.8820334747675     
   1065.4343417031187     
   1085.1601279231591     
   1104.1492756471373     
   1122.4818936357055     
   1140.2293788938020     
   1157.4553640665604     
   1174.2165618066692     
   1190.5635173174680     
   1206.5412790576006     
   1222.1899965071023     
   1237.5454529269325     
   1252.6395401813650     
   1267.5006819238549     
   1282.1542107618156     
