   2.5000000000000000        5.0000000000000003E-002  log
  -496711.64138027065     
  -488800.73645685747     
  -480670.08607307699     
  -472136.45495199692     
  -462291.19521507138     
  -452110.29200035473     
  -441535.83737165394     
  -430110.87226194277     
  -418083.93534283462     
  -405151.37822434056     
  -391100.68792141182     
  -376098.16945658985     
  -362345.51172549621     
  -348351.86928286456     
  -332209.83683269122     
  -314270.55676433630     
  -295087.43933602382     
  -275510.46550179558     
  -254549.58861132045     
  -232792.06611571222     
  -212372.68625813947     
  -194172.41006753393     
  -177949.91333477682     
  -163489.81481823523     
  -147496.73066347541     
  -131401.81576765020     
  -117055.60359857895     
  -104267.92531012210     
  -92869.292738696939     
  -82708.649426369564     
  -73651.366114602555     
  -65577.454094497487     
  -58379.972771027213     
  -51963.610437604853     
  -46243.419545702993     
  -41143.689719229253     
  -36596.943488635872     
  -32543.041296093565     
  -28928.383791266391     
  -25705.200785059340     
  -22830.917431563728     
  -20267.589261128065     
  -17981.398605707927     
  -15942.205764448676     
  -14123.148972921259     
  -12500.287877856163     
  -11052.285790368207     
  -9760.1265017350488     
  -8606.8619027368277     
  -7577.3870557046912     
  -6658.2397326629725     
  -5837.4217578064045     
  -5104.2397821721661     
  -4449.1633765080051     
  -3863.6985583931591     
  -3340.2750746814008     
  -2872.1459430269820     
  -2453.2979190546289     
  -2078.3717008110762     
  -1742.5908114193774     
  -1441.6982160693226     
  -1171.8998321508386     
  -929.81418283805351     
  -712.42752597657000     
  -517.05386279937193     
  -341.29929576357137     
  -183.03026252136021     
  -40.345224480863372     
   88.450565740679664     
   204.86755280901667     
   310.25192153214431     
   405.80346005361349     
   492.59148042165157     
   571.56900779667308     
   643.58542658426893     
   709.39775130403416     
   769.68067175485021     
   825.03550577224064     
   875.99817837732724     
   923.04633319732000     
   966.60567052293300     
   1007.0555961058166     
   1044.7342556528376     
   1079.9430218224627     
   1112.9504932634100     
   1143.9960587607432     
   1173.2930737837407     
   1201.0316915866279     
   1227.3813864293320     
   1252.4932024000109     
   1276.5017576799714     
   1299.5270308464487     
   1321.6759529164615     
   1343.0438262572607     
   1363.7155891914915     
   1383.7669430776446     
   1403.2653568215005     
   1422.2709621478430     
   1440.8373515121712     
   1459.0122892402289     
   1476.8383453317495     
