   2.5000000000000000        5.0000000000000003E-002  log
  -167412.66513421293     
  -159501.76021079978     
  -151371.10982701927     
  -142837.47870593920     
  -132992.21896901369     
  -122811.31575429703     
  -112236.86112559623     
  -100811.89601588510     
  -89836.626704644470     
  -80054.189363073529     
  -71334.865453044666     
  -63563.043449482037     
  -56635.684714604773     
  -50460.956171324971     
  -44957.011634745249     
  -40050.905647790976     
  -35677.625437545248     
  -31779.228177678633     
  -28304.072125664163     
  -25206.131424200194     
  -22444.385443603038     
  -19982.274523476444     
  -17787.214864939939     
  -15830.166133991752     
  -14085.246060467387     
  -12529.386954130390     
  -11142.029611406029     
  -9904.8505584565028     
  -8801.5189809770000     
  -7817.4800522596315     
  -6939.7617206539271     
  -6156.8023770301988     
  -5458.2971807493059     
  -4835.0611319799491     
  -4278.9071903889790     
  -3782.5378548237995     
  -3339.4486947071446     
  -2943.8424303930374     
  -2590.5523179567585     
  -2274.9737742035472     
  -1993.0033399784322     
  -1740.9842051654755     
  -1515.6576104477244     
  -1314.1195110422420     
  -1133.7819465445705     
  -972.33861429418937     
  -827.73419330681543     
  -698.13701209028295     
  -581.91469635252133     
  -477.61247154727721     
  -383.93383038758276     
  -299.72330704504168     
  -223.95112799563444     
  -155.69953466266642     
  -94.150595444803486     
  -38.575344689794548     
   11.675896051059285     
   57.182143334699028     
   98.459438473269273     
   135.96769775369123     
   170.11681731080307     
   201.27211380112354     
   229.75917317777672     
   255.86817198799017     
   279.85772859632061     
   301.95833548475662     
   322.37541821101649     
   341.29206164395771     
   358.87143967356178     
   375.25898065331637     
   390.58429732234862     
   404.96290682652204     
   418.49776367018382     
   431.28062594619297     
   443.39327297819744     
   454.90859053639468     
   465.89153802996111     
   476.40001051258713     
   486.48560694128247     
   496.19431488425437     
   505.56712076468011     
   514.64055373885424     
   523.44717042636910     
   532.01598692497407     
   540.37286384314154     
   548.54084945984505     
   556.54048556535452     
   564.39008004159302     
   572.10594979921029     
   579.70263729513761     
   587.19310350379578     
   594.58889990265027     
   601.90032175433225     
   609.13654471933728     
   616.30574661211585     
   623.41521591621904     
   630.47144849845699     
   637.48023380542998     
   644.44673168622592     
   651.37554086068837     
   658.27075994179722     
