   2.5000000000000000        5.0000000000000003E-002  log
  -383160.27026094042     
  -375249.36533752724     
  -367118.71495374670     
  -358585.08383266669     
  -348739.82409574115     
  -338558.92088102450     
  -327984.46625232371     
  -316559.50114261254     
  -304532.56422350439     
  -291600.00710501033     
  -277549.31680208159     
  -262546.79833725962     
  -248794.14060616598     
  -234800.49816353430     
  -218658.46571336096     
  -200719.18564500610     
  -181536.06821669356     
  -162492.67729668971     
  -144786.67675222768     
  -129004.88783700863     
  -114938.05552733049     
  -102399.68110130177     
  -91223.547430821432     
  -81261.513351853951     
  -72381.547867734786     
  -64465.978136152560     
  -57409.928022993503     
  -51119.926510976336     
  -45512.667467203806     
  -40513.904249440704     
  -36057.464419448916     
  -32084.371473643452     
  -28542.062002220369     
  -25383.688015936044     
  -22567.495299810675     
  -20056.269576797338     
  -17816.843061737007     
  -15819.654735198925     
  -14038.358397881615     
  -12449.473257116622     
  -11032.072414347134     
  -9767.5051533076894     
  -8639.1493817592800     
  -7632.1909719155947     
  -6733.4270907221680     
  -5931.0909203109886     
  -5214.6954466438701     
  -4574.8942438842996     
  -4003.3574058809600     
  -3492.6609765348676     
  -3036.1884099002900     
  -2628.0427507033005     
  -2262.9683685033997     
  -1936.2812057826600     
  -1643.8066134750825     
  -1381.8239483389830     
  -1147.0171964674869     
  -936.43096732517483     
  -747.43127406222675     
  -577.67057944435180     
  -425.05664339652793     
  -287.72475864728381     
  -164.01300595129001     
  -52.440200460981508     
   48.313763453199250     
   139.42542979398982     
   221.94339342449894     
   296.80221464801878     
   364.83482054045533     
   426.78355761056957     
   483.31004246336488     
   535.00394118925783     
   582.39079398424383     
   625.93898883530494     
   666.06597681255562     
   703.14381144513675     
   737.50408568804210     
   769.44233199281018     
   799.22194387021807     
   827.07767098321006     
   853.21873414898164     
   877.83160158532303     
   901.08246324104664     
   923.11943604393593     
   944.07452932896319     
   964.06539652717697     
   983.19689635938607     
   1001.5624842509573     
   1019.2454524311324     
   1036.3200351723706     
   1052.8523938356798     
   1068.9014947929811     
   1084.5198918760702     
   1099.7544237348552     
   1114.6468353584332     
   1129.2343320062496     
   1143.5500728996960     
   1157.6236112251581     
   1171.4812862871001     
   1185.1465730148393     
   1198.6403934607574     
