   2.5000000000000000        5.0000000000000003E-002  log
  -576197.60116380185     
  -568286.69624038867     
  -560156.04585660808     
  -551622.41473552806     
  -541777.15499860258     
  -531596.25178388588     
  -521021.79715518508     
  -509596.83204547397     
  -497569.89512636577     
  -484637.33800787170     
  -470586.64770494303     
  -455584.12924012105     
  -441831.47150902735     
  -427837.82906639570     
  -411695.79661622236     
  -393756.51654786750     
  -374573.39911955496     
  -354996.42528532672     
  -334035.54839485162     
  -312278.02589924337     
  -291858.64604167064     
  -273658.36985106510     
  -257435.87311830799     
  -242975.77460176640     
  -226982.69044700658     
  -208092.84577719716     
  -187033.47917763979     
  -166628.01964208967     
  -148439.81328422233     
  -132227.73686172743     
  -117776.88900999737     
  -104895.73843029268     
  -93413.582127273898     
  -83178.280095258102     
  -74054.236510835995     
  -65920.600675411886     
  -58669.663764659228     
  -52205.429988059797     
  -46442.343094255681     
  -41304.151276136174     
  -36722.895419016560     
  -32638.007299884863     
  -28995.505809290007     
  -25747.280560307685     
  -22850.453397690344     
  -20266.809344825957     
  -17962.289441383829     
  -15906.538742280609     
  -14072.503478877437     
  -12436.072035067815     
  -10975.754972269060     
  -9672.3998556917977     
  -8508.9370963419751     
  -7470.1534350577367     
  -6542.4900619301343     
  -5713.8626915626055     
  -4973.5012061315265     
  -4311.8067379927288     
  -3720.2242950907485     
  -3191.1292387470712     
  -2717.7261072738838     
  -2293.9584427250629     
  -1914.4284241340736     
  -1574.3252407395503     
  -1269.3612546926267     
  -995.71510611616429     
  -749.98100551780317     
  -529.12354066956743     
  -330.43739824679648     
  -151.51146573997818     
   9.8031627195860924     
   155.42170117385751     
   287.05108567418671     
   406.21262437194872     
   514.26218442155300     
   612.40818356762816     
   701.72762515684303     
   783.18038935161076     
   857.62197018327288     
   925.81482745919618     
   988.43850415785539     
   1046.0986435645054     
   1099.3350258000798     
   1148.6287303837416     
   1194.4085198723944     
   1237.0565292845265     
   1276.9133368038717     
   1314.2824830482657     
   1349.4344988718256     
   1382.6104951470852     
   1414.0253621614224     
   1443.8706210819125     
   1472.3169653258872     
   1499.5165255596933     
   1525.6048883808578     
   1550.7028954703746     
   1574.9182470888034     
   1598.3469311936162     
   1621.0744971413349     
   1643.1771908757185     
   1664.7229666652763     
