   2.5000000000000000        5.0000000000000003E-002  log
  -348423.10674035543     
  -340790.71377858642     
  -332376.20813767362     
  -323834.79250412073     
  -314311.22932984744     
  -304026.70324439113     
  -293349.98306483024     
  -281986.61552009161     
  -270035.21588407661     
  -257286.85205195198     
  -243469.92008766785     
  -228407.96776382564     
  -213427.79777130342     
  -199635.74297594547     
  -184013.55015139680     
  -166399.20343377831     
  -148273.31558733305     
  -132117.39193238609     
  -117717.20168388735     
  -104881.81131171016     
  -93441.051000888518     
  -83243.256639498810     
  -74153.257362613760     
  -66050.581947495142     
  -58827.860268959201     
  -52389.398617599989     
  -46649.909987275591     
  -41533.382480273867     
  -36972.070786558346     
  -32905.597297432541     
  -29280.150850637718     
  -26047.772416900232     
  -23165.718263482751     
  -20595.892268296851     
  -18304.340055694458     
  -16260.798415781279     
  -14438.294057660278     
  -12812.786238660417     
  -11362.848325152234     
  -10069.383904754806     
  -8915.3736270790414     
  -7885.6494369822221     
  -6966.6932611438124     
  -6146.4575318483639     
  -5414.2052056703924     
  -4760.3671766375865     
  -4176.4152019691182     
  -3654.7486569859743     
  -3188.5936155993691     
  -2771.9129148534848     
  -2399.3260074336445     
  -2066.0375361434667     
  -1767.7736804882434     
  -1500.7254290529490     
  -1261.4980236380006     
  -1047.0659033183404     
  -854.73254981370769     
  -682.09470078087827     
  -527.01045573866645     
  -387.57085109465879     
  -262.07452685420230     
  -149.00514867561816     
  -47.011285541207819     
   45.111524069097655     
   128.43675554993860     
   203.92114323727864     
   272.41737623823462     
   334.68541352455060     
   391.40256846075550     
   443.17249660309932     
   490.53320604777866     
   533.96419663321501     
   573.89282273882714     
   610.69996411821921     
   644.72508002110499     
   676.27071367363794     
   705.60650689241618     
   732.97277810644118     
   758.58371126739166     
   782.63019796483673     
   805.28237046088111     
   826.69185925714055     
   846.99380515142684     
   866.30865248357725     
   884.74374736623281     
   902.39476210853047     
   919.34696473427186     
   935.67635044056397     
   951.45065001090165     
   966.73022856388639     
   981.56888656355466     
   996.01457372034258     
   1010.1100252557944     
   1023.8933289739289     
   1037.3984306640039     
   1050.6555845411074     
   1063.6917547016815     
   1076.5309729210724     
   1089.1946575408845     
   1101.7018976775964     
   1114.0697065237257     
