   2.5000000000000000        5.0000000000000003E-002  log
  -541460.43764321681     
  -533828.04468144779     
  -525413.53904053499     
  -516872.12340698217     
  -507348.56023270887     
  -497064.03414725250     
  -486387.31396769162     
  -475023.94642295304     
  -463072.54678693804     
  -450324.18295481335     
  -436507.25099052925     
  -421445.29866668704     
  -406465.12867416482     
  -392673.07387880684     
  -377050.88105425821     
  -359436.53433663974     
  -339867.62952410989     
  -320560.54038185463     
  -299485.83603191481     
  -277575.02608862962     
  -255989.22870577031     
  -236749.34753156448     
  -219600.26689510941     
  -204314.61465281693     
  -189048.97362035545     
  -170722.87188621616     
  -152096.24271929509     
  -135493.50701075658     
  -120694.56937338832     
  -107503.27004928610     
  -95744.781908327946     
  -85263.290326352988     
  -75919.925170497634     
  -67590.917574381529     
  -60165.957248633931     
  -53546.728703623165     
  -47645.606990294087     
  -42384.495518742900     
  -37693.790330782322     
  -33511.456928322506     
  -29782.207351804609     
  -26456.766612262298     
  -23491.218799607876     
  -20846.424245589926     
  -18487.500046764268     
  -16383.357076764885     
  -14506.287354446395     
  -12831.596295319223     
  -11337.274965576993     
  -10003.707987343116     
  -8813.4132165165920     
  -7750.8097364123150     
  -6802.0110865229526     
  -5954.6409810042869     
  -5197.6690702844680     
  -4521.2645654646967     
  -3916.6657824489057     
  -3376.0638741705930     
  -2892.4992076927906     
  -2459.7690108521929     
  -2072.3450627371722     
  -1725.3003356236875     
  -1414.2436148173247     
  -1135.2612287444181     
  -884.86511600845745     
  -659.94654023410851     
  -457.73483847779937     
  -275.76065578672933     
  -111.82317802461094     
   36.039071856883304     
   169.57426163258211     
   290.34044708977950     
   399.72624660915665     
   498.96926738723687     
   589.17252781096090     
   671.31909390385601     
   746.28512406410130     
   814.85149519302570     
   877.71416448788636     
   935.49340439534149     
   988.74203326919348     
   1037.9527509492941     
   1083.5646766011266     
   1125.9691755698882     
   1165.5150525684069     
   1202.5131801097566     
   1237.2406236013844     
   1269.9443178385029     
   1300.8443436817834     
   1330.1368483990341     
   1357.9966484221554     
   1384.5795490564706     
   1410.0244119236500     
   1434.4549975720045     
   1457.9816077045143     
   1480.7025488160052     
   1502.7054366610771     
   1524.0683588623090     
   1544.8609110858631     
   1565.1451205339274     
   1584.9762690081886     
