   2.5000000000000000        5.0000000000000003E-002  log
  -26958.732828555480     
  -24024.032115086276     
  -21408.164364717173     
  -19076.456823828259     
  -16998.007406633835     
  -15145.274666786252     
  -13493.712366216578     
  -12021.443785699828     
  -10708.971447398602     
  -9538.9183909338990     
  -8495.7975673424517     
  -7565.8062932785024     
  -6736.6430435624861     
  -5997.3441569879205     
  -5338.1382933194900     
  -4750.3167146220849     
  -4226.1176757137600     
  -3758.6233976089738     
  -3341.6682634524982     
  -2969.7570194642262     
  -2637.9918884379699     
  -2342.0076171507881     
  -2077.9135866784623     
  -1842.2422166913786     
  -1631.9029880675266     
  -1444.1414881317255     
  -1276.5029461428396     
  -1126.7997718973795     
  -993.08263868304005     
  -873.61466966643229     
  -766.84830987464795     
  -671.40451905779844     
  -586.05402339422778     
  -509.70050125022368     
  -441.36568384374164     
  -380.17634746082598     
  -325.35305395941106     
  -276.20035650966241     
  -232.09813830159780     
  -192.49381458895391     
  -156.89523875862108     
  -124.86424153794741     
  -96.010774206702806     
  -69.987633290300806     
  -46.485735969431246     
  -25.229905944860253     
  -5.9751239758360262     
   11.496803865788193     
   27.380205336382161     
   41.848170205453748     
   55.054885059097259     
   67.137708191318225     
   78.219014205257650     
   88.407834470469069     
   97.801316499933591     
   106.48602260067440     
   114.53908577745528     
   122.02923878938041     
   129.01773043568735     
   135.55914154532340     
   141.70211173534378     
   147.48998676042015     
   152.96139517822093     
   158.15076208472871     
   163.08876681396634     
   167.80275073458986     
   172.31708059970833     
   176.65347230597931     
   180.83127938468999     
   184.86775007345949     
   188.77825639562607     
   192.57649829937367     
   196.27468557496434     
   199.88369997145497     
   203.41323966989935     
   206.87194803464723     
   210.26752835474730     
   213.60684610078880     
   216.89602005625568     
   220.14050353437045     
   223.34515675947821     
   226.51431137449379     
   229.65182793122602     
   232.76114712710358     
   235.84533546870580     
   238.90712596843866     
   241.94895441470325     
   244.97299169709774     
   247.98117261579304     
   250.97522155752719     
   253.95667537905118     
   256.92690380177709     
   259.88712758833373     
   262.83843474228502     
   265.78179494602267     
   268.71807242845472     
   271.64803743326797     
   274.57237643996729     
   277.49170127333792     
   280.40655722222391     
   283.31743027536646     
