   2.5000000000000000        5.0000000000000003E-002  log
  -359778.24385228846     
  -352145.85089051945     
  -343731.34524960665     
  -335189.92961605376     
  -325666.36644178047     
  -315381.84035632416     
  -304705.12017676327     
  -293341.75263202464     
  -281390.35299600963     
  -268641.98916388501     
  -254825.05719960088     
  -239763.10487575867     
  -224782.93488323645     
  -210990.88008787847     
  -195368.68726332983     
  -177754.34054571134     
  -158743.39507936619     
  -141448.07721441155     
  -126032.36950684321     
  -112291.86694608297     
  -100044.39324757431     
  -89127.583522107379     
  -79396.729826959840     
  -70722.861009861546     
  -62991.031375459315     
  -56098.795480326822     
  -49954.848829042472     
  -44477.816430928382     
  -39595.173114311066     
  -35242.281214325907     
  -31361.532789657816     
  -27901.584928137290     
  -24816.678008221523     
  -22066.027994094908     
  -19613.284904478398     
  -17426.050443711694     
  -15475.448423705813     
  -13735.742142882224     
  -12183.993442644120     
  -10799.758762565421     
  -9564.8181052979944     
  -8462.9333379704913     
  -7479.6326794828710     
  -6602.0185691664929     
  -5818.5964065789303     
  -5119.1219123458350     
  -4494.4650947584096     
  -3936.4890198410671     
  -3437.9417753413204     
  -2992.3601926865390     
  -2593.9840466564101     
  -2237.6795917649665     
  -1918.8714186369525     
  -1633.4817244846249     
  -1377.8761905453030     
  -1148.8157473173283     
  -943.41358680124597     
  -759.09685076308187     
  -593.57248622491602     
  -444.79681478981979     
  -310.94841176723497     
  -190.40393504262070     
  -81.716582820327545     
   16.403105715032776     
   105.10436165979463     
   185.41143669012544     
   258.23719480593894     
   324.39522590863663     
   384.61064197911753     
   439.52969913531285     
   489.72837326398292     
   535.72000303250775     
   577.96210170836071     
   616.86242818241783     
   652.78439776070286     
   686.05190452702902     
   716.95361926991416     
   745.74682000743451     
   772.66080594094217     
   797.89994014045783     
   821.64636133767692     
   844.06240081150122     
   865.29273643753766     
   885.46631248515530     
   904.69805063716490     
   923.09037493672338     
   940.73457089691237     
   957.71199680780444     
   974.09516331453165     
   989.94869559186327     
   1005.3301908828926     
   1020.2909827809510     
   1034.8768223963889     
   1049.1284854469516     
   1063.0823133275283     
   1076.7706953389732     
   1090.2224984749198     
   1103.4634504696219     
   1116.5164811896516     
   1129.4020268995325     
   1142.1383014387411     
