   2.5000000000000000        5.0000000000000003E-002  log
  -632301.53453868104     
  -624669.14157691202     
  -616254.63593599922     
  -607713.22030244640     
  -598189.65712817304     
  -587905.13104271668     
  -577228.41086315585     
  -565865.04331841727     
  -553913.64368240221     
  -541165.27985027758     
  -527348.34788599343     
  -512286.39556215121     
  -497306.22556962899     
  -483514.17077427107     
  -467891.97794972238     
  -450277.63123210391     
  -430708.72641957406     
  -411401.63727731880     
  -390326.93292737904     
  -368416.12298409379     
  -346830.32560123451     
  -327590.44442702871     
  -310441.36379057361     
  -295155.71154828114     
  -279890.07051581965     
  -261563.96878168036     
  -240638.92974508717     
  -217816.81133727162     
  -194554.95624425757     
  -173322.02243646391     
  -154396.16961381838     
  -137526.50713137412     
  -122489.42826354809     
  -109085.64257620442     
  -97137.531111860953     
  -86486.789467287163     
  -76992.327517905316     
  -68528.397785969646     
  -60982.927414800775     
  -54256.031460686281     
  -48258.687718897418     
  -42911.555522812960     
  -38143.922898929639     
  -33892.768162338631     
  -30101.923539845309     
  -26721.329744950519     
  -23706.371623493673     
  -21017.286057174206     
  -18618.634267290396     
  -16478.831514103680     
  -14569.727948524724     
  -12866.235051789823     
  -11345.992704119699     
  -9989.0724628945809     
  -8777.7131117314802     
  -7696.0849703717122     
  -6730.0798371669498     
  -5867.1237762664932     
  -5096.0102648841666     
  -4406.7514862944063     
  -3790.4457950685946     
  -3239.1595957172008     
  -2745.8220672042535     
  -2304.1313362903461     
  -1908.4708546039246     
  -1553.8348697563404     
  -1235.7620015025011     
  -950.27604150850698     
  -693.83319114853566     
  -463.27503718806315     
  -255.78664135342635     
  -68.859187649471963     
   99.743308231676053     
   252.01366916409606     
   389.72800021584300     
   514.46925654643246     
   627.64824830926943     
   730.52236128410289     
   824.21224165311060     
   909.71666631917662     
   987.92579608780227     
   1059.6329875753886     
   1125.5453205815743     
   1186.2929806181305     
   1242.4376210953899     
   1294.4798161277577     
   1342.8657028528332     
   1387.9929014039390     
   1430.2157910906990     
   1469.8502127995423     
   1507.1776600122521     
   1542.4490140549376     
   1575.8878731419888     
   1607.6935193894719     
   1638.0435631684786     
   1667.0962998874336     
   1694.9928104764595     
   1721.8588334459766     
   1747.8064333606403     
   1772.9354878682602     
   1797.3350130156934     
