   2.5000000000000000        5.0000000000000003E-002  log
  -222400.16220646774     
  -215009.51043780666     
  -206765.10396169167     
  -197912.43110931266     
  -188642.46250262362     
  -178341.28870365402     
  -167452.61754616411     
  -156095.27648632950     
  -144158.56318858164     
  -131470.96719058420     
  -117815.19034025808     
  -104985.63325866035     
  -93550.405417769594     
  -83357.874285079670     
  -74272.897381111223     
  -66175.029004456344     
  -58956.921970199575     
  -52522.903154431529     
  -46787.703942954591     
  -41675.328737442404     
  -37118.046504662037     
  -33055.491988358110     
  -29433.864660842071     
  -26205.214791616698     
  -23326.807170416836     
  -20760.554056138088     
  -18472.509843108015     
  -16432.420752050642     
  -14613.323572533571     
  -12991.188109288301     
  -11544.598514107349     
  -10254.469124015226     
  -9103.7908220558238     
  -8077.4044014263527     
  -7161.7980587122083     
  -6344.9268804446119     
  -5616.0526331292112     
  -4965.6020163426319     
  -4385.0410934415477     
  -3866.7635108868667     
  -3403.9905316118834     
  -2990.6814766581547     
  -2621.4535544872324     
  -2291.5102201513296     
  -1996.5772582616144     
  -1732.8458154978982     
  -1496.9216533137183     
  -1285.7799500227798     
  -1096.7250457033936     
  -927.35458681513387     
  -775.52758660403401     
  -639.33597097358665     
  -517.07922737367880     
  -407.24181677003679     
  -308.47304643296536     
  -219.56913467376961     
  -139.45722826728738     
  -67.181159579515381     
  -1.8887537637877394     
   57.179482860076959     
   110.70044367313108     
   159.27740587814986     
   203.44803726290186     
   243.69153197928929     
   280.43497012080911     
   314.05898555667875     
   344.90281728413430     
   373.26881136695556     
   399.42643322818162     
   423.61584356044989     
   446.05108532145459     
   466.92292411728516     
   486.40137967399426     
   504.63798199633663     
   521.76778215760191     
   537.91114440720355     
   553.17534337985637     
   567.65598760318301     
   581.43828819505075     
   594.59818958721632     
   607.20337728065340     
   619.31417600593090     
   630.98435020751810     
   642.26181747461874     
   653.18928438584283     
   663.80481320539741     
   674.14232695083251     
   684.23205953453817     
   694.10095695229586     
   703.77303484257379     
   713.26969716128247     
   722.61002020071282     
   731.81100572149307     
   740.88780655653261     
   749.85392768063093     
   758.72140541386182     
   767.50096713668211     
   776.20217363611437     
   784.83354597186838     
   793.40267854585363     
   801.91633987545947     
