   2.5000000000000000        5.0000000000000003E-002  log
  -74783.379751338420     
  -67392.727982677359     
  -60058.941307871981     
  -53522.236889029395     
  -47695.932917392827     
  -42502.773727051288     
  -37873.904794118898     
  -33747.959232764413     
  -30070.243635523457     
  -26792.012435666282     
  -23869.821157203911     
  -21264.949974318781     
  -18942.889939227698     
  -16872.885069276159     
  -15027.524223438473     
  -13382.377356769954     
  -11915.671328253517     
  -10608.000960884090     
  -9442.0715196920828     
  -8402.4691899816880     
  -7475.4565100145292     
  -6648.7900447829315     
  -5911.5578849300728     
  -5254.0348212821373     
  -4667.5532840631749     
  -4144.3883487147878     
  -3677.6552982955568     
  -3261.2183959977442     
  -2889.6096593647271     
  -2557.9565352268119     
  -2261.9174418695047     
  -1997.6241723471474     
  -1761.6301816662153     
  -1550.8639180090868     
  -1362.5867118065223     
  -1194.3552152360655     
  -1043.9885991932017     
  -909.54035794498805     
  -789.27394277090025     
  -681.64117849490299     
  -585.26268519974417     
  -498.90996605175246     
  -421.48909134565179     
  -352.02596826599643     
  -289.65314547287483     
  -233.59805130069881     
  -183.17253607610670     
  -137.76358235962786     
  -96.825053027151014     
  -59.870358748130535     
  -26.465939417899186     
   3.7745334570680154     
   31.195315230625038     
   56.103179438528983     
   78.771505425938614     
   99.443918316916623     
   118.33753089764140     
   135.64583133307300     
   151.54125567759721     
   166.17747977508981     
   179.69146129165767     
   192.20525921759898     
   203.82765515736500     
   214.65559804962390     
   224.77549158298055     
   234.26434146119240     
   243.19077779418535     
   251.61596622105685     
   259.59441988508820     
   267.17472305792876     
   274.40017603234281     
   281.30936985412160     
   287.93669852969180     
   294.31281551395654     
   300.46504054175182     
   306.41772220602792     
   312.19256109760119     
   317.80889779719007     
   323.28396954343367     
   328.63313898445818     
   333.87009804974292     
   339.00704964860881     
   344.05486960719361     
   349.02325099337764     
   353.92083274528164     
   358.75531431056663     
   363.53355781805175     
   368.26167913765858     
   372.94512903719306     
   377.58876551302438     
   382.19691825457016     
   386.77344609809160     
   391.32178823225416     
   395.84500983498214     
   400.34584274722971     
   404.82672172342421     
   409.28981673963273     
   413.73706178818748     
   418.17018054087526     
   422.59070922124261     
   427.00001698952940     
