   2.5000000000000000        5.0000000000000003E-002  log
  -11801.417937925160     
  -10515.970222304974     
  -9370.1033911843551     
  -8348.6387420909559     
  -7438.0477932446320     
  -6626.2728500298854     
  -5902.5671416422920     
  -5257.3523716962000     
  -4682.0917616461193     
  -4169.1768835281937     
  -3711.8267745706798     
  -3303.9979982869881     
  -2940.3044654883083     
  -2615.9459573459253     
  -2326.6444053703253     
  -2068.5870839863233     
  -1838.3759630855982     
  -1632.9825514243562     
  -1449.7076363815975     
  -1286.1453910930477     
  -1140.1513783327132     
  -1009.8140359022118     
  -893.42928375099530     
  -789.47794623321715     
  -696.60572505872187     
  -613.60547951202875     
  -539.40156830558453     
  -473.03599454503490     
  -413.65609294802090     
  -360.50351585343270     
  -312.90429161516022     
  -270.25971386494666     
  -232.03778722805342     
  -197.76500950707921     
  -167.01853743432332     
  -139.41918888446068     
  -114.62589350828252     
  -92.331803108826833     
  -72.261605167738367     
  -54.169278759689682     
  -37.835766891597160     
  -23.066448980987733     
  -9.6885421965028335     
   2.4514004199976860     
   13.489784277095168     
   23.548012833348459     
   32.734263883849572     
   41.145010347066055     
   48.866300500602954     
   55.974821371194004     
   62.538783250083377     
   68.618678767909145     
   74.267976898326097     
   79.533802423617956     
   84.457625428837844     
   89.075954300255276     
   93.421003822527766     
   97.521305172836747     
   101.40223443536819     
   105.08645203376149     
   108.59425910040646     
   111.94388448761366     
   115.15171810114819     
   118.23250459123902     
   121.19950831327715     
   124.06465728375713     
   126.83867125953466     
   129.53117720953674     
   132.15081423380997     
   134.70532924727144     
   137.20166432540231     
   139.64603638399862     
   142.04400975132708     
   144.40056213594616     
   146.72014446605908     
   149.00673505955811     
   151.26388856935054     
   153.49478013239852     
   155.70224513201472     
   157.88881496145891     
   160.05674915342172     
   162.20806421536179     
   164.34455948561620     
   166.46784030036395     
   168.57933873735797     
   170.68033217920407     
   172.77195991708058     
   174.85523799529849     
   176.93107247806282     
   179.00027130222449     
   181.06355486368091     
   183.12156547033962     
   185.17487578113338     
   187.22399633838700     
   189.26938228979807     
   191.31143938632172     
   193.35052933325423     
   195.38697456371139     
   197.42106249641282     
   199.45304933314040     
   201.48316344536792     
