   2.5000000000000000        5.0000000000000003E-002  log
  -756091.60646731989     
  -748700.95469865878     
  -740456.54822254379     
  -731603.87537016475     
  -722333.90676347574     
  -712032.73296450614     
  -701144.06180701626     
  -689786.72074718168     
  -677850.00744943379     
  -665162.41145143635     
  -651506.63460111024     
  -636711.08263098623     
  -620951.92915737489     
  -606501.49008454790     
  -591501.40447329183     
  -574254.46473773569     
  -555110.59381608048     
  -535351.35097434546     
  -514265.49451372656     
  -492548.90150418185     
  -470073.65817128209     
  -449778.82687290525     
  -431689.47902440606     
  -415565.77105728368     
  -400588.03102846915     
  -382821.63699656742     
  -362396.72345588112     
  -340031.64073799754     
  -316007.74473279319     
  -290859.31634221616     
  -267790.52855588088     
  -247228.34272356512     
  -228900.17401786370     
  -212563.08114027212     
  -198000.54128445644     
  -185019.57579014459     
  -170059.26633086088     
  -154222.42268765782     
  -137341.65626789126     
  -122294.33412116609     
  -108881.06542057087     
  -96924.143781377134     
  -86265.189190733508     
  -76763.046186665204     
  -68291.910541060148     
  -60739.659662747203     
  -54006.364592707447     
  -48002.963849071028     
  -42650.081517813771     
  -37876.973896990079     
  -33620.590708966549     
  -29824.738417009310     
  -26439.334539065683     
  -23419.743060393466     
  -20726.182123835504     
  -18323.196136353556     
  -16179.185285724396     
  -14265.986223468622     
  -12558.498349287142     
  -11034.350737567021     
  -9673.6052859427382     
  -8458.4921466345131     
  -7373.1739297232843     
  -6403.5355493544494     
  -5536.9969241621902     
  -4762.3460464921918     
  -4069.5902052999727     
  -3449.8233885033974     
  -2895.1081052691784     
  -2398.3700600641610     
  -1953.3042808427069     
  -1554.2914557349914     
  -1196.3233680647043     
  -874.93644025629851     
  -586.15250479373822     
  -326.42601629265528     
  -92.597004218528511     
   118.15085804080424     
   308.32762414845348     
   480.17038172945047     
   635.67293718321650     
   776.61227229802068     
   904.57212373146149     
   1020.9639982430130     
   1127.0459025385171     
   1223.9390362606905     
   1312.6426696318081     
   1394.0474031660951     
   1468.9469854003580     
   1538.0488454571168     
   1601.9834802010764     
   1661.3128205509015     
   1716.5376879622454     
   1768.1044400250973     
   1816.4108933585312     
   1861.8116023961163     
   1904.6225641082899     
   1945.1254110905288     
   1983.5711486570669     
   2020.1834855291415     
   2055.1618023139863     
