   2.5000000000000000        5.0000000000000003E-002  log
  -494923.45289286028     
  -487532.80112419924     
  -479288.39464808424     
  -470435.72179570526     
  -461165.75318901619     
  -450864.57939004659     
  -439975.90823255671     
  -428618.56717272208     
  -416681.85387497424     
  -403994.25787697674     
  -390338.48102665064     
  -375542.92905652663     
  -359783.77558291535     
  -345333.33651008829     
  -330333.25089883228     
  -313086.31116327608     
  -293942.44024162093     
  -274183.19739988598     
  -253097.34093926699     
  -231380.74792972230     
  -208905.50459682252     
  -188610.67329844568     
  -170521.32544994651     
  -154397.61748282411     
  -139419.87745400961     
  -124203.23046030759     
  -110639.75962257394     
  -98549.684762485107     
  -87772.777126181754     
  -78166.233477795249     
  -69602.781385258219     
  -61968.990405922435     
  -55163.766549440421     
  -49097.009886716478     
  -43688.417625288035     
  -38866.417320038418     
  -34567.216769047307     
  -30733.958272759977     
  -27315.965629448179     
  -24268.073152280813     
  -21550.027313158986     
  -19125.952994212988     
  -16963.877432236022     
  -15035.305745085916     
  -13314.842552117148     
  -11779.854741660021     
  -10410.170937254399     
  -9187.8136773092301     
  -8096.7607475601326     
  -7122.7324904066654     
  -6253.0022607088740     
  -5476.2275064029764     
  -4782.2992275997231     
  -4162.2078130355503     
  -3607.9234710759647     
  -3112.2896668674830     
  -2668.9281503423458     
  -2272.1543139534151     
  -1916.9017563455320     
  -1598.6550505093146     
  -1313.3898239604921     
  -1057.5193556051629     
  -827.84698048872224     
  -621.52367073983078     
  -436.01022973932180     
  -269.04359778302705     
  -118.60682208234344     
   17.097707416984800     
   139.67211157226598     
   250.54428148213893     
   350.98682594289670     
   442.13395835735622     
   524.99654718548368     
   600.47552965496311     
   669.37386672956370     
   732.40719797517784     
   790.21333771078002     
   843.36073845530655     
   892.35603397747377     
   937.65076204195850     
   979.64735606005638     
   1018.7044851514488     
   1055.1418134772887     
   1089.2442419987237     
   1121.2656889469308     
   1151.4324591696118     
   1179.9462470634537     
   1206.9868129398938     
   1232.7143683381410     
   1257.2717019372633     
   1280.7860742770310     
   1303.3709064294085     
   1325.1272850284145     
   1346.1453036292517     
   1366.5052581957673     
   1386.2787125796833     
   1405.5294481298827     
   1424.3143100325187     
   1442.6839616123866     
   1460.6835566046877     
   1478.3533383178435     
