   2.5000000000000000        5.0000000000000003E-002  log
  -722026.19513152074     
  -714635.54336285975     
  -706391.13688674476     
  -697538.46403436572     
  -688268.49542767671     
  -677967.32162870711     
  -667078.65047121712     
  -655721.30941138254     
  -643784.59611363465     
  -631097.00011563720     
  -617441.22326531110     
  -602645.67129518709     
  -586886.51782157586     
  -572436.07874874875     
  -557435.99313749280     
  -540189.05340193654     
  -521045.18248028139     
  -501285.93963854644     
  -480200.08317792747     
  -458483.49016838276     
  -436008.24683548301     
  -415713.41553710616     
  -397624.06768860703     
  -381500.35972148459     
  -366522.61969267012     
  -348756.22566076834     
  -328331.31212008203     
  -305966.22940219846     
  -281942.33339699410     
  -256793.90500641707     
  -233725.11722008183     
  -213162.93138776603     
  -194834.76268206464     
  -178497.66980447306     
  -163935.12994865738     
  -150954.16445434553     
  -135993.85499506179     
  -121102.12040640581     
  -107827.62456151903     
  -95994.488349307867     
  -85445.959779672819     
  -76042.334371194986     
  -67659.101342998547     
  -60185.291217880760     
  -53522.003054976158     
  -47581.091843110989     
  -42283.998663933206     
  -37560.708104365251     
  -33348.819077061853     
  -29592.716710279634     
  -26242.834310495786     
  -23254.995597964418     
  -20589.828482197176     
  -18212.242594981351     
  -16090.963645584281     
  -14198.118417524794     
  -12508.864898799438     
  -11001.062636714405     
  -9654.9789424897863     
  -8453.0270466899528     
  -7379.5327306305717     
  -6420.5263368628230     
  -5563.5573986651989     
  -4797.5294286603021     
  -4112.5526742069733     
  -3499.8128856506378     
  -2951.4543560135012     
  -2460.4756800926584     
  -2020.6368497227104     
  -1626.3764523907255     
  -1272.7378744621253     
  -955.30352976588233     
  -670.13624078211933     
  -413.72699458823803     
  -182.94838031065234     
   24.986909779298831     
   212.56306619415957     
   381.99412596753291     
   535.25335161061025     
   674.09941513069316     
   800.09973455908357     
   914.65127265095452     
   1018.9990737441495     
   1114.2527847504216     
   1201.4013795031472     
   1281.3262818450687     
   1354.8130615917926     
   1422.5618585696209     
   1485.1966730485713     
   1543.2736458491415     
   1597.2884379949301     
   1647.6828078347223     
   1694.8504729085284     
   1739.1423343410424     
   1780.8711330870933     
   1820.3155998146797     
   1857.7241534920413     
   1893.3181977567988     
   1927.2950588079943     
   1959.8306038050919     
   1991.0815745185134     
