   2.5000000000000000        5.0000000000000003E-002  log
  -483568.31578092725     
  -476177.66401226621     
  -467933.25753615121     
  -459080.58468377223     
  -449810.61607708316     
  -439509.44227811357     
  -428620.77112062369     
  -417263.43006078905     
  -405326.71676304122     
  -392639.12076504377     
  -378983.34391471761     
  -364187.79194459360     
  -348428.63847098232     
  -333978.19939815532     
  -318978.11378689925     
  -301731.17405134306     
  -282587.30312968791     
  -262828.06028795295     
  -241742.20382733399     
  -220025.61081778927     
  -197550.36748488949     
  -177255.53618651265     
  -159166.18833801351     
  -143042.48037089108     
  -128223.17908085141     
  -114225.26418338444     
  -101748.02077025008     
  -90626.078421858052     
  -80712.051095338364     
  -71874.581633039765     
  -63996.598930844128     
  -56973.764489208166     
  -50713.087520606154     
  -45131.690083059162     
  -40155.705986897636     
  -35719.299415282570     
  -31763.790941627845     
  -28236.879632191791     
  -25091.950507051915     
  -22287.457447121469     
  -19786.372867449343     
  -17555.696775022669     
  -15566.018864360536     
  -13791.128046172924     
  -12207.664372336279     
  -10794.808812325620     
  -9534.0067912028899     
  -8408.7218232503637     
  -7404.2159653025938     
  -6507.3541675808792     
  -5706.4299177401890     
  -4991.0098580272352     
  -4351.7953088349441     
  -3780.4988576114283     
  -3269.7343730014968     
  -2812.9189829794323     
  -2404.1857150108949     
  -2038.3056381300532     
  -1710.6184731623248     
  -1416.9707498727612     
  -1153.6606900918709     
  -917.38908521143514     
  -705.21551604944011     
  -514.51933401975975     
  -342.96488575542486     
  -188.47051966673874     
  -49.180963117306099     
   76.557296359795998     
   190.21795251198259     
   293.11443565571841     
   386.41734130780429     
   471.16996344000756     
   548.30213848407698     
   618.64258379652881     
   682.92989431320223     
   741.82234331721281     
   795.90661737419327     
   845.70560134494895     
   891.68531678013892     
   934.26110576699648     
   973.80314228533928     
   1010.6413442062806     
   1045.0697511137141     
   1077.3504260402663     
   1107.7169328918940     
   1136.3774357048521     
   1163.5174608606071     
   1189.3023589118629     
   1213.8794986868388     
   1237.3802227863855     
   1259.9215904223245     
   1281.6079307235141     
   1302.5322271211526     
   1322.7773511833252     
   1342.4171622710865     
   1361.5174876078802     
   1380.1369957672553     
   1398.3279751695527     
   1416.1370279177609     
   1433.6056881793374     
   1450.7709733195559     
