   2.5000000000000000        5.0000000000000003E-002  log
  -631185.09823605663     
  -623794.44646739552     
  -615550.03999128053     
  -606697.36713890149     
  -597427.39853221248     
  -587126.22473324288     
  -576237.55357575300     
  -564880.21251591831     
  -552943.49921817053     
  -540255.90322017309     
  -526600.12636984698     
  -511804.57439972291     
  -496045.42092611163     
  -481594.98185328458     
  -466594.89624202857     
  -449347.95650647237     
  -430204.08558481722     
  -410444.84274308226     
  -389358.98628246330     
  -367642.39327291859     
  -345167.14994001877     
  -324872.31864164193     
  -306782.97079314280     
  -290659.26282602042     
  -275681.52279720589     
  -257915.12876530414     
  -237490.21522461783     
  -215125.13250673428     
  -191657.17572140275     
  -170739.34700709031     
  -152094.32588209549     
  -135474.95143876848     
  -120660.94228437213     
  -107455.97260561718     
  -95685.065691099488     
  -85192.270876628914     
  -75838.593793377833     
  -67500.152739985715     
  -60066.536310237389     
  -53439.339760263181     
  -47530.860202433236     
  -42262.933232681993     
  -37565.895721807618     
  -33377.661213616251     
  -29642.895805575419     
  -26312.283650297337     
  -23341.872358081153     
  -20692.489616975250     
  -18329.223282447794     
  -16220.958028826193     
  -14339.962406007080     
  -12661.520815426518     
  -11163.605516956288     
  -9826.5843109134730     
  -8632.9600137694215     
  -7567.1382687633013     
  -6615.2206091366261     
  -5764.8200271616734     
  -5004.8966010345957     
  -4325.6109980421534     
  -3718.1939097469763     
  -3174.8296864355802     
  -2688.5526265538570     
  -2253.1545448252978     
  -1863.1023924420404     
  -1513.4648361281081     
  -1199.8468217708264     
  -918.33125427988284     
  -665.42701977122385     
  -438.02266033899548     
  -233.34508669056353     
  -48.922780773095603     
   117.44699989727155     
   267.72745139015717     
   403.66827385874632     
   526.82888905966627     
   638.59913298096433     
   740.21769815963489     
   832.78857040926357     
   917.29567806491275     
   994.61594813318811     
   1065.5309425957291     
   1130.7372292736393     
   1190.8556248685832     
   1246.4394328306068     
   1297.9817853645934     
   1345.9221869996372     
   1390.6523465507807     
   1432.5213748599078     
   1471.8404172868075     
   1508.8867824208849     
   1543.9076217991048     
   1577.1232094578768     
   1608.7298648365966     
   1638.9025578180531     
   1667.7972304730417     
   1695.5528663173525     
   1722.2933345389449     
   1748.1290336671009     
   1773.1583564940604     
   1797.4689956877760     
