   2.5000000000000000        5.0000000000000003E-002  log
  -347306.67043773097     
  -339916.01866906992     
  -331671.61219295493     
  -322818.93934057595     
  -313548.97073388688     
  -303247.79693491728     
  -292359.12577742740     
  -281001.78471759276     
  -269065.07141984493     
  -256377.47542184746     
  -242721.69857152135     
  -227926.14660139734     
  -212166.99312778603     
  -197716.55405495901     
  -182716.46844370296     
  -165469.52870814677     
  -147573.25664799646     
  -131493.50406129812     
  -117161.19127203418     
  -104386.28621961997     
  -92999.422766853342     
  -82849.653275719058     
  -73802.445585806665     
  -65737.897823218504     
  -58549.147362383061     
  -52140.952843144019     
  -46428.430443231206     
  -41335.927650039033     
  -36796.019589465017     
  -32748.614570536240     
  -29140.156903168143     
  -25922.916260160837     
  -23054.353940695670     
  -20496.557472402215     
  -18215.736182583099     
  -16181.771596496981     
  -14367.817402209921     
  -12749.943959277729     
  -11306.822229545365     
  -10019.442213247903     
  -8870.8616629217140     
  -7845.9816614323681     
  -6931.3462539692309     
  -6114.9636812444696     
  -5386.1469863386155     
  -4735.3719540262900     
  -4154.1505241012555     
  -3634.9180015442566     
  -3170.9325600665961     
  -2756.1856965574057     
  -2385.3224400750114     
  -2053.5702501004653     
  -1756.6756556974010     
  -1490.8477912747808     
  -1252.7080771746319     
  -1039.2453755810038     
  -847.77602542477541     
  -675.90822506986217     
  -521.51028951842648     
  -382.68236046770335     
  -257.73119349694855     
  -145.14768758578793     
  -43.586858619234270     
   48.150008988619120     
   131.13126948433293     
   206.30909292764366     
   274.53210048176476     
   336.55662554377216     
   393.05675017340582     
   444.63325002034730     
   491.82156646106159     
   535.09891174388213     
   574.89060143348706     
   611.57569819030732     
   645.49204178046045     
   676.94073206608550     
   706.19012446629301     
   733.47939090891396     
   759.02169352693272     
   783.00701321436418     
   805.60467057615153     
   826.96557272462326     
   847.22421573697079     
   866.50046934579825     
   884.90116754502185     
   902.52152621790060     
   919.44640659858248     
   935.75144133278684     
   951.50403807996543     
   966.76427397429075     
   981.58569281355051     
   996.01601555426009     
   1010.0977735409100     
   1023.8688728719775     
   1037.3630973915447     
   1050.6105569809581     
   1063.6380870991140     
   1076.4696048730559     
   1089.1264264640049     
   1101.6275499200970     
   1113.9899072691180     
