   2.5000000000000000        5.0000000000000003E-002  log
  -766886.25448721659     
  -759274.46762600541     
  -751294.27906512620     
  -742383.47905075620     
  -733189.56095350126     
  -723050.31575775461     
  -712003.81960134069     
  -700612.62773971900     
  -688660.35879876732     
  -676030.13017049001     
  -662458.15817596298     
  -647910.66169573017     
  -632032.65935234982     
  -616376.27357993368     
  -601681.29174449435     
  -584945.95650929527     
  -566178.07140717935     
  -545772.92940243508     
  -525151.56195300503     
  -503110.18928347551     
  -480296.95699427737     
  -458889.18170687184     
  -439807.89679903141     
  -422800.10010602366     
  -407593.58452124125     
  -390586.95738340088     
  -370682.87504174269     
  -348564.34845447144     
  -324519.04421002767     
  -299277.15760456538     
  -275291.53478195786     
  -253912.18875358053     
  -234855.69549799716     
  -217869.45402424535     
  -202728.33272770848     
  -189231.68015166500     
  -174999.95983878581     
  -159332.39941302681     
  -142157.49412394865     
  -126584.80475677236     
  -112703.27324114874     
  -100328.98232893771     
  -89298.016810680041     
  -79464.288165765378     
  -70697.595706528780     
  -62881.898580973051     
  -55913.775732439033     
  -49701.053379044613     
  -44161.581788760566     
  -39222.145106018848     
  -34817.489753271788     
  -30889.458506900795     
  -27386.218751346722     
  -24261.574666740231     
  -21474.354220300684     
  -18987.862825246062     
  -16769.396416199921     
  -14789.807478920007     
  -13023.118275133733     
  -11446.176129716230     
  -10038.346205728070     
  -8781.2376903689146     
  -7658.4597583153163     
  -6655.4040740882683     
  -5759.0509472884178     
  -4957.7965684219380     
  -4241.2990327854695     
  -3600.3411091985572     
  -3026.7079325761915     
  -2513.0779973720305     
  -2052.9260054230454     
  -1640.4362790313673     
  -1270.4255903166579     
  -938.27438282299534     
  -639.86547272628661     
  -371.52941623942661     
  -129.99581826993892     
   87.650063777490701     
   284.00599689715341     
   461.38724329791216     
   621.85728254649791     
   767.25519270383393     
   899.22005378633582     
   1019.2126973720034     
   1128.5350909559224     
   1228.3476142742411     
   1319.6844568432887     
   1403.4673410301039     
   1480.5177527513956     
   1551.5678420950564     
   1617.2701385089838     
   1678.2062094719749     
   1734.8943775420792     
   1787.7965981830200     
   1837.3245896333160     
   1883.8452961577857     
   1927.6857571754936     
   1969.1374468745366     
   2008.4601418977441     
   2045.8853684211426     
   2081.6194743658430     
