   2.5000000000000000        5.0000000000000003E-002  log
  -2178.9751301417605     
  -1940.9310230079664     
  -1728.6800877194889     
  -1539.4173410355950     
  -1370.6428390115418     
  -1220.1285042614520     
  -1085.8885607267575     
  -966.15318364815823     
  -859.34501515293925     
  -764.05823409536140     
  -679.03990328002567     
  -603.17334872911044     
  -535.46335461971410     
  -475.02298328688340     
  -421.06185040843638     
  -372.87569916788954     
  -329.83712380353637     
  -291.38729591982468     
  -257.02855254182100     
  -226.31771972321516     
  -198.86007314440465     
  -174.30387500885124     
  -152.33546461207985     
  -132.67490395133987     
  -115.07218022379769     
  -99.303948055814303     
  -85.170771284217551     
  -72.494810361880639     
  -61.117895893914572     
  -50.899916002948707     
  -41.717403878381376     
  -33.462128068763512     
  -26.039387394801075     
  -19.365713373922443     
  -13.365980194782498     
  -7.9705290041947574     
  -3.1133316032751068     
   1.2682020135366079     
   5.2322047441759238     
   8.8311623938236163     
   12.111308423057837     
   15.112731612482493     
   17.869950640828637     
   20.412666718347811     
   22.766507696885508     
   24.953681393644072     
   26.993519001338402     
   28.902917575457607     
   30.696699088029700     
   32.387903465081486     
   33.988030139310233     
   35.507239403531479     
   36.954522078090918     
   38.337843866357311     
   39.664269193185575     
   40.940068175237442     
   42.170809542419242     
   43.361441725195093     
   44.516363876770477     
   45.639488265395208     
   46.734295217901426     
   47.803881598683873     
   48.851003653136161     
   49.878114920255364     
   50.887399818087061     
   51.880803422456815     
   52.860057890078579     
   53.826705918747699     
   54.782121587752279     
   55.727528879232757     
   56.664018144720828     
   57.592560749508550     
   58.514022100052877     
   59.429173235679720     
   60.338701144902643     
   61.243217948292056     
   62.143269073670375     
   63.039340535172698     
   63.931865415151847     
   64.821229636809107     
   65.707777105615932     
   66.591814288900963     
   67.473614295274814     
   68.353420508735809     
   69.231449826239398     
   70.107895542133448     
   70.982929918082874     
   71.856706472859983     
   72.729362022602061     
   73.601018498781144     
   74.471784568145182     
   75.341757076233719     
   76.211022333707987     
   77.079657262631585     
   77.947730417965488     
   78.815302897874474     
   79.682429154957717     
   80.549157719194625     
   81.415531842220020     
   82.281590071494762     
   83.147366762003600     
