   2.5000000000000000        5.0000000000000003E-002  log
  -698755.43181561842     
  -691143.64495440724     
  -683163.45639352803     
  -674252.65637915814     
  -665058.73828190309     
  -654919.49308615644     
  -643872.99692974263     
  -632481.80506812083     
  -620529.53612716915     
  -607899.30749889184     
  -594327.33550436480     
  -579779.83902413200     
  -563901.83668075164     
  -548245.45090833551     
  -533550.46907289617     
  -516815.13383769710     
  -498047.24873558118     
  -477642.10673083691     
  -457020.73928140686     
  -434979.36661187734     
  -412166.13432267919     
  -390758.35903527372     
  -371677.07412743330     
  -354669.27743442554     
  -339462.76184964314     
  -322456.13471180270     
  -302552.05237014452     
  -280433.52578287333     
  -256388.22153842953     
  -231146.33493296723     
  -207160.71211035972     
  -185781.36608198239     
  -166724.87282639902     
  -149738.63135264721     
  -134597.51005611033     
  -121100.85748006687     
  -108196.09173123103     
  -96329.891485476168     
  -85751.973294341966     
  -76322.230613256266     
  -67915.793897493029     
  -60421.374165005298     
  -53739.786216624409     
  -47782.632214136829     
  -42471.128344685421     
  -37735.059094181299     
  -33511.845281366397     
  -29745.713484124990     
  -26386.955825218025     
  -23391.270282594003     
  -20719.172759951925     
  -18335.473108009519     
  -16208.808137756048     
  -14311.225424936532     
  -12617.812380226349     
  -11106.365661077207     
  -9757.0965371306884     
  -8552.3682985956639     
  -7476.4622224652894     
  -6515.3689905946176     
  -5656.6027915302675     
  -4889.0356390812121     
  -4202.7497089530625     
  -3588.9057339064952     
  -3039.6257110229340     
  -2547.8883645993851     
  -2107.4359774725999     
  -1712.6913544387594     
  -1358.6838158918727     
  -1040.9832396372528     
  -755.64127563653733     
  -499.13895362548834     
  -268.33998837861031     
  -60.449163001415805     
   127.02476198458527     
   296.30210594312632     
   449.36173046488096     
   587.96729770005061     
   713.69067311635240     
   827.93278322465699     
   931.94220504309078     
   1026.8317339716457     
   1113.5931499238318     
   1193.1103776536804     
   1266.1712159081997     
   1333.4777910444541     
   1395.6558738247625     
   1453.2631830184994     
   1506.7967859944722     
   1556.6996945054079     
   1603.3667431867373     
   1647.1498287738946     
   1688.3625795594448     
   1727.2845170509679     
   1764.1647650524221     
   1799.2253553862890     
   1832.6641741214523     
   1864.6575874014986     
   1895.3627817165989     
   1924.9198496729812     
   1953.4536489368952     
