   2.5000000000000000        5.0000000000000003E-002  log
  -687400.29470368533     
  -679788.50784247427     
  -671808.31928159506     
  -662897.51926722506     
  -653703.60116997000     
  -643564.35597422346     
  -632517.85981780954     
  -621126.66795618786     
  -609174.39901523618     
  -596544.17038695887     
  -582972.19839243183     
  -568424.70191219903     
  -552546.69956881867     
  -536890.31379640254     
  -522195.33196096320     
  -505459.99672576407     
  -486692.11162364815     
  -466286.96961890388     
  -445665.60216947383     
  -423624.22949994431     
  -400810.99721074622     
  -379403.22192334069     
  -360321.93701550027     
  -343314.14032249252     
  -328107.62473771011     
  -311100.99759986968     
  -291196.91525821155     
  -269078.38867094030     
  -245033.08442649650     
  -219791.19782103421     
  -195805.57499842669     
  -174426.22897004936     
  -155369.73571446599     
  -138383.49424071421     
  -123242.37294417732     
  -109745.72036813384     
  -97714.701768862185     
  -86989.926770938211     
  -77429.336203238912     
  -68906.319021425035     
  -61308.033558013696     
  -54533.910687834650     
  -48494.319294217261     
  -43109.376623937373     
  -38307.887941622917     
  -34026.401505613154     
  -30208.366353171928     
  -26803.381717596418     
  -23766.528105824615     
  -21057.771147694948     
  -18641.430295656945     
  -16485.705316820469     
  -14562.254288339487     
  -12845.817492262649     
  -11313.882216284566     
  -9946.3840105017443     
  -8725.4404346320080     
  -7635.1137617030354     
  -6661.1994887391129     
  -5791.0378476185861     
  -5013.3458146123876     
  -4318.0673892171626     
  -3696.2401553883251     
  -3139.8763543854880     
  -2641.8568910385839     
  -2195.8368668874332     
  -1796.1613866209771     
  -1437.7905205766881     
  -1116.2324275662795     
  -827.48375058405691     
  -567.97649446671039     
  -334.53068058921667     
  -124.31215034254933     
   65.205042537415480     
   236.27214982724465     
   390.89560162619182     
   530.86363051730643     
   657.77000036890922     
   773.03515464560382     
   877.92506485593219     
   973.56802924558895     
   1060.9696446457990     
   1141.0261501450923     
   1214.5363196476058     
   1282.2120611254975     
   1344.6878632115504     
   1402.5292144828641     
   1456.2401071546840     
   1506.2697247540470     
   1553.0184025147812     
   1596.8429395848120     
   1638.0613335356518     
   1676.9569999982191     
   1713.7825334170575     
   1748.7630588259326     
   1782.0992191208782     
   1813.9698374700158     
   1844.5342901887436     
   1873.9346215669214     
   1902.2974287105440     
   1929.7355414086187     
