   2.5000000000000000        5.0000000000000003E-002  log
  -402786.20015153324     
  -395537.00478489045     
  -387382.39882606082     
  -378693.57516172016     
  -369303.95488098037     
  -359550.30965231959     
  -348524.09733680834     
  -337067.76623665111     
  -325069.57946347626     
  -312463.59489688952     
  -298944.53084893699     
  -284562.68361352599     
  -268969.22668436466     
  -252413.90016663761     
  -237269.47086991512     
  -221018.56844984391     
  -202545.32963746687     
  -182009.46551580314     
  -162179.21488197756     
  -144504.10817933432     
  -128749.77552723711     
  -114707.33455005282     
  -102190.61863625626     
  -91033.706625460589     
  -81088.721150107129     
  -72223.866429951202     
  -64321.679505004839     
  -57277.471746157447     
  -50997.940072528734     
  -45399.929735721540     
  -40409.332868594429     
  -35960.108893581564     
  -31993.412732168847     
  -28456.812086895599     
  -25303.572228638608     
  -22492.008832089497     
  -19984.936042913945     
  -17749.201731957906     
  -15755.267710739894     
  -13976.819764079459     
  -12390.413571705019     
  -10975.159092307456     
  -9712.4405875564407     
  -8585.6681008529940     
  -7580.0565359736083     
  -6682.4290592411016     
  -5881.0420335915287     
  -5165.4290687621060     
  -4526.2620713985561     
  -3955.2274273564640     
  -3444.9156607465170     
  -2988.7230989499762     
  -2580.7642351789937     
  -2215.7936237118747     
  -1889.1362702890005     
  -1596.6255933507930     
  -1334.5481325188086     
  -1099.5942703976978     
  -888.81431365110802     
  -699.57935046674743     
  -529.54636493441910     
  -376.62714536571934     
  -238.96057393965725     
  -114.88792993540457     
  -2.9308788085764004     
   98.228144987675748     
   189.76342176750723     
   272.72152898108129     
   348.03522897152936     
   416.53584641543341     
   478.96429969885105     
   535.98093261753957     
   588.17427686946507     
   636.06886161861041     
   680.13217376319869     
   720.78086127089375     
   758.38626189873958     
   793.27933066324806     
   825.75503144730976     
   856.07625101961708     
   884.47728740465118     
   911.16695889290486     
   936.33137494691846     
   960.13640577208992     
   982.72988332254306     
   1004.2435629485284     
   1024.7948717155937     
   1044.4884665949587     
   1063.4176232015636     
   1081.6654735076972     
   1099.3061089560586     
   1116.4055636100134     
   1133.0226903869493     
   1149.2099420018894     
   1165.0140669840707     
   1180.4767300022556     
   1195.6350647301547     
   1210.5221665881759     
   1225.1675318999148     
   1239.5974492907385     
   1253.8353485221048     
