   2.5000000000000000        5.0000000000000003E-002  log
  -164328.32080093975     
  -157079.12543429693     
  -148924.51947546730     
  -140235.69581112664     
  -130846.07553038685     
  -121092.43030172610     
  -110066.21798621480     
  -98609.886886057619     
  -87873.767335305733     
  -78304.470802371972     
  -69775.106378704659     
  -62172.582423016480     
  -55396.105903915006     
  -49355.844937614427     
  -43971.736773416284     
  -39172.425409651041     
  -34894.314742889219     
  -31080.724686287718     
  -27681.139059274854     
  -24650.535268532636     
  -21948.786885587506     
  -19540.131193772704     
  -17392.694640026166     
  -15478.069897063879     
  -13770.938930086420     
  -12248.737079147826     
  -10891.353722699765     
  -9680.8655945954870     
  -8601.2993250937379     
  -7638.4203433956400     
  -6779.5459553005703     
  -6013.3808262512130     
  -5329.8716269231736     
  -4720.0717520942990     
  -4176.0031366443409     
  -3690.5233684165059     
  -3257.2321055777538     
  -2870.4148358717352     
  -2524.9871726171918     
  -2216.4293744290576     
  -1940.7214662520246     
  -1694.2853726736096     
  -1473.9346612097943     
  -1276.8307585718849     
  -1100.4445018122981     
  -942.52216928372252     
  -801.05535776617842     
  -674.25421329326537     
  -560.52361362461033     
  -458.44196237562682     
  -366.74230095108209     
  -284.29548103309031     
  -210.09517075277427     
  -143.24449361229071     
  -82.944121752318424     
  -28.481664928436842     
   20.777785987669134     
   65.400086701579383     
   105.88955036962388     
   142.69564142455590     
   176.21894125494518     
   206.81646495953180     
   234.80639977467533     
   260.47232809017584     
   284.06699112282570     
   305.81564321648631     
   325.91904130091649     
   344.55610919664116     
   361.88631213540128     
   378.05177301779605     
   393.17915850047501     
   407.38135994911022     
   420.75899156977061     
   433.40172560405398     
   445.38948231015371     
   456.79349052421765     
   467.67723287827732     
   478.09728821986727     
   488.10408241387603     
   497.74255749104196     
   507.05276802368371     
   516.07041264332770     
   524.82730775405105     
   533.35180972814885     
   541.66919118698581     
   549.80197636051344     
   557.77023997584024     
   565.59187364122181     
   573.28282326045939     
   580.85730062824371     
   588.32797201433277     
   595.70612623908380     
   603.00182447069494     
   610.22403373195039     
   617.38074588808422     
   624.47908369470781     
   631.52539531302966     
   638.52533854656065     
   645.48395591709584     
   652.40574157620699     
   659.29470094013561     
