   2.5000000000000000        5.0000000000000003E-002  log
  -334655.37747993512     
  -327406.18211329228     
  -319251.57615446264     
  -310562.75249012199     
  -301173.13220938219     
  -291419.48698072147     
  -280393.27466521016     
  -268936.94356505299     
  -256938.75679187814     
  -244332.77222529138     
  -230813.70817733888     
  -216431.86094192785     
  -200838.40401276655     
  -184283.07749503947     
  -169138.64819831698     
  -152887.74577824576     
  -136231.62546579362     
  -121385.65319280069     
  -108152.97705813755     
  -96358.152620256631     
  -85844.814856096607     
  -76473.603292517073     
  -68120.312778810214     
  -60674.245364670918     
  -54036.741420332546     
  -48119.870520530400     
  -42845.264744053988     
  -38143.078951779535     
  -33951.064355965340     
  -30213.743376107101     
  -26881.675446912770     
  -23910.804746731006     
  -21261.880131381149     
  -18899.932415758933     
  -16793.790886011520     
  -14915.642660041398     
  -13240.664820289185     
  -11746.723716599598     
  -10414.101390235599     
  -9225.2359149891672     
  -8164.4834563462182     
  -7217.9061632469020     
  -6373.0844434426281     
  -5618.9506613425892     
  -4945.6414945024835     
  -4344.3666447431251     
  -3807.2919788783188     
  -3327.4354556439612     
  -2898.5744109996340     
  -2515.1629475902087     
  -2172.2583197113104     
  -1865.4553303356508     
  -1590.8278661087252     
  -1344.8767925444799     
  -1124.4835169103351     
  -926.86860196779719     
  -749.55488101591777     
  -590.33458455922312     
  -447.24004223580567     
  -318.51757113061643     
  -202.60420390920811     
  -98.106947908103891     
  -3.7842999144870726     
   81.470228691653787     
   158.64279507678305     
   228.61231123794934     
   292.16210710153319     
   349.99032521782982     
   402.71918499858458     
   450.90323944145098     
   495.03673391399275     
   535.56016465282221     
   572.86612401257094     
   607.30451003365795     
   639.18716946160248     
   668.79203583195942     
   696.36681753402388     
   722.13228479431973     
   746.28519919829330     
   769.00092462491239     
   790.43575424108349     
   810.72898443480676     
   830.00476320780479     
   848.37373755539409     
   865.93452169390639     
   882.77500561861211     
   898.97352135628182     
   914.59988238814788     
   929.71631003601249     
   944.37825910427148     
   958.63515373377413     
   972.53104323197203     
   986.10518658191950     
   999.39257338628272     
   1012.4243881590286     
   1025.2284241257089     
   1037.8294520232587     
   1050.2495487930878     
   1062.5083905290467     
   1074.6235135675306     
   1086.6105471842397     
