   2.5000000000000000        5.0000000000000003E-002  log
  -698019.76506179187     
  -690770.56969514908     
  -682615.96373631945     
  -673927.14007197879     
  -664537.51979123894     
  -654783.87456257828     
  -643757.66224706697     
  -632301.33114690974     
  -620303.14437373495     
  -607697.15980714816     
  -594178.09575919562     
  -579796.24852378457     
  -564202.79159462336     
  -547647.46507689625     
  -532503.03578017373     
  -516252.13336010254     
  -497778.89454772550     
  -477243.03042606177     
  -456708.10458657611     
  -434515.70302018558     
  -411529.45351584692     
  -388955.01814193558     
  -368833.90381393541     
  -350899.31417856924     
  -334913.46675798058     
  -318694.41164781898     
  -299282.64317694010     
  -277401.59020837559     
  -253306.47244430502     
  -228459.54591071897     
  -203529.82194115384     
  -181309.01841762676     
  -161502.57149858389     
  -143847.96431786969     
  -128111.22407742419     
  -114083.79034734488     
  -101579.74878852571     
  -90433.392870232681     
  -80497.045169222372     
  -71639.099766502375     
  -63742.271012001023     
  -56702.032691189124     
  -50425.228247892039     
  -44828.833151677820     
  -39838.852430069783     
  -35389.338391633333     
  -31421.515322822099     
  -27882.999451085969     
  -24727.103776782966     
  -21912.218525492113     
  -19401.258987241359     
  -17161.173409196388     
  -15162.504408265380     
  -13378.998081857158     
  -11787.255628818428     
  -10366.422857130192     
  -9097.9134579368383     
  -7965.1623736850206     
  -6953.4059875621933     
  -6049.4862173748697     
  -5241.6759142328419     
  -4519.5232491257011     
  -3873.7130224480247     
  -3295.9430560956871     
  -2778.8140278989858     
  -2315.7312865353319     
  -1900.8173440423268     
  -1528.8338847410746     
  -1195.1122556596736     
  -895.49151609388571     
  -626.26322424937985     
  -384.12222830884076     
  -166.12280894390526     
   30.360408696358075     
   207.66729219953959     
   367.88325057924493     
   512.86690644023531     
   644.27475881482212     
   763.58316393351515     
   872.10792560312632     
   971.02175514613782     
   1061.3698325852433     
   1144.0836755614259     
   1219.9935000184134     
   1289.8392366728615     
   1354.2803494525947     
   1413.9045861879849     
   1469.2357776731253     
   1520.7407885858329     
   1568.8357125011626     
   1613.8913932026403     
   1656.2383455557879     
   1696.1711412410325     
   1733.9523175420918     
   1769.8158610571400     
   1803.9703125595336     
   1836.6015342077546     
   1867.8751758237913     
   1897.9388729660009     
   1926.9242059635626     
   1954.9484459077341     
