   2.5000000000000000        5.0000000000000003E-002  log
  -21685.400322278849     
  -19324.225506140298     
  -17219.544531694217     
  -15343.463934282081     
  -13671.123637359175     
  -12180.367074382948     
  -10851.447184636525     
  -9666.7643817306107     
  -8610.6330177849777     
  -7669.0732444111381     
  -6829.6255086178853     
  -6081.1852221130794     
  -5413.8554101637592     
  -4818.8153847544900     
  -4288.2036994165301     
  -3815.0138326095234     
  -3393.0012154375781     
  -3016.6003700140413     
  -2680.8510589519979     
  -2381.3324660344711     
  -2114.1045347190575     
  -1875.6556862703110     
  -1662.8562245633198     
  -1472.9168117749016     
  -1303.3514702456889     
  -1151.9446323753209     
  -1016.7218242586542     
  -895.92363835006199     
  -787.98275905040339     
  -691.50402482976335     
  -605.24787704356572     
  -528.11768643401160     
  -459.14972934265319     
  -397.49852012437566     
  -342.40612408190054     
  -293.16507707135582     
  -249.11019071305682     
  -209.63841364629999     
  -174.22095350830463     
  -142.39824662410476     
  -113.76895513150930     
  -87.980117411165352     
  -64.719686672770536     
  -43.710888573713419     
  -24.707765880416890     
  -7.4915061801294742     
   8.1326789828094856     
   22.338257714688268     
   35.279746841668633     
   47.094801821440761     
   57.906067693632693     
   67.822822246178532     
   76.942436781360868     
   85.351675839319086     
   93.127854237077415     
   100.33986741776440     
   107.04910916435944     
   113.31028909287788     
   119.17216092780197     
   124.67817133087490     
   129.86703797135482     
   134.77326456866874     
   139.42759978980459     
   143.85744612995421     
   148.08722423450948     
   152.13869752387558     
   156.03126145137966     
   159.78220125153527     
   163.40692161466231     
   166.91915134867034     
   170.33112575464841     
   173.65374914527337     
   176.89673966995477     
   180.06875837452000     
   183.17752421293272     
   186.22991654121157     
   189.23206645685451     
   192.18943819843969     
   195.10690168767073     
   197.98879717818519     
   200.83899287037036     
   203.66093625782148     
   206.45769988767839     
   209.23202214277546     
   211.98634358733733     
   214.72283935896991     
   217.44344803713855     
   220.14989737149750     
   222.84372721170624     
   225.52630994318628     
   228.19886870013954     
   230.86249359762394     
   233.51815619817154     
   236.16672240498954     
   238.80896395288914     
   241.44556864946853     
   244.07714950248311     
   246.70425285454800     
   249.32736563313978     
   251.94692181212017     
   254.56330817053748     
