   2.5000000000000000        5.0000000000000003E-002  log
  -595823.53105439467     
  -588574.33568775188     
  -580419.72972892225     
  -571730.90606458159     
  -562341.28578384174     
  -552587.64055518096     
  -541561.42823966977     
  -530105.09713951254     
  -518106.91036633769     
  -505500.92579975096     
  -491981.86175179842     
  -477600.01451638737     
  -462006.55758722610     
  -445451.23106949904     
  -430306.80177277653     
  -414055.89935270528     
  -395582.66054032830     
  -375046.79641866457     
  -354511.87057917891     
  -332319.46901278832     
  -309333.21950844972     
  -286758.78413453838     
  -266637.66980653821     
  -248703.08017117204     
  -232717.23275058335     
  -216498.17764042175     
  -197086.40916954289     
  -175899.30333586200     
  -156700.03318700669     
  -139586.76170527760     
  -124332.64543145022     
  -110735.51804822827     
  -98615.212283858782     
  -87811.167322340450     
  -78180.278790961704     
  -69594.972829158476     
  -61941.514453723888     
  -55118.527052582955     
  -49035.667302847178     
  -43612.428356252523     
  -38777.066657451731     
  -34465.645426563329     
  -30621.183479120788     
  -27192.897618664323     
  -24135.527991866646     
  -21408.737109192432     
  -18976.574373563846     
  -16806.998918896348     
  -14871.454380019788     
  -13144.489927495155     
  -11603.422526224829     
  -10228.035929617030     
  -9000.3124115600185     
  -7904.1936744780387     
  -6925.3677597526394     
  -6051.0791322986679     
  -5269.9594188504298     
  -4571.8765537204781     
  -3947.8003301317613     
  -3389.6825729636275     
  -2890.3503427983128     
  -2443.4107540901778     
  -2043.1661444046122     
  -1684.5384690347064     
  -1363.0019177256979     
  -1074.5228593449240     
  -815.50631757683993     
  -582.74826738910747     
  -373.39311925700719     
  -184.89582697449785     
  -14.988116234691287     
   138.35161415547415     
   276.92511782635364     
   402.33820912733614     
   516.02207139252823     
   619.25224794215057     
   713.16556782197301     
   798.77523087771669     
   876.98425233634225     
   948.59744529737793     
   1014.3321001360617     
   1074.8275025286102     
   1130.6534163989252     
   1182.3176443510131     
   1230.2727659100353     
   1274.9221429848239     
   1316.6252722410657     
   1355.7025554081974     
   1392.4395508193188     
   1427.0907625996640     
   1459.8830177840155     
   1491.0184761754690     
   1520.6773128846517     
   1549.0201091451265     
   1576.1899831297192     
   1602.3144890424480     
   1627.5073096858957     
   1651.8697649633916     
   1675.4921563329381     
   1698.4549650529857     
   1720.8299201200682     
