   2.5000000000000000        5.0000000000000003E-002  log
  -231142.60069771827     
  -224283.58754611958     
  -216481.59305848865     
  -207810.25330374911     
  -198294.81767538210     
  -188534.73440610358     
  -177993.70178069823     
  -166462.56871593648     
  -154387.11721555423     
  -141803.56113296794     
  -128347.66453758639     
  -114509.42324052178     
  -102037.83755607076     
  -90921.617683144723     
  -81013.369161645576     
  -72181.726741765349     
  -64309.611272522372     
  -57292.676119170181     
  -51037.922479204419     
  -45462.465221619052     
  -40492.432890653108     
  -36061.987314196791     
  -32112.449855434486     
  -28591.522763093591     
  -25452.595335983835     
  -22654.125748433740     
  -20159.090395416468     
  -17934.493479808207     
  -15950.930201104416     
  -14182.197232600003     
  -12604.944293590068     
  -11198.361193377128     
  -9943.8968007607909     
  -8825.0093704628980     
  -7826.9479945759731     
  -6936.5614636097889     
  -6142.1283953479651     
  -5433.2041006773215     
  -4800.4823243181409     
  -4235.6710991791415     
  -3731.3818592539064     
  -3281.0306731293990     
  -2878.7503554736195     
  -2519.3122603706320     
  -2198.0566703009604     
  -1910.8308161306454     
  -1653.9336766601939     
  -1424.0668061414342     
  -1218.2905250754725     
  -1033.9848852815189     
  -868.81488642831778     
  -720.69947941466705     
  -587.78394334470852     
  -468.41526830377529     
  -361.12021646329350     
  -264.58576986111302     
  -177.64170505187585     
  -99.245063160138869     
  -28.466309095870461     
   35.523003843327636     
   93.461227749283324     
   146.00641819984037     
   193.74506673311944     
   237.19988360609813     
   276.83673413390699     
   313.07082066891007     
   346.27219226443793     
   376.77065514363329     
   404.86014914052072     
   430.80264819236862     
   454.83163664547044     
   477.15520750670260     
   497.95882375583409     
   517.40777936193672     
   535.64939266199258     
   552.81496120800693     
   569.02150402345251     
   584.37331438867511     
   598.96334376052914     
   612.87443519060957     
   626.18042260926518     
   638.94711056259644     
   651.23314740325247     
   663.09080352197441     
   674.56666494673209     
   685.70225151324303     
   696.53456780974079     
   707.09659420678599     
   717.41772448786617     
   727.52415588793315     
   737.43923671550090     
   747.18377617107501     
   756.77632047304667     
   766.23339895509696     
   775.56974340069337     
   784.79848352512954     
   793.93132119904806     
   802.97868572529467     
   811.94987222954296     
   820.85316500105409     
   829.69594742023196     
