   2.5000000000000000        5.0000000000000003E-002  log
  -639927.53672730713     
  -633068.52357570839     
  -625266.52908807748     
  -616595.18933333794     
  -607079.75370497094     
  -597319.67043569242     
  -586778.63781028707     
  -575247.50474552531     
  -563172.05324514315     
  -550588.49716255674     
  -537132.60056717531     
  -522846.54454752349     
  -507522.74971390644     
  -490802.72777200310     
  -474449.31940238108     
  -458720.90008537000     
  -440546.27236207208     
  -420447.02228892950     
  -399375.14111818711     
  -377059.12938950758     
  -354245.26335742848     
  -330715.89176763757     
  -309518.21696256864     
  -290624.12006736605     
  -273783.08941946027     
  -257929.15094033591     
  -238993.13668773024     
  -217359.98774577043     
  -194467.89955496043     
  -173242.85925035289     
  -154324.02732756329     
  -137460.61887147700     
  -122429.11756200978     
  -109030.30623700599     
  -97086.624351892169     
  -86439.816455762266     
  -76948.836875110865     
  -68487.980524889965     
  -60945.215213813281     
  -54220.694387953001     
  -48225.431369894199     
  -42880.117834881064     
  -38114.070913789648     
  -33864.294921718654     
  -30074.645213459695     
  -26695.083029776328     
  -23681.011417743019     
  -20992.683394094915     
  -18594.674486077765     
  -16455.412643046871     
  -14546.759276189079     
  -12843.635863961466     
  -11323.691166579792     
  -9967.0046324416453     
  -8755.8220600518471     
  -7674.3200073066682     
  -6708.3958216318479     
  -5845.4805045584599     
  -5074.3719273958159     
  -4385.0861847578635     
  -3768.7251134119247     
  -3217.3582184458792     
  -2723.9174399424105     
  -2282.1033637460055     
  -1886.3016317726422     
  -1531.5084426597080     
  -1213.2641541812684     
  -927.59410636251243     
  -670.95588004388037     
  -440.19229104171285     
  -232.48949616152586     
  -45.339655152271639     
   123.49234685465720     
   275.99855799710713     
   413.95439297872048     
   538.94219176566060     
   652.37221629429041     
   755.50136380430399     
   849.44984511262146     
   935.21604913920328     
   1013.6897909284830     
   1085.6641189599889     
   1151.8458384242899     
   1212.8648901019803     
   1269.2827092979194     
   1321.5996757488494     
   1370.2617533602640     
   1415.6664078778913     
   1458.1678810177718     
   1498.0818910394967     
   1535.6898221363988     
   1571.2424582334008     
   1604.9633107377783     
   1637.0515844000890     
   1667.6848206404670     
   1697.0212534156219     
   1725.2019088874847     
   1752.3524767548363     
   1778.5849780793569     
   1803.9992517371438     
   1828.6842792200100     
