   2.5000000000000000        5.0000000000000003E-002  log
  -480955.61716024479     
  -474096.60400864610     
  -466294.60952101520     
  -457623.26976627565     
  -448107.83413790865     
  -438347.75086863013     
  -427806.71824322472     
  -416275.58517846302     
  -404200.13367808075     
  -391616.57759549445     
  -378160.68100011291     
  -363874.62498046120     
  -348550.83014684409     
  -331830.80820494075     
  -315477.39983531873     
  -299748.98051830765     
  -281574.35279500973     
  -261475.10272186718     
  -240403.22155112476     
  -218087.20982244526     
  -195281.06392048334     
  -173996.98809512693     
  -155025.94825515914     
  -138116.40446247652     
  -123044.17122996008     
  -109609.44303739040     
  -97634.143613502281     
  -86959.563840060742     
  -77444.256801184951     
  -68962.161529730263     
  -61400.929529270157     
  -54660.430865853057     
  -48651.420612690810     
  -43294.351112867458     
  -38518.317380620341     
  -34260.120831890767     
  -30463.435314927090     
  -27078.062097922571     
  -24059.264097752268     
  -21367.171588768972     
  -18966.252298029140     
  -16824.839188909460     
  -14914.709735027971     
  -13210.711071785654     
  -11690.426003070153     
  -10333.875390292718     
  -9123.2529456300235     
  -8042.6888912227741     
  -7078.0393360344533     
  -6216.6985678403107     
  -5447.4317647369326     
  -4760.2259032977054     
  -4146.1568830679962     
  -3597.2711029693569     
  -3106.4799173876954     
  -2667.4655709040157     
  -2274.5973631194329     
  -1922.8569308891485     
  -1607.7716563386075     
  -1325.3553169098195     
  -1072.0551898172439     
  -844.70490896200943     
  -640.48244870099904     
  -456.87267690892696     
  -291.63398041137498     
  -142.76851991049966     
  -8.4957196905871424     
   112.77135968261734     
   222.44707919690100     
   321.79198919392803     
   411.92955617720781     
   493.86107058615784     
   568.47893335642470     
   636.57849757345821     
   698.86862235279239     
   755.98107899211686     
   808.47893421025719     
   856.86402171449492     
   901.58360124013643     
   943.03629342433612     
   981.57736926681400     
   1017.5234643657732     
   1051.1567804843626     
   1082.7288302001543     
   1112.4637743270464     
   1140.5613963953049     
   1167.1997536594013     
   1192.5375398110077     
   1216.7161907489879     
   1239.8617613487331     
   1262.0865981344789     
   1283.4908300499849     
   1304.1636971092305     
   1324.1847345575341     
   1343.6248282562185     
   1362.5471552951460     
   1381.0080223144942     
   1399.0576126598025     
   1416.7406522845899     
   1434.0970032366733     
   1451.1621926033936     
