   2.5000000000000000        5.0000000000000003E-002  log
  -753478.90784663742     
  -746619.89469503867     
  -738817.90020740777     
  -730146.56045266823     
  -720631.12482430122     
  -710871.04155502270     
  -700330.00892961735     
  -688798.87586485560     
  -676723.42436447332     
  -664139.86828188703     
  -650683.97168650548     
  -636397.91566685378     
  -621074.12083323661     
  -604354.09889133333     
  -588000.69052171125     
  -572272.27120470023     
  -554097.64348140231     
  -533998.39340825973     
  -512926.51223751734     
  -490610.50050883787     
  -467796.63447675877     
  -444267.26288696780     
  -423069.58808189887     
  -404175.49118669634     
  -387334.46053879056     
  -371480.52205966611     
  -352544.50780706049     
  -330911.35886510066     
  -307197.77270231961     
  -282578.35277413775     
  -256881.47560323085     
  -233797.18575068688     
  -213221.13025763145     
  -194880.54201199475     
  -178532.30900734261     
  -163959.75299088957     
  -150630.86177463966     
  -134647.74876195707     
  -119895.70110013618     
  -106745.58761094314     
  -95023.196098662796     
  -84573.260915401304     
  -75257.402156529788     
  -66952.289090744351     
  -59548.003406127929     
  -52946.580512543063     
  -47060.709515312883     
  -41812.574590515229     
  -37132.822375446405     
  -32959.641664464398     
  -29237.943193496336     
  -25918.628626390735     
  -22957.939041059682     
  -20316.874268964340     
  -17960.675382115714     
  -15858.363459969745     
  -13982.328515574372     
  -12307.963126024764     
  -10813.335905558079     
  -9478.9004883572343     
  -8287.2361593595233     
  -7222.8166913390223     
  -6271.8043208279259     
  -5421.8661290304581     
  -4662.0103911917295     
  -3982.4407228590280     
  -3374.4260876312828     
  -2830.1849414679541     
  -2342.7819762145359     
  -1906.0360921876386     
  -1514.4383786668063     
  -1163.0790139401352     
  -847.58211490865017     
  -564.04767174086237     
  -308.99979708374769     
  -79.340603127110384     
   127.69090550319295     
   314.55546849044691     
   483.44622235878671     
   636.31780207127611     
   774.91227785535136     
   900.78227142192111     
   1015.3115583166032     
   1119.7334297840182     
   1215.1470577961120     
   1302.5320803986369     
   1382.7616009146006     
   1456.6137734963033     
   1524.7821287592808     
   1587.8847765130970     
   1646.4726077036819     
   1701.0366044020441     
   1752.0143548384954     
   1799.7958599329584     
   1844.7287083705048     
   1887.1226888922474     
   1927.2539010038959     
   1965.3684186485898     
   2001.6855554587310     
   2036.4007749147272     
   2069.6882840266912     
