   2.5000000000000000        5.0000000000000003E-002  log
  -60815.544018722896     
  -54197.546432518102     
  -48298.811668300943     
  -43041.120568945007     
  -38354.760237281640     
  -34177.598988312304     
  -30454.261899517565     
  -27135.396019392036     
  -24177.015484260497     
  -21539.917854335308     
  -19189.163926101348     
  -17093.614121785289     
  -15225.515308058322     
  -13560.132563595316     
  -12075.421006429451     
  -10751.733315856911     
  -9571.5590500164817     
  -8519.2922795740378     
  -7581.0244389746531     
  -6744.3596450906671     
  -5998.2500504610753     
  -5332.8490828103650     
  -4739.3806712028190     
  -4210.0227730216038     
  -3737.8037041400412     
  -3316.5099500312945     
  -2940.6042961188618     
  -2605.1532203062407     
  -2305.7624510331452     
  -2038.5193189792715     
  -1799.9401127455349     
  -1586.9207401657552     
  -1396.6906469662501     
  -1226.7725418590871     
  -1074.9504747499188     
  -939.24502905893041     
  -817.89169348178882     
  -709.31984944654721     
  -612.13226536843172     
  -525.08589894399847     
  -447.07454499682569     
  -377.11343209730592     
  -314.32563150143005     
  -257.93006815883786     
  -207.23092625641294     
  -161.60826777466036     
  -120.50971055912017     
  -83.443036364351869     
  -49.969618585887169     
  -19.698574781415154     
   7.7184384497386436     
   32.591860355645998     
   55.198354139493851     
   75.784484316926509     
   94.569992935205292     
   111.75071866543870     
   127.50119786178026     
   141.97698234554957     
   155.31670483728402     
   167.64391956059805     
   179.06874252432002     
   189.68931330795084     
   199.59309779081210     
   208.85804914332383     
   217.55364250998053     
   225.74179713169997     
   233.47769815730922     
   240.81052905967798     
   247.78412438338825     
   254.43755149186055     
   260.80562903833015     
   266.91938904436051     
   272.80648872045356     
   278.49157749577870     
   283.99662412918678     
   289.34120824357893     
   294.54278015330749     
   299.61689243330591     
   304.57740630347905     
   309.43667556754372     
   314.20571054754845     
   318.89432418975957     
   323.51126228094643     
   328.06431950319421     
   332.56044286740917     
   337.00582389816441     
   341.40598079324280     
   345.76583164817788     
   350.08975971751289     
   354.38167157881492     
   358.64504897129194     
   362.88299499691840     
   367.09827529715875     
   371.29335475170382     
   375.47043018620798     
   379.63145952305456     
   383.77818776197392     
   387.91217013527063     
   392.03479274492344     
   396.14729095540548     
   400.25076578629086     
