   2.5000000000000000        5.0000000000000003E-002  log
  -17028.842826556760     
  -15174.401901058123     
  -13521.379282525124     
  -12047.870919032579     
  -10734.354803753538     
  -9563.4319297922484     
  -8519.5954159536523     
  -7589.0247399642412     
  -6759.4023490358923     
  -6019.7502151681929     
  -5360.2841683296720     
  -4772.2840779380776     
  -4247.9781640060974     
  -3780.4399051193886     
  -3363.4961724382797     
  -2991.6453601233543     
  -2659.9844079568666     
  -2364.1437273218457     
  -2100.2291518687143     
  -1864.7701411564292     
  -1654.6735677665970     
  -1467.1825111242729     
  -1299.8395590229143     
  -1150.4541793658093     
  -1017.0737770604496     
  -897.95810539027923     
  -791.55675391123157     
  -696.48944344999336     
  -611.52873353498762     
  -535.58439602463409     
  -467.68822286821199     
  -406.97806661864985     
  -352.68150833641465     
  -304.10209672465231     
  -260.61105700173050     
  -221.64354407427456     
  -186.69578480229814     
  -155.32079468556981     
  -127.12278205985061     
  -101.75123889035847     
  -78.895432004932616     
  -58.279555144022453     
  -39.658545436536301     
  -22.814478884126082     
  -7.5534485770924693     
   6.2971567230315086     
   18.891038757462226     
   30.365091479321251     
   40.841258384205993     
   50.428177796555019     
   59.222642782206371     
   67.310898117321003     
   74.769793471670894     
   81.667809361792507     
   88.065970303675655     
   94.018657819784835     
   99.574334447838879     
   104.77618860198588     
   109.66270901070973     
   114.26819647075868     
   118.62321979053498     
   122.75502203253386     
   126.68788248878516     
   130.44343922450770     
   134.04097649385432     
   137.49768085963990     
   140.82886942936722     
   144.04819324667406     
   147.16781854525536     
   150.19858827674437     
   153.15016606089279     
   156.03116447207290     
   158.84925936744511     
   161.61129177626819     
   164.32335870426576     
   166.99089405947450     
   169.61874077460328     
   172.21121508386852     
   174.77216380796963     
   177.30501540793676     
   179.81282548577599     
   182.29831733605295     
   184.76391808680779     
   187.21179090960570     
   189.64386372631867     
   192.06185479370950     
   194.46729550542872     
   196.86155071408663     
   199.24583684313779     
   201.62123802897048     
   203.98872050744441     
   206.34914543581488     
   208.70328032021217     
   211.05180920033607     
   213.39534172652819     
   215.73442124968545     
   218.06953203137383     
   220.40110566982622     
   222.72952682710087     
   225.05513833340220     
   227.37824573630004     
