   2.5000000000000000        5.0000000000000003E-002  log
  -377339.56947861676     
  -370577.10171604919     
  -363149.81245254155     
  -354560.33190740901     
  -345332.58593318146     
  -335279.89571890002     
  -325061.83222215174     
  -313627.00288400153     
  -301410.58355091669     
  -288854.23038177541     
  -275445.00347672345     
  -261204.76248600002     
  -246055.25753000914     
  -229631.87304305477     
  -212360.70499163959     
  -196407.65173113323     
  -178838.27008607669     
  -159620.54051581107     
  -142226.76361966648     
  -126723.24173619942     
  -112904.41530682196     
  -100587.07879055651     
  -89607.949098299563     
  -79821.498674334915     
  -71098.024592165079     
  -63321.928006056667     
  -56390.181000705299     
  -50210.960394794005     
  -44702.430322562301     
  -39791.657309121227     
  -35413.642992651359     
  -31510.460787174110     
  -28030.484263500573     
  -24927.697696175936     
  -22161.082405577141     
  -19694.073306390685     
  -17494.077713134579     
  -15532.046960740865     
  -13782.093161102321     
  -12221.146072885562     
  -10828.646427827563     
  -9586.2723514647005     
  -8477.6955682962544     
  -7488.3642350474147     
  -6605.3095023638898     
  -5816.9731974407005     
  -5113.0543042670452     
  -4484.3721773668258     
  -3922.7446557231337     
  -3420.8794476634744     
  -2972.2773378418387     
  -2571.1459270723926     
  -2212.3227572774167     
  -1891.2067994495881     
  -1603.6973942003710     
  -1346.1398338045801     
  -1115.2768630680441     
  -908.20545507238467     
  -722.33828796918931     
  -555.36941145853564     
  -405.24364723710590     
  -270.12931728667223     
  -148.39393805838483     
  -38.582557982227840     
   60.601549180784062     
   150.31409135632649     
   231.58509388966303     
   305.33256750340234     
   372.37468985595541     
   433.44066235036007     
   489.18038626262364     
   540.17308659040850     
   586.93499805871704     
   629.92621527382505     
   669.55679792486535     
   706.19221204693679     
   740.15817954920078     
   771.74500035919675     
   801.21140453633302     
   828.78798547032898     
   854.68025972151202     
   879.07139410553646     
   902.12463620955702     
   923.98548059154416     
   944.78359940705616     
   964.63456308184800     
   983.64137386269977     
   1001.8958325958341     
   1019.4797568693097     
   1036.4660666834475     
   1052.9197520555222     
   1068.8987353982707     
   1084.4546401154903     
   1099.6334756135352     
   1114.4762478184180     
   1129.0195032997196     
   1143.2958142215102     
   1157.3342105552922     
   1171.1605652901778     
   1184.7979377518079     
   1198.2668795856523     
