   2.5000000000000000        5.0000000000000003E-002  log
  -536311.48904567910     
  -529549.02128311154     
  -522121.73201960383     
  -513532.25147447136     
  -504304.50550024380     
  -494251.81528596237     
  -484033.75178921409     
  -472598.92245106387     
  -460382.50311797904     
  -447826.14994883776     
  -434416.92304378573     
  -420176.68205306237     
  -405027.17709707149     
  -388603.79261011712     
  -371332.62455870194     
  -355379.57129819557     
  -337810.18965313904     
  -317973.39564247080     
  -296346.66842909751     
  -274440.27318961342     
  -251258.69331962100     
  -227339.00028973244     
  -205033.87518067038     
  -185152.74511022656     
  -167432.00271701944     
  -151444.80183694672     
  -135003.76270283159     
  -120259.46766200205     
  -107116.86875751881     
  -95401.786528610683     
  -84958.987033558442     
  -75650.121141144744     
  -67351.885753289520     
  -59954.383246146448     
  -53359.660138221247     
  -47480.408148620227     
  -42238.809671196657     
  -37565.509287913112     
  -33398.695679265191     
  -29683.281811985798     
  -26370.173421964962     
  -23415.616792920820     
  -20780.617496473671     
  -18430.422459331443     
  -16334.058466935490     
  -14463.920939101963     
  -12795.407484189958     
  -11306.591342276446     
  -9977.9303658861354     
  -8792.0076647583046     
  -7733.3004655569666     
  -6787.9741145724092     
  -5943.6984868378004     
  -5189.4843635066627     
  -4515.5376050033392     
  -3913.1291840446256     
  -3374.4793533698780     
  -2892.6544107637696     
  -2461.4746912381706     
  -2075.4325652997886     
  -1729.6193550606095     
  -1419.6601983205819     
  -1141.6559962429587     
  -892.13167425599715     
  -667.99006960027702     
  -466.47083361223514     
  -285.11380338359794     
  -121.72635674706383     
   25.645682601616809     
   158.74397592430415     
   279.12078029600366     
   388.15954616676532     
   487.09327495050280     
   577.02088023740737     
   658.92176973532389     
   733.66884143515313     
   802.04006645270385     
   864.72881224521041     
   922.35304318605256     
   975.46352058428715     
   1024.5511109587108     
   1070.0532995431602     
   1112.3599954535798     
   1151.8187055481130     
   1188.7391456343616     
   1223.3973502118690     
   1256.0393352837164     
   1286.8843628405959     
   1316.1278503351498     
   1343.9439637535816     
   1370.4879286930652     
   1395.8980901115772     
   1420.2977480818054     
   1443.7967939084954     
   1466.4931683195316     
   1488.4741610800747     
   1509.8175692748596     
   1530.5927296283583     
   1550.8614385610799     
   1570.6787721905996     
   1590.0938171582336     
