   2.5000000000000000        5.0000000000000003E-002  log
  -50399.551048304660     
  -44914.513893231102     
  -40025.562476624153     
  -35667.873033633754     
  -31783.671323024326     
  -28321.465998098960     
  -25235.365347841511     
  -22484.468341956406     
  -20032.321899775678     
  -17846.437182639158     
  -15897.858494397271     
  -14160.779075567543     
  -12612.198701728266     
  -11231.618552032138     
  -10000.769303638735     
  -8903.3688362462508     
  -7924.9063027374241     
  -7052.4496457890955     
  -6274.4739314993194     
  -5580.7081535907719     
  -4961.9984612109602     
  -4410.1860846562713     
  -3917.9985339384152     
  -3478.9528461614400     
  -3087.2697186213222     
  -2737.7973515475560     
  -2425.9438629642596     
  -2147.6172786046586     
  -1899.1722532953549     
  -1677.3626869738068     
  -1479.2991560107048     
  -1302.4097238558950     
  -1144.4028445536251     
  -1003.2325536133500     
  -877.06826212093961     
  -764.27130737087691     
  -663.37721079621633     
  -573.08035094443414     
  -492.21885335726211     
  -419.75955956224811     
  -354.78377206990706     
  -296.47429354401322     
  -244.10390839536848     
  -197.02523263118974     
  -154.66177927653024     
  -116.50008012269889     
  -82.082722491743581     
  -51.002181612586149     
  -22.895348527027895     
   2.5613309547862957     
   25.656178359852127     
   46.646127931161416     
   65.760149423117298     
   83.202295746616556     
   99.154417219302374     
   113.77857930556063     
   127.21921650805915     
   139.60505138363237     
   151.05080441579747     
   161.65871761838349     
   171.51991221735435     
   180.71559851819802     
   189.31815407861217     
   197.39208454041005     
   204.99487990464232     
   212.17777763735592     
   218.98644275052936     
   225.46157389626941     
   231.63944352711607     
   237.55237929784312     
   243.22919310255665     
   248.69556344463479     
   253.97437621674828     
   259.08602841553022     
   264.04869882302432     
   268.87858924824934     
   273.59013953121655     
   278.19621916331084     
   282.70829806745098     
   287.13659880474717     
   291.49023222779124     
   295.77731838096355     
   300.00509425230376     
   304.18000980696189     
   308.30781357670287     
   312.39362894131881     
   316.44202211426108     
   320.45706273470245     
   324.44237787011429     
   328.40120014599137     
   332.33641064141779     
   336.25057711970265     
   340.14598810140973     
   344.02468323192886     
   347.88848034656399     
   351.73899959228800     
   355.57768492625576     
   359.40582327635451     
   363.22456161804740     
   367.03492219411459     
   370.83781607925187     
