   2.5000000000000000        5.0000000000000003E-002  log
  -127526.55301609021     
  -120764.08525352267     
  -113336.79599001499     
  -104747.31544488251     
  -95519.569470654926     
  -85466.879256373504     
  -76163.179341078750     
  -67870.622053816813     
  -60479.246583567838     
  -53891.050258035422     
  -48018.688115380981     
  -42784.313908299751     
  -38118.547170028425     
  -33959.552645221876     
  -30252.219875014387     
  -26947.432042059700     
  -24001.414344696339     
  -21375.153198660126     
  -19033.878484694957     
  -16946.601903269533     
  -15085.705296483155     
  -13426.573563653512     
  -11947.267494369309     
  -10628.232397398246     
  -9452.0387798934971     
  -8403.1515991903489     
  -7467.7248983425898     
  -6633.4190000845729     
  -5889.2377862077119     
  -5225.3837732858419     
  -4633.1286111207510     
  -4104.6964143800578     
  -3633.1576128738507     
  -3212.3325986618006     
  -2836.7066692272488     
  -2501.3576921602330     
  -2201.8947934393864     
  -1934.4041989180826     
  -1695.3995156026385     
  -1481.7758556952040     
  -1290.7680910014735     
  -1119.9133910873516     
  -967.01786832133939     
  -830.12696587701896     
  -707.49917776516349     
  -597.58271148766130     
  -498.99474686952686     
  -410.50298883979508     
  -331.00925113674822     
  -259.53484123416899     
  -195.20754494817149     
  -137.25003315754111     
  -84.969533684458654     
  -37.748629273049097     
   4.9629417545836807     
   43.655591833270073     
   78.766395011120011     
   110.68488911437819     
   139.75824648010328     
   166.29588205466419     
   190.57356013450678     
   212.83705433490610     
   233.30540941778980     
   252.17384830833467     
   269.61636290901936     
   285.78802311483281     
   300.82703468745700     
   314.85657330898727     
   327.98641916231560     
   340.31441373585199     
   351.92775818939151     
   362.90417051413453     
   373.31291684509353     
   383.21573061339933     
   392.66763173712093     
   401.71765672232152     
   410.40950936355671     
   418.78214067915229     
   426.87026577738123     
   434.70482451260773     
   442.31339204447181     
   449.72054474833249     
   456.94818633265248     
   464.01583849091810     
   470.94089994503707     
   477.73887731769582     
   484.42359089731605     
   491.00735802606926     
   497.50115654446199     
   503.91477046135287     
   510.25691978239468     
   516.53537621967882     
   522.75706631800335     
   528.92816336620763     
   535.05416931319826     
   541.13998777565268     
   547.18998910618006     
   553.20806838536180     
   559.19769710719640     
   565.16196924378937     
   571.10364230054142     
