   2.5000000000000000        5.0000000000000003E-002  log
  -763414.23128433956     
  -756651.76352177199     
  -749224.47425826429     
  -740634.99371313187     
  -731407.24773890432     
  -721354.55752462288     
  -711136.49402787455     
  -699701.66468972433     
  -687485.24535663950     
  -674928.89218749828     
  -661519.66528244619     
  -647279.42429172283     
  -632129.91933573200     
  -615706.53484877758     
  -598435.36679736245     
  -582482.31353685609     
  -564912.93189179956     
  -545076.13788113126     
  -523449.41066775803     
  -501543.01542827388     
  -478361.43555828149     
  -454441.74252839293     
  -432136.61741933087     
  -412255.48734888702     
  -394534.74495567993     
  -378547.54407560721     
  -360323.53402579122     
  -339192.39460840967     
  -315844.32842225279     
  -290974.39259122213     
  -264988.84522249043     
  -241021.65634447098     
  -219658.67603628972     
  -200616.70655449049     
  -183643.34052339813     
  -168513.61248403176     
  -155027.01774113360     
  -139367.02300215000     
  -124100.33993355076     
  -110491.53098700581     
  -98360.298941339948     
  -87545.955321700967     
  -77905.287486432950     
  -69310.657781890710     
  -61648.309524137803     
  -54816.857288245395     
  -48725.941435477333     
  -43295.028997747861     
  -38452.344989576188     
  -34133.919954827805     
  -30282.741102159172     
  -26847.995760388170     
  -23784.397111785358     
  -21051.583254161789     
  -18613.581616357333     
  -16438.331619380246     
  -14497.259248621538     
  -12764.897891583865     
  -11218.550409603897     
  -9837.9879592797242     
  -8605.1815670168053     
  -7504.0628947580572     
  -6520.3110223391095     
  -5641.1624171529111     
  -4855.2415695022582     
  -4152.4100462490924     
  -3523.6319597756128     
  -2960.8540670982461     
  -2456.8989081121922     
  -2005.3695649682129     
  -1600.5647787905477     
  -1237.4032973819053     
  -911.35645005211063     
  -618.38805487672653     
  -354.90086098945989     
  -117.68881522855681     
   96.105480256626578     
   289.02868395152626     
   463.35050759704188     
   621.09383389309221     
   764.06155892912636     
   893.86051552468427     
   1011.9227949284732     
   1119.5247498021668     
   1217.8039306471449     
   1307.7741804104014     
   1390.3390875659697     
   1466.3039761861689     
   1536.3865921036968     
   1601.2266269634945     
   1661.3942065428114     
   1717.3974559743478     
   1769.6892422584185     
   1818.6731835331932     
   1864.7090048424006     
   1908.1173114682879     
   1949.1838431690726     
   1988.1632657720472     
   2025.2825504344728     
   2060.7439854130107     
   2094.7278603060422     
