   2.5000000000000000        5.0000000000000003E-002  log
  -70750.867456425098     
  -63988.399693857551     
  -57024.505796699486     
  -50817.459320352158     
  -45284.953817826950     
  -40353.633591035046     
  -35958.120305270597     
  -32040.145458593521     
  -28547.777194939659     
  -25434.731202555828     
  -22659.756556956316     
  -20186.088364869487     
  -17980.959954853850     
  -16015.168150993492     
  -14262.685865827234     
  -12700.316864057206     
  -11307.388087089537     
  -10065.475400841564     
  -8958.1590528471297     
  -7970.8055251915603     
  -7090.3728744329574     
  -6305.2370646998488     
  -5605.0371842809573     
  -4980.5377115223655     
  -4423.5061231447453     
  -3926.6041842384020     
  -3483.2913504584822     
  -3087.7389003737603     
  -2734.7536112712196     
  -2419.7098357790169     
  -2138.4886274342284     
  -1887.4222363077847     
  -1663.2424717419553     
  -1463.0329337393334     
  -1284.1872569237141     
  -1124.3753670899735     
  -981.51656452350494     
  -853.75602009583474     
  -739.44237749227307     
  -637.10622707663322     
  -545.44006210048940     
  -463.28015861082991     
  -389.59045884615796     
  -323.44832293789392     
  -264.03194185356057     
  -210.60920387054784     
  -162.52783007400654     
  -119.20662097641333     
  -80.127679865607689     
  -44.829497820804391     
  -12.900801031646273     
   16.024926082750053     
   42.274317746985552     
   66.138470422643152     
   87.876812073573547     
   107.72054931412325     
   125.87573876172621     
   142.52602374081192     
   157.83507292053960     
   171.94875343111190     
   184.99706742438667     
   197.09587786753059     
   208.34844653547111     
   218.84680465760118     
   228.67297444072452     
   237.90005770227990     
   246.59320607793560     
   254.81048569144289     
   262.60364777073795     
   270.01881544368757     
   277.09709583273400     
   283.87512557504448     
   290.38555701030958     
   296.65749149023105     
   302.71686556147330     
   308.58679514805107     
   314.28788230145238     
   319.83848858982162     
   325.25497875464163     
   330.55193786866010     
   335.74236487705826     
   340.83784509038423     
   345.84870391840076     
   350.78414388501574     
   355.65236674256948     
   360.46068230599326     
   365.21560545110742     
   369.92294256424918     
   374.58786859042948     
   379.21499570245254     
   383.80843450223591     
   388.37184856646763     
   392.90850306041358     
   397.42130806497033     
   401.91285719190387     
   406.38546199968687     
   410.84118266662171     
   415.28185532827160     
   419.70911644195616     
   424.12442450161922     
   428.52907939121559     
