   2.5000000000000000        5.0000000000000003E-002  log
  -774180.15579363867     
  -766545.69721304066     
  -759175.25774924690     
  -751178.34396519349     
  -741728.04864809359     
  -731944.07166057080     
  -721488.45992675587     
  -710388.79495540878     
  -698136.26799393771     
  -685572.37414601888     
  -672205.47139860701     
  -658061.92198109068     
  -643011.38603340823     
  -626842.61079054500     
  -609311.66386516055     
  -592416.61472895218     
  -575415.63120159542     
  -555956.61861861602     
  -534279.64250350092     
  -512462.57861496299     
  -489050.14060920477     
  -464925.44674062898     
  -441479.33191435121     
  -420581.24415866373     
  -401954.08964984916     
  -385350.90828985453     
  -367923.71119614138     
  -347270.29086525354     
  -324242.91693773406     
  -299209.79417936737     
  -273282.37901193445     
  -248411.98274067379     
  -226243.95951861815     
  -206484.43356640096     
  -188871.48721411379     
  -173171.68426566751     
  -159176.97187437161     
  -144185.23724265685     
  -128392.96698184985     
  -114315.70503794189     
  -101766.94075390739     
  -90580.447018505700     
  -80608.074613770703     
  -71717.786221781353     
  -63791.904142990898     
  -56725.548555485766     
  -50425.245626797514     
  -44807.687017395612     
  -39798.624311998414     
  -35331.883701401603     
  -31348.487832979332     
  -27795.873171200248     
  -24627.192478239795     
  -21800.693155491736     
  -19279.163194383691     
  -17029.437382763317     
  -15021.957213204216     
  -13230.378652548907     
  -11631.222567362462     
  -10203.563166176953     
  -8928.7503239999969     
  -7790.1621042524639     
  -6772.9841940695896     
  -5864.0133260721323     
  -5051.4820780351356     
  -4324.9027255789642     
  -3674.9280758478485     
  -3093.2274354822553     
  -2572.3760670243437     
  -2105.7566668866048     
  -1687.4715575382336     
  -1312.2644287391802     
  -975.45058936505484     
  -672.85480429887684     
  -400.75589151671926     
  -155.83734419938216     
   64.856677348252063     
   263.96056793360873     
   443.82223432609106     
   606.53425057797654     
   753.96162523011742     
   887.76654885749451     
   1009.4304503403772     
   1120.2736545350863     
   1221.4729021902406     
   1314.0769645875491     
   1399.0205601042796     
   1477.1367573619900     
   1549.1680295439792     
   1615.7761065656953     
   1677.5507558305458     
   1735.0176080865076     
   1788.6451322279768     
   1838.8508515943099     
   1886.0068842516055     
   1930.4448807739468     
   1972.4604250454868     
   2012.3169564793761     
   2050.2492656990148     
   2086.4666100672071     
   2121.1554904044133     
