   2.5000000000000000        5.0000000000000003E-002  log
  -161002.75174925535     
  -153368.29316865734     
  -145997.85370486364     
  -138000.93992081017     
  -128550.64460371035     
  -118766.66761618746     
  -108311.05588237256     
  -97250.753555572432     
  -86662.890754096661     
  -77225.728188047899     
  -68814.128286381980     
  -61316.562071717104     
  -54633.629239180489     
  -48676.739176661271     
  -43366.935426098586     
  -38633.847989785172     
  -34414.759582572988     
  -30653.773441969235     
  -27301.071652762108     
  -24312.254138859618     
  -21647.749539390730     
  -19272.290135084575     
  -17154.443840036940     
  -15266.197037451666     
  -13582.582727737668     
  -12081.349081373141     
  -10742.664049295461     
  -9548.8521758666266     
  -8484.1601754053918     
  -7534.5481670539866     
  -6687.5037194410152     
  -5931.8760605038324     
  -5257.7280118642566     
  -4656.2034968883218     
  -4119.4089231146272     
  -3640.3072917872596     
  -3212.6242532317224     
  -2830.7652263466216     
  -2489.7422792153552     
  -2185.1092257463433     
  -1912.9035876723856     
  -1669.5944893259311     
  -1452.0358853261225     
  -1257.4246713509403     
  -1083.2632619627529     
  -927.32622000206129     
  -787.63052971606123     
  -662.40912780263102     
  -550.08733791534269     
  -449.26188885357044     
  -358.68223075066908     
  -277.23389518990672     
  -203.92367367872805     
  -137.86641427026106     
  -78.273258566408117     
  -24.441161177446272     
   24.256448741983707     
   68.377988729486987     
   108.42113810842039     
   144.82944581009571     
   177.99821895105757     
   208.27977055312911     
   235.98809622254564     
   261.40304197864714     
   284.77401863547783     
   306.32331209726624     
   326.24903354821868     
   344.72774872502544     
   361.91682119200686     
   377.95650073630406     
   392.97178461279913     
   407.07407635008150     
   420.36266413934044     
   432.92603843162055     
   444.84306623342007     
   456.18403768767706     
   467.01159883140537     
   477.38158291004260     
   487.34375128183495     
   496.94245374539827     
   506.21721705400091     
   515.20326942689314     
   523.93200801849116     
   532.43141554912586     
   540.72643162632471     
   548.83928368425609     
   556.78978193303135     
   564.59558223192437     
   572.27242037488179     
   579.83432089731480     
   587.29378317503893     
   594.66194728488472     
   601.94874182792853     
   609.16301567693290     
   616.31265539625394     
   623.40468989234842     
   630.44538368355893     
   637.44032002683764     
   644.39447500446852     
   651.31228355388953     
   658.19769831680333     
