   2.5000000000000000        5.0000000000000003E-002  log
  -751469.88156977261     
  -743835.42298917461     
  -736464.98352538084     
  -728468.06974132743     
  -719017.77442422754     
  -709233.79743670474     
  -698778.18570288981     
  -687678.52073154273     
  -675425.99377007165     
  -662862.09992215282     
  -649495.19717474096     
  -635351.64775722474     
  -620301.11180954217     
  -604132.33656667895     
  -586601.38964129449     
  -569706.34050508612     
  -552705.35697772936     
  -533246.34439474996     
  -511569.36827963486     
  -489752.30439109693     
  -466339.86638533871     
  -442215.17251676292     
  -418769.05769048515     
  -397870.96993479767     
  -379243.81542598311     
  -362640.63406598847     
  -345213.43697227532     
  -324560.01664138748     
  -301532.64271386800     
  -276499.51995550137     
  -250572.10478806839     
  -225701.70851680773     
  -203533.68529475210     
  -183774.15934253493     
  -166161.21299024776     
  -150461.41004180146     
  -136466.69765050558     
  -122318.83937527124     
  -108907.27327338108     
  -96951.878745518843     
  -86294.293387622689     
  -76793.377245312775     
  -68323.340052710220     
  -60772.071928917438     
  -54039.655521329463     
  -48037.039933906148     
  -42684.858879213389     
  -37912.377380467267     
  -33656.553043729582     
  -29861.199436831077     
  -26476.240466297902     
  -23457.045852168507     
  -20763.838878087368     
  -18361.168554340627     
  -16217.439187192971     
  -14304.491110359462     
  -12597.227013863896     
  -11073.278910961475     
  -9712.7113233126365     
  -8497.7567453776246     
  -7412.5798774604273     
  -6443.0674986679951     
  -5576.6411913442880     
  -4802.0904318124112     
  -4109.4238325415872     
  -3489.7365617395208     
  -2935.0921810538775     
  -2438.4173333997869     
  -1993.4078834537499     
  -1594.4452653317644     
  -1236.5219274182268     
  -915.17488503006632     
  -626.42649918979623     
  -366.73169566967329     
  -132.93092392947835     
   77.791768263248414     
   267.94610085860546     
   439.76886402274977     
   595.25359901554771     
   736.17705129645992     
   864.12274687670129     
   980.50200476264479     
   1086.5726643136870     
   1183.4557760159144     
   1272.1504771485277     
   1353.5472497345020     
   1428.4397367007616     
   1497.5352730413981     
   1561.4642717262764     
   1620.7885889004933     
   1676.0089793759369     
   1727.5717413448856     
   1775.8746384870458     
   1821.2721780528495     
   1864.0803149600254     
   1904.5806443239819     
   1943.0241380543705     
   1979.6344751002150     
   2014.6110095339616     
   2048.1314158591326     
   2080.3540466432255     
