   2.5000000000000000        5.0000000000000003E-002  log
  -376750.35687598278     
  -369115.89829538477     
  -361745.45883159107     
  -353748.54504753760     
  -344298.24973043782     
  -334514.27274291491     
  -324058.66100910003     
  -312958.99603775289     
  -300706.46907628182     
  -288142.57522836304     
  -274775.67248095118     
  -260632.12306343488     
  -245581.58711575234     
  -229412.81187288917     
  -211881.86494750468     
  -194986.81581129637     
  -177985.83228393961     
  -159060.96391103297     
  -141727.97512936586     
  -126278.61900862868     
  -112508.05297674087     
  -100233.71119239462     
  -89292.881980234917     
  -79540.548666209768     
  -70847.465166184309     
  -63098.440818709365     
  -56190.811753578004     
  -50033.078576850021     
  -44543.692348575598     
  -39649.972749304980     
  -35287.144001759109     
  -31397.475577805093     
  -27929.516047769132     
  -24837.409719604104     
  -22080.287058901053     
  -19621.721227707454     
  -17429.244154593242     
  -15473.916079369148     
  -13729.942657355610     
  -12174.333967566854     
  -10786.600410614730     
  -9548.4812986279921     
  -8443.7026272806997     
  -7457.7609865252552     
  -6577.7308824696474     
  -5792.0929947616396     
  -5090.5811255339968     
  -4464.0458176543762     
  -3904.3328293494947     
  -3404.1748455595271     
  -2957.0949818270601     
  -2557.3207941283399     
  -2199.7076488412481     
  -1879.6704324775972     
  -1593.1226924445334     
  -1336.4223994326740     
  -1106.3236104211016     
  -899.93338996342436     
  -714.67341745998897     
  -548.24577049006439     
  -398.60242982501126     
  -263.91810122263649     
  -142.56599318219696     
  -33.096229111794379     
   65.783392648053194     
   155.22454632084796     
   236.25366130223941     
   309.78554271193991     
   376.63551065695555     
   437.53021931034704     
   493.11729938607340     
   543.97395197342632     
   590.61460777655134     
   633.49775340062467     
   673.03201527162003     
   709.58158192444159     
   743.47103661365884     
   774.98966437558829     
   804.39529069610558     
   831.91770272276858     
   857.76169842005515     
   882.10980412925244     
   905.12469659422754     
   926.95136159256720     
   947.71901781634244     
   967.54283153164920     
   986.52544476974322     
   1004.7583373282004     
   1022.3230406552359     
   1039.2922197248531     
   1055.7306372587752     
   1071.6960130899029     
   1087.2397900706080     
   1102.4078166890665     
   1117.2409554515818     
   1131.7756251038077     
   1146.0442838858417     
   1160.0758602337244     
   1173.8961366425026     
   1187.5280917845082     
   1200.9922054225653     
