   2.5000000000000000        5.0000000000000003E-002  log
  -138292.47752538929     
  -130658.01894479129     
  -123287.57948099758     
  -115290.66569694411     
  -105840.37037984429     
  -96056.393392321406     
  -85600.781658506501     
  -76281.550581563934     
  -67975.119831136675     
  -60571.348321865473     
  -53972.072708137508     
  -48089.804816292090     
  -42846.570730326363     
  -38172.876127310607     
  -34006.784134831534     
  -30293.093476856917     
  -26982.606005661884     
  -24031.473902664799     
  -21400.617885218198     
  -19055.208693577337     
  -16964.204965919369     
  -15099.941352627397     
  -13437.761386883360     
  -11955.690228758061     
  -10634.142944208277     
  -9455.6644746808288     
  -8404.6978977389044     
  -7467.3779683603871     
  -6631.3472546499261     
  -5885.5924336222015     
  -5220.2984964489488     
  -4626.7187514396355     
  -4097.0586591030724     
  -3624.3717717234072     
  -3202.4664554039978     
  -2825.8225835564331     
  -2489.5177202485347     
  -2189.1621787700246     
  -1920.8418904607342     
  -1681.0677508638091     
  -1466.7302816168667     
  -1275.0588440177544     
  -1103.5849545942292     
  -950.10938671096824     
  -812.67276148512565     
  -689.52931885406588     
  -579.12355572756496     
  -480.06942986509000     
  -391.13185029880282     
  -311.21020161532221     
  -239.32367620231639     
  -174.59821368026468     
  -116.25486944531090     
  -63.599454442394610     
  -16.013306129893770     
   27.054933665164107     
   66.096644413906560     
   101.54975421482713     
   133.80455606563925     
   163.20889073418223     
   190.07276534651888     
   214.67246922793257     
   237.25424179379709     
   258.03754129478284     
   277.21795788945536     
   294.96980977235694     
   311.44845686143577     
   326.79236278722334     
   341.12493257618104     
   354.55615043672537     
   367.18403939830722     
   379.09596218579486     
   390.36978060150767     
   401.07488880730904     
   411.27313422404967     
   421.01963827299261     
   430.36352785372850     
   439.34858726778378     
   448.01383924084041     
   456.39406275516683     
   464.52025456498330     
   472.42004051988602     
   480.11804215520527     
   487.63620341440469     
   494.99408183946406     
   502.20910809358310     
   509.29681726024739     
   516.27105498811477     
   523.14416121734610     
   529.92713392548023     
   536.62977506578932     
   543.26082063473200     
   549.82805659449753     
   556.33842218893039     
   562.79810202382191     
   569.21260813346134     
   575.58685312244882     
   581.92521535334572     
   588.23159704517946     
   594.50947605375302     
   600.76195202086456     
