   2.5000000000000000        5.0000000000000003E-002  log
  -827687.32426414057     
  -820058.71644927561     
  -811554.08756965294     
  -801981.26213991980     
  -791398.59715599695     
  -779779.18633668299     
  -769060.55597503844     
  -758617.77464964823     
  -746436.85825786449     
  -733800.99506800738     
  -720544.96945349406     
  -706581.66546456539     
  -692062.61250835797     
  -676709.36173088674     
  -660255.09426078526     
  -642707.81828526501     
  -623790.43613520369     
  -603547.47691495542     
  -584460.58574701450     
  -563223.03399603674     
  -539660.98648466950     
  -515080.67720033525     
  -489137.06604898564     
  -462968.52996598132     
  -437255.28294208169     
  -414336.42812983278     
  -393908.07818341342     
  -375699.39221354004     
  -356013.17361657106     
  -333109.37922075752     
  -307574.90291566978     
  -281217.57022902882     
  -253813.42482030203     
  -228577.41016625147     
  -206083.30297124520     
  -186032.92018835366     
  -168160.50626449953     
  -152229.20670826521     
  -137719.84732768900     
  -122621.05980264473     
  -109161.68971186264     
  -97163.450860044744     
  -86467.445732136403     
  -76932.056950848317     
  -68431.068041873106     
  -60851.988570052810     
  -54094.561420952581     
  -48069.432419005854     
  -42696.964627506073     
  -37906.181595687580     
  -33633.825529364389     
  -29823.517886744434     
  -26425.011260324605     
  -23393.522617227762     
  -20689.139050039947     
  -18276.288152473378     
  -16123.265991790211     
  -14201.816414256624     
  -12486.756101102443     
  -10955.640399579626     
  -9588.4654948023162     
  -8367.4029702932876     
  -7276.5632349571806     
  -6301.7846772540452     
  -5430.4457487412474     
  -4651.2974834185216     
  -3954.3142304877679     
  -3330.5606198249220     
  -2772.0729948631679     
  -2271.7537395634135     
  -1823.2770972469004     
  -1421.0052315566359     
  -1059.9134157225124     
  -735.52335743313131     
  -443.84377457273462     
  -181.31743329690056     
   55.226054327512365     
   268.61229946635842     
   461.35963067933574     
   635.71251062395868     
   793.67131872249342     
   937.01889499035485     
   1067.3441972469197     
   1186.0633856259474     
   1294.4386141645514     
   1393.5947788239266     
   1484.5344441780826     
   1568.1511468388192     
   1645.2412521454312     
   1716.5145214503057     
   1782.6035302219429     
   1844.0720619379676     
   1901.4225891500371     
   1955.1029409898665     
   2005.5122455901621     
   2053.0062262727915     
   2097.9019217814171     
   2140.4818931932214     
   2180.9979733329028     
   2219.6746084413912     
   2256.7118364412095     
