   2.5000000000000000        5.0000000000000003E-002  log
  -339416.42845102050     
  -331787.82063615555     
  -323283.19175653293     
  -313710.36632679973     
  -303127.70134287688     
  -291508.29052356299     
  -280789.66016191844     
  -270346.87883652817     
  -258165.96244474445     
  -245530.09925488732     
  -232274.07364037400     
  -218310.76965144536     
  -203791.71669523788     
  -188438.46591776673     
  -171984.19844766523     
  -154436.92247214494     
  -137611.89147110283     
  -122615.37299067710     
  -109248.52029621913     
  -97334.110814595551     
  -86714.194623911593     
  -77247.998669579116     
  -68810.058842789847     
  -61288.555084481042     
  -54583.827408830541     
  -48607.053209652135     
  -43279.068414979527     
  -38529.316964172656     
  -34294.914709832658     
  -30519.815270035615     
  -27154.066664575435     
  -24153.148794629862     
  -21477.382943641991     
  -19091.405461769715     
  -16963.698653198033     
  -15066.172641463521     
  -13373.792665050369     
  -11864.246863848406     
  -10517.650160050527     
  -9316.2803184579989     
  -8244.3426970207202     
  -7287.7605759067237     
  -6433.9882891209418     
  -5671.8446821460275     
  -4991.3646865867031     
  -4383.6670418635676     
  -3840.8364075841519     
  -3355.8183009261043     
  -2922.3254635492726     
  -2534.7544143438522     
  -2188.1110796582411     
  -1877.9445132857925     
  -1600.2878260039372     
  -1351.6055402703817     
  -1128.7466710590700     
  -928.90290989804851     
  -749.57135696492298     
  -588.52130650624838     
  -443.76464467971010     
  -313.52946688942762     
  -196.23656443395660     
  -90.478468382676084     
   4.9992274538158332     
   91.314512338275662     
   169.46379412212525     
   240.33512134777607     
   304.71996740908980     
   363.32373315570925     
   416.77510731780961     
   465.63440896889807     
   510.40102273429454     
   551.52002541244997     
   589.38809194541739     
   624.35875911111111     
   656.74711678649851     
   686.83398903441935     
   714.86966049646935     
   741.07719754046548     
   765.65540823331969     
   788.78148041733073     
   810.61333289632285     
   831.29171093105060     
   850.94205385029534     
   869.67615956009683     
   887.59366803844716     
   904.78338350075626     
   921.32445278060959     
   937.28741556236469     
   952.73514040165276     
   967.72365895430187     
   982.30290948346885     
   996.51739951092406     
   1010.4067964055190     
   1024.0064537456212     
   1037.3478804400572     
   1050.4591588325366     
   1063.3653173375669     
   1076.0886625525279     
   1088.6490752528382     
   1101.0642741979063     
   1113.3500512484118     
