   2.5000000000000000        5.0000000000000003E-002  log
  -146379.09754815910     
  -138750.48973329415     
  -130245.86085367152     
  -120673.03542393835     
  -110090.37044001545     
  -98470.959620701557     
  -87752.329259057035     
  -78198.652969710252     
  -69683.244230810014     
  -62093.194020138697     
  -55327.872555994581     
  -49297.593913638724     
  -43922.425799370307     
  -39131.128707909578     
  -34860.210419625248     
  -31053.083328635519     
  -27659.313449643807     
  -24633.951152998357     
  -21936.934746313691     
  -19532.558974335119     
  -17389.001357489360     
  -15477.900042481739     
  -13773.977509113547     
  -12254.705089408682     
  -10900.003833618261     
  -9691.9778086140323     
  -8614.6764063313021     
  -7653.8826251349892     
  -6796.9245568179977     
  -6032.5075247418845     
  -5350.5645480192970     
  -4742.1230708882786     
  -4199.1861578927737     
  -3714.6265763185443     
  -3282.0923636053449     
  -2895.9226266618771     
  -2551.0724564441161     
  -2243.0459676105306     
  -1967.8365865803348     
  -1721.8738099426573     
  -1501.9757398795487     
  -1305.3067766883901     
  -1129.3399132350662     
  -971.82313411089774     
  -830.74947452793288     
  -704.33034121256628     
  -590.97174016248880     
  -489.25309445584810     
  -397.90836967166865     
  -315.80925522869188     
  -241.95017740719106     
  -175.43494430654920     
  -115.46484481428155     
  -61.328043100881899     
  -12.390127465769817     
   31.914312225796358     
   72.089190549031713     
   108.58361578051736     
   141.79785133993630     
   172.08862864438260     
   199.77388197208541     
   225.13696824073108     
   248.43042775362608     
   269.87933586266024     
   289.68429005852272     
   308.02407215304561     
   325.05802090107437     
   340.92814656220202     
   355.76101547468602     
   369.66942965917900     
   382.75392374781330     
   395.10409910843697     
   406.79981287209455     
   417.91223764542150     
   428.50480597283791     
   438.63405208346205     
   448.35036209417194     
   457.69864262509805     
   466.71891670088928     
   475.44685484596550     
   483.91424842182965     
   492.14943148794288     
   500.17765678447682     
   508.02143082638457     
   515.70081255558512     
   523.23367951443038     
   530.63596507260399     
   537.92186985545891     
   545.10405017943413     
   552.19378599507263     
   559.20113056621221     
   566.13504387156320     
   573.00351149887604     
   579.81365060939049     
   586.57180437867817     
   593.28362616707682     
   599.95415453662213     
   606.58788010992487     
   613.18880515817784     
   619.76049670900147     
   626.30613387884296     
