   2.5000000000000000        5.0000000000000003E-002  log
  -362126.70267488656     
  -354498.09486002161     
  -345993.46598039899     
  -336420.64055066579     
  -325837.97556674288     
  -314218.56474742899     
  -303499.93438578449     
  -293057.15306039422     
  -280876.23666861048     
  -268240.37347875338     
  -254984.34786424006     
  -241021.04387531141     
  -226501.99091910393     
  -211148.74014163279     
  -194694.47267153129     
  -177147.19669601097     
  -158484.75256521415     
  -141216.66016206017     
  -125825.20247693828     
  -112106.29929704306     
  -99878.063803925892     
  -88978.389161489002     
  -79262.797508139774     
  -70602.522759808926     
  -62882.801769989594     
  -56001.351226366562     
  -49867.010190008099     
  -44398.530381336517     
  -39523.498202794086     
  -35177.374141062894     
  -31302.636704614255     
  -27848.019460558433     
  -24767.831015771932     
  -22021.348916781957     
  -19572.279429010396     
  -17388.276026965639     
  -15440.510206692192     
  -13703.288931571476     
  -12153.713647061284     
  -10771.376353995667     
  -9538.0887206691423     
  -8437.6406490987829     
  -7455.5850980110799     
  -6579.0463103880384     
  -5796.5489017659074     
  -5097.8655409523863     
  -4473.8812008584600     
  -3916.4721767680180     
  -3418.3982653250196     
  -2973.2066722802601     
  -2575.1463728498798     
  -2219.0917874204824     
  -1900.4747591128403     
  -1615.2239300215915     
  -1359.7107112443687     
  -1130.7011294063989     
  -925.31291044131979     
  -740.97723094484650     
  -575.40462940115322     
  -426.55462481763817     
  -292.60863952731887     
  -171.94586678447828     
  -63.121762871870715     
   35.151121723325581     
   124.02022645937942     
   204.50820693999253     
   277.52650522868095     
   343.88744436446348     
   404.31500757910419     
   459.45444526005014     
   509.88083714584724     
   556.10672337562119     
   598.58890565709100     
   637.73450880447763     
   673.90638308237988     
   707.42791904391913     
   738.58733875508824     
   767.64152034878782     
   794.81940665928130     
   820.32504316853908     
   844.34028557693978     
   867.02721292674721     
   888.53027829952714     
   908.97822562632598     
   928.48579804582039     
   947.15526047954938     
   965.07775662806387     
   982.33451839465886     
   998.99794378512456     
   1015.1325575866832     
   1030.7958675738139     
   1046.0391276023547     
   1060.9080177177234     
   1075.4432503019186     
   1089.6811103025298     
   1103.6539367122946     
   1117.3905516881607     
   1130.9166430040154     
   1144.2551049120134     
   1157.4263419355300     
   1170.4485396248999     
