   2.5000000000000000        5.0000000000000003E-002  log
  -73546.139995154837     
  -67219.710815911894     
  -59927.826639041014     
  -53404.868545437828     
  -47590.775217169416     
  -42408.458276015583     
  -37789.212632568364     
  -33671.804811438349     
  -30001.660420239550     
  -26730.139980559852     
  -23813.893511634134     
  -21214.285302437409     
  -18896.881239273178     
  -16830.991886005642     
  -14989.265253887976     
  -13347.323857289739     
  -11883.441239273468     
  -10578.253674711324     
  -9414.5032254173530     
  -8376.8087377930715     
  -7451.4617442642557     
  -6626.2445602449961     
  -5890.2681628862829     
  -5233.8277003585745     
  -4648.2737143643435     
  -4125.8973670815712     
  -3659.8281495694600     
  -3243.9427142890700     
  -2872.7836220018003     
  -2541.4869248664409     
  -2245.7176248064802     
  -1981.6121507194182     
  -1745.7270912356059     
  -1534.9935027414631     
  -1346.6761863623071     
  -1178.3373935350942     
  -1027.8044785660779     
  -893.14106894247413     
  -772.62137084568769     
  -664.70726891587037     
  -568.02791639559939     
  -481.36154482628422     
  -403.61925192302357     
  -333.83055250286344     
  -271.13050073605115     
  -214.74821284038458     
  -163.99663792178418     
  -118.26344122635588     
  -77.002878830239638     
  -39.728555949314440     
  -6.0069727759290732     
   24.548227800166412     
   52.281386915936928     
   77.499398932740476     
   100.47578373804537     
   121.45431618815593     
   140.65226085244686     
   158.26325498219651     
   174.45987795926445     
   189.39594131963545     
   203.20852973905181     
   216.01982006337263     
   227.93870252108798     
   239.06222563049326     
   249.47688397456378     
   259.25976593151972     
   268.47957659076906     
   277.19754942770118     
   285.46825883470206     
   293.34034429018385     
   300.85715577491169     
   308.05732899991051     
   314.97529807887685     
   321.64175244794649     
   328.08404409586626     
   334.32655050826662     
   340.39099814208498     
   346.29675072244919     
   352.06106618754529     
   357.69932569097165     
   363.22523770030261     
   368.65101990012397     
   373.98756131328480     
   379.24456679161460     
   384.43068579341093     
   389.55362715649579     
   394.62026138981003     
   399.63671184089247     
   404.60843594898188     
   409.54029766191934     
   414.43663197778142     
   419.30130246767055     
   424.13775254295649     
   428.94905114725270     
   433.73793347943399     
   438.50683728806331     
   443.25793521883440     
   447.99316364426011     
   452.71424835815901     
   457.42272747589095     
   462.11997184421330     
