   2.5000000000000000        5.0000000000000003E-002  log
  -42504.651067076113     
  -37878.531193431045     
  -33755.090609676532     
  -30079.663414617371     
  -26803.528572529431     
  -23883.263414616715     
  -21280.167446578529     
  -18959.748816563137     
  -16891.266629249712     
  -15047.323032844495     
  -13403.499666233445     
  -11938.033642165989     
  -10631.528766963551     
  -9466.6981648138790     
  -8428.1348914319024     
  -7502.1074932697747     
  -6676.3777994710399     
  -5940.0385287788404     
  -5283.3685565405131     
  -4697.7039212896561     
  -4175.3228592413861     
  -3709.3433411783753     
  -3293.6317521044198     
  -2922.7215019000005     
  -2591.7404869927022     
  -2296.3464405029267     
  -2032.6693130006045     
  -1797.2599193005615     
  -1587.0441698707155     
  -1399.2822795316897     
  -1231.5324121720810     
  -1081.6182790668315     
  -947.60026084808396     
  -827.74966993461305     
  -720.52581189791158     
  -624.55554138319496     
  -538.61504130481774     
  -461.61358353709403     
  -392.57905561475746     
  -330.64506139116804     
  -275.03942448783715     
  -225.07394198303231     
  -180.13525237713299     
  -139.67669665818721     
  -103.21106446895362     
  -70.304129121472286     
  -40.568885672736258     
  -13.660415604228184     
   10.728690037260225     
   32.872409769666575     
   53.014927204131240     
   71.373871213159987     
   88.143203733538527     
   103.49579352338942     
   117.58571002556336     
   130.55026777553880     
   142.51184848188032     
   153.57952495715648     
   163.85050844789393     
   173.41143856875667     
   182.33953295759355     
   190.70361190657783     
   198.56501156567154     
   205.97839783606992     
   212.99249175349706     
   219.65071598674899     
   225.99177103012639     
   232.05014873548100     
   237.85658999813361     
   243.43849266987806     
   248.82027511182829     
   254.02370021123497     
   259.06816416177662     
   263.97095383926552     
   268.74747618798671     
   273.41146266148803     
   277.97515143062594     
   282.44944977665739     
   286.84407882423488     
   291.16770253482497     
   295.42804267221248     
   299.63198126561468     
   303.78565193002783     
   307.89452125557148     
   311.96346134581796     
   315.99681446764697     
   319.99845067048847     
   323.97181913952772     
   327.91999396429679     
   331.84571492997503     
   335.75142387267385     
   339.63929708111829     
   343.51127417467626     
   347.36908384092897     
   351.21426677430486     
   355.04819612015876     
   358.87209569557638     
   362.68705622868328     
   366.49404983194484     
   370.29394290150765     
   374.08750761375018     
