   2.5000000000000000        5.0000000000000003E-002  log
  -516396.48736054276     
  -510070.05818129983     
  -502354.65084032959     
  -493569.45638925605     
  -483591.51764176966     
  -472588.12729888799     
  -460226.34961645934     
  -448446.26095962455     
  -437090.36271730671     
  -423948.76883850980     
  -410423.50024825527     
  -396376.34789879643     
  -381597.17849940166     
  -366322.02216385008     
  -350101.35429299891     
  -332804.56961172598     
  -314197.40737161163     
  -294127.41923233221     
  -273346.47780025995     
  -253310.04943784504     
  -230516.83348219655     
  -205996.16370400309     
  -183541.40121137482     
  -163526.85154696440     
  -145687.14385494913     
  -129785.76611112374     
  -115611.92675203526     
  -102977.75759900562     
  -91715.820961542515     
  -81676.887840915704     
  -72727.957752010101     
  -64750.493887694654     
  -57638.850207410440     
  -51298.869578399193     
  -45646.634367758124     
  -40607.352906436659     
  -36114.367049228895     
  -32108.267661685797     
  -28536.106296995971     
  -25350.692602266019     
  -22509.968131208851     
  -19976.448254114639     
  -17716.724759588909     
  -15701.022547884966     
  -13902.804533420542     
  -12298.419513775099     
  -10866.788332603352     
  -9589.1241720374874     
  -8448.6832630282770     
  -7430.5427057026936     
  -6521.4024515492329     
  -5709.4088198547879     
  -4983.9972065634665     
  -4335.7518983994405     
  -3756.2811320724331     
  -3238.1057406773862     
  -2774.5599096937085     
  -2359.7027256764986     
  -1988.2393439446150     
  -1655.4507292087194     
  -1357.1310368401018     
  -1089.5318038677799     
  -849.31220915230642     
  -633.49474271901158     
  -439.42569600966834     
  -264.73994878222356     
  -107.32958540214807     
   34.684075917338980     
   162.97541208116081     
   279.03671307661972     
   384.19798375486647     
   479.64459218721157     
   566.43299877924449     
   645.50477485854765     
   717.69909675414908     
   783.76388115655448     
   844.36570951782278     
   900.09867318244449     
   951.49225661853347     
   999.01836335502367     
   1043.0975778547861     
   1084.1047464149190     
   1122.3739511493670     
   1158.2029430555972     
   1191.8570929894322     
   1223.5729129750773     
   1253.5611945759854     
   1282.0098059708348     
   1309.0861848501177     
   1334.9395602125642     
   1359.7029325432895     
   1383.4948386494248     
   1406.4209245715288     
   1428.5753474423595     
   1450.0420248948205     
   1470.8957485979615     
   1491.2031766969892     
   1511.0237183263519     
   1530.4103219328615     
   1549.4101778694112     
   1568.0653445822882     
