   2.5000000000000000        5.0000000000000003E-002  log
  -266583.47089801624     
  -260257.04171877331     
  -252541.63437780307     
  -243756.43992672954     
  -233778.50117924315     
  -222775.11083636148     
  -210413.33315393285     
  -198633.24449709803     
  -187277.34625478016     
  -174135.75237598325     
  -160610.48378572875     
  -146563.33143626992     
  -131784.16203687518     
  -117430.30642075572     
  -104636.38622068192     
  -93232.759923586869     
  -83068.234371803221     
  -74008.058521720624     
  -65932.135379306783     
  -58733.428385963409     
  -52316.541108425154     
  -46596.451386049681     
  -41497.383138402336     
  -36951.800862707627     
  -32899.513478759582     
  -29286.875629857332     
  -26066.075841514710     
  -23194.502092242368     
  -20634.176377912147     
  -18351.250766716370     
  -16315.558257677567     
  -14500.212482873883     
  -12881.250941671957     
  -11437.317032902272     
  -10149.376665737153     
  -9000.4656888699046     
  -7975.4647865338011     
  -7060.8988543678006     
  -6244.7581929686758     
  -5516.3391464765982     
  -4866.1020715650329     
  -4285.5447521697452     
  -3767.0895802472696     
  -3303.9830055200587     
  -2890.2059199675136     
  -2520.3937879195482     
  -2189.7654619275459     
  -1894.0597398425712     
  -1629.4788212518085     
  -1392.6379129744905     
  -1180.5203149128697     
  -990.43739027476101     
  -819.99288899682790     
  -667.05115096211910     
  -529.70876708786670     
  -406.26932224340163     
  -295.22088485205086     
  -195.21594447771037     
  -105.05353118005752     
  -23.663279373109336     
   49.908775275787590     
   116.51285437305677     
   176.90671872304469     
   231.76572335350619     
   281.69177906650111     
   327.22133942903804     
   368.83251918597864     
   406.95143855221647     
   441.95787756903314     
   474.19031555450539     
   503.95042251840783     
   531.50706213995909     
   557.09985942549281     
   580.94238038670403     
   603.22496593186975     
   624.11725757405657     
   643.77044847093214     
   662.31928966610656     
   679.88387815361216     
   696.57125049204740     
   712.47680311467752     
   727.68555818214486     
   742.27329177488400     
   756.30753939567057     
   769.84849212471045     
   782.94979531870456     
   795.65926045213894     
   808.01949954650320     
   820.06849060592526     
   831.84008156221284     
   843.36443941634343     
   854.66845053623899     
   865.77607742253281     
   876.70867667639425     
   887.48528238865129     
   898.12285871061033     
   908.63652495803831     
   919.03975623529607     
   929.34456224178712     
   939.56164663337097     
   949.70054905337440     
