   2.5000000000000000        5.0000000000000003E-002  log
  -743499.22959920322     
  -737172.80041996029     
  -729457.39307899005     
  -720672.19862791651     
  -710694.25988043018     
  -699690.86953754851     
  -687329.09185511980     
  -675549.00319828501     
  -664193.10495596717     
  -651051.51107717026     
  -637526.24248691578     
  -623479.09013745689     
  -608699.92073806212     
  -593424.76440251060     
  -577204.09653165936     
  -559907.31185038644     
  -541300.14961027203     
  -521230.16147099267     
  -500449.22003892047     
  -480412.79167650553     
  -457619.57572085707     
  -432535.01898053061     
  -406766.36573505879     
  -380386.67164981272     
  -353380.33144064929     
  -328466.61271637667     
  -306260.23429921857     
  -286466.77547062363     
  -267857.93229505932     
  -245919.76599968731     
  -221248.30841258520     
  -197094.48852226292     
  -175565.02634829283     
  -156374.52545102016     
  -139268.62598586257     
  -124020.62950271246     
  -110428.49079523803     
  -98312.136883750616     
  -87511.077556170130     
  -77882.275760418925     
  -69298.249589644925     
  -61645.380674771128     
  -54822.406537768431     
  -48739.076900095650     
  -43314.956116336114     
  -38478.355842052842     
  -34165.383773013091     
  -30319.095833129926     
  -26888.740561169696     
  -23829.085669696258     
  -21099.817840098203     
  -18665.007789343839     
  -16492.633510224692     
  -14554.155358775288     
  -12824.137350537390     
  -11279.909640500244     
  -9901.2677080306639     
  -8670.2042551597842     
  -7570.6702606795980     
  -6588.3620193823408     
  -5710.5313405828038     
  -4925.8163873732865     
  -4224.0909119508797     
  -3596.3298864614644     
  -3034.4897463633738     
  -2531.4016572129090     
  -2080.6763885867967     
  -1676.6195328763429     
  -1314.1559439581829     
  -988.76239308870151     
  -696.40754840675891     
  -433.49848160918521     
  -196.83299197513335     
   16.442884891944392     
   208.87274743787142     
   382.72358016372340     
   540.01583513281867     
   682.55024214204388     
   811.93170331219972     
   929.59058916406275     
   1036.8017187661537     
   1134.7012758092426     
   1224.3018850736205     
   1306.5060493446995     
   1382.1181250766458     
   1451.8549957138296     
   1516.3555842985779     
   1576.1893315917605     
   1631.8637522057138     
   1683.8311690147993     
   1732.4947152051309     
   1778.2136836070254     
   1821.3082942925678     
   1862.0639437014129     
   1900.7349916781429     
   1937.5481366728652     
   1972.7054238919120     
   2006.3869263149718     
   2038.7531341541248     
   2069.9470844614484     
   2100.0962591437947     
