   2.5000000000000000        5.0000000000000003E-002  log
  -346069.43068154744     
  -339743.00150230445     
  -332027.59416133421     
  -323242.39971026068     
  -313264.46096277429     
  -302261.07061989268     
  -289899.29293746402     
  -278119.20428062917     
  -266763.30603831133     
  -253621.71215951443     
  -240096.44356925989     
  -226049.29121980109     
  -211270.12182040632     
  -195994.96548485474     
  -179774.29761400356     
  -162477.51293273061     
  -144808.08096550210     
  -129028.33077625433     
  -114963.36159672747     
  -102426.69260080828     
  -91252.122577279399     
  -81291.524540724407     
  -72412.880176427992     
  -64498.528037549251     
  -57443.602249209107     
  -51154.641002043354     
  -45548.346370776446     
  -40550.479001361986     
  -36094.872999859668     
  -32122.557951222720     
  -28580.976417718597     
  -25423.286533662245     
  -22607.740442317936     
  -20097.130327204864     
  -17858.294686978617     
  -15861.678302456059     
  -14080.940056813470     
  -12492.603404970221     
  -11075.744854099061     
  -9811.7163215886685     
  -8683.8976863173084     
  -7677.4762497433367     
  -6779.2501803952200     
  -5977.4533335888736     
  -5261.5991218363861     
  -4622.3413642013375     
  -4051.3502681561736     
  -3541.2018982962545     
  -3085.2796652275488     
  -2677.6865274453812     
  -2313.1667411764956     
  -1987.0361198523876     
  -1695.1198777994830     
  -1433.6972333697029     
  -1199.4520364286050     
  -989.42876505787592     
  -800.99330757514383     
  -631.79800947234571     
  -479.75052146675648     
  -342.98603529724409     
  -219.84253885163486     
  -108.83876227576444     
  -8.6545224224796140     
   81.886795176628283     
   163.83384927035021     
   238.12125795232831     
   305.58200047531784     
   366.95847037978297     
   422.91232660512674     
   474.03327330181673     
   520.84688484717844     
   563.82157989806251     
   603.37483702182612     
   639.87873438327733     
   673.66488699586034     
   705.02884705140650     
   734.23402571815291     
   761.51518844690588     
   787.08157016593805     
   811.11965170136250     
   833.79563426439665     
   855.25764484045692     
   875.63770174425861     
   895.05346642264260     
   913.60980475048791     
   931.40017853715892     
   948.50788570793111     
   965.00716561685090     
   980.96418415785843     
   996.43791174600062     
   1011.4809058190100     
   1026.1400082425716     
   1040.4569668734212     
   1054.4689895280396     
   1068.2092377077711     
   1081.7072666317988     
   1094.9894174169467     
   1108.0791666082953     
   1120.9974376986715     
   1133.7628787706872     
   1146.3921099454640     
