   2.5000000000000000        5.0000000000000003E-002  log
   27.088619695932028     
   23.813193834920934     
   20.863669783664882     
   18.205350004859152     
   15.807376371175945     
   13.642314302812487     
   11.685780677904358     
   9.9161101497424244     
   8.3140549033760323     
   6.8625131881764059     
   5.5462821688654165     
   4.3518307387505688     
   3.2670879249974374     
   2.2812423716843089     
   1.3845480915173727     
  0.56813120399499184     
 -0.17620830940465626     
 -0.85620675018966930     
  -1.4793669329659338     
  -2.0532183494933003     
  -2.5856192717746307     
  -3.0851155703266158     
  -3.5613745643170622     
  -4.0257167257140898     
  -4.4917737766744832     
  -4.9763089592710825     
  -5.5002444116259053     
  -6.0899521489949153     
  -6.7788797452957912     
  -7.6096002247402321     
  -708.39641853226408     
  -708.39641853226408     
  -708.39641853226408     
  -708.39641853226408     
  -708.39641853226408     
  -708.39641853226408     
  -708.39641853226408     
  -708.39641853226408     
  -708.39641853226408     
  -708.39641853226408     
  -708.39641853226408     
  -708.39641853226408     
  -708.39641853226408     
  -708.39641853226408     
  -708.39641853226408     
  -708.39641853226408     
  -708.39641853226408     
  -708.39641853226408     
  -708.39641853226408     
  -708.39641853226408     
  -708.39641853226408     
  -708.39641853226408     
  -708.39641853226408     
  -708.39641853226408     
  -708.39641853226408     
  -708.39641853226408     
  -708.39641853226408     
  -708.39641853226408     
  -708.39641853226408     
  -708.39641853226408     
  -708.39641853226408     
  -708.39641853226408     
  -708.39641853226408     
  -708.39641853226408     
  -708.39641853226408     
  -708.39641853226408     
  -708.39641853226408     
  -708.39641853226408     
  -708.39641853226408     
  -708.39641853226408     
  -708.39641853226408     
  -708.39641853226408     
  -708.39641853226408     
  -708.39641853226408     
  -708.39641853226408     
  -708.39641853226408     
  -708.39641853226408     
  -708.39641853226408     
  -708.39641853226408     
  -708.39641853226408     
  -708.39641853226408     
  -708.39641853226408     
  -708.39641853226408     
  -708.39641853226408     
  -708.39641853226408     
  -708.39641853226408     
  -708.39641853226408     
  -708.39641853226408     
  -708.39641853226408     
  -708.39641853226408     
  -708.39641853226408     
  -708.39641853226408     
  -708.39641853226408     
  -708.39641853226408     
  -708.39641853226408     
  -708.39641853226408     
  -708.39641853226408     
  -708.39641853226408     
  -708.39641853226408     
  -708.39641853226408     
  -708.39641853226408     
