   2.5000000000000000        5.0000000000000003E-002  log
   222.21530642932530     
   196.64876580631824     
   173.84802492955220     
   153.51268123849346     
   135.37503482141582     
   119.19653317753190     
   104.76460196490898     
   91.889819477471548     
   80.403397102998497     
   70.154932008147838     
   61.010401825669021     
   52.850374225491763     
   45.568406970958364     
   39.069616423161996     
   33.269394482667359     
   28.092255664587920     
   23.470797398716492     
   19.344757732044151     
   15.660155378765831     
   12.368497495005078     
   9.4260406225517368     
   6.7930899044985811     
   4.4333208655033562     
   2.3131066895520989     
  0.40083191215186381     
  -1.3338293661560492     
  -2.9206964195293694     
  -4.3899566437342328     
  -5.7731692294561103     
  -7.1044431976830129     
  -708.39641853226408     
  -708.39641853226408     
  -708.39641853226408     
  -708.39641853226408     
  -708.39641853226408     
  -708.39641853226408     
  -708.39641853226408     
  -708.39641853226408     
  -708.39641853226408     
  -708.39641853226408     
  -708.39641853226408     
  -708.39641853226408     
  -708.39641853226408     
  -708.39641853226408     
  -708.39641853226408     
  -708.39641853226408     
  -708.39641853226408     
  -708.39641853226408     
  -708.39641853226408     
  -708.39641853226408     
  -708.39641853226408     
  -708.39641853226408     
  -708.39641853226408     
  -708.39641853226408     
  -708.39641853226408     
  -708.39641853226408     
  -708.39641853226408     
  -708.39641853226408     
  -708.39641853226408     
  -708.39641853226408     
  -708.39641853226408     
  -708.39641853226408     
  -708.39641853226408     
  -708.39641853226408     
  -708.39641853226408     
  -708.39641853226408     
  -708.39641853226408     
  -708.39641853226408     
  -708.39641853226408     
  -708.39641853226408     
  -708.39641853226408     
  -708.39641853226408     
  -708.39641853226408     
  -708.39641853226408     
  -708.39641853226408     
  -708.39641853226408     
  -708.39641853226408     
  -708.39641853226408     
  -708.39641853226408     
  -708.39641853226408     
  -708.39641853226408     
  -708.39641853226408     
  -708.39641853226408     
  -708.39641853226408     
  -708.39641853226408     
  -708.39641853226408     
  -708.39641853226408     
  -708.39641853226408     
  -708.39641853226408     
  -708.39641853226408     
  -708.39641853226408     
  -708.39641853226408     
  -708.39641853226408     
  -708.39641853226408     
  -708.39641853226408     
  -708.39641853226408     
  -708.39641853226408     
  -708.39641853226408     
  -708.39641853226408     
  -708.39641853226408     
  -708.39641853226408     
