   2.5000000000000000        5.0000000000000003E-002  log
   164.62470274766147     
   145.35615462352229     
   128.16679710213762     
   112.83080825402821     
   99.146952232490491     
   86.935907185385503     
   76.037883483461997     
   66.310500539151363     
   57.626893889676595     
   49.874027234212761     
   42.951186784633819     
   36.768637645852756     
   31.246424012839388     
   26.313296780358687     
   21.905753727023125     
   17.967178771504908     
   14.447067915049734     
   11.300330385023569     
   8.4866541777615527     
   5.9699256578042030     
   3.7176930897150346     
   1.7006639344527978     
 -0.10777459926564655     
  -1.7320229436088717     
  -3.1947367866368968     
  -4.5173087784332990     
  -5.7203803634237405     
  -6.8244026705443046     
  -7.8502691872349164     
  -8.8200478529965345     
  -708.39641853226408     
  -708.39641853226408     
  -708.39641853226408     
  -708.39641853226408     
  -708.39641853226408     
  -708.39641853226408     
  -708.39641853226408     
  -708.39641853226408     
  -708.39641853226408     
  -708.39641853226408     
  -708.39641853226408     
  -708.39641853226408     
  -708.39641853226408     
  -708.39641853226408     
  -708.39641853226408     
  -708.39641853226408     
  -708.39641853226408     
  -708.39641853226408     
  -708.39641853226408     
  -708.39641853226408     
  -708.39641853226408     
  -708.39641853226408     
  -708.39641853226408     
  -708.39641853226408     
  -708.39641853226408     
  -708.39641853226408     
  -708.39641853226408     
  -708.39641853226408     
  -708.39641853226408     
  -708.39641853226408     
  -708.39641853226408     
  -708.39641853226408     
  -708.39641853226408     
  -708.39641853226408     
  -708.39641853226408     
  -708.39641853226408     
  -708.39641853226408     
  -708.39641853226408     
  -708.39641853226408     
  -708.39641853226408     
  -708.39641853226408     
  -708.39641853226408     
  -708.39641853226408     
  -708.39641853226408     
  -708.39641853226408     
  -708.39641853226408     
  -708.39641853226408     
  -708.39641853226408     
  -708.39641853226408     
  -708.39641853226408     
  -708.39641853226408     
  -708.39641853226408     
  -708.39641853226408     
  -708.39641853226408     
  -708.39641853226408     
  -708.39641853226408     
  -708.39641853226408     
  -708.39641853226408     
  -708.39641853226408     
  -708.39641853226408     
  -708.39641853226408     
  -708.39641853226408     
  -708.39641853226408     
  -708.39641853226408     
  -708.39641853226408     
  -708.39641853226408     
  -708.39641853226408     
  -708.39641853226408     
  -708.39641853226408     
  -708.39641853226408     
  -708.39641853226408     
