   2.5000000000000000        5.0000000000000003E-002  log
   173.02120015282259     
   152.76845108042090     
   134.70819436711281     
   118.60222814744165     
   104.23827211484185     
   91.427147923394159     
   80.000265421973239     
   69.807381179099366     
   60.714599321895449     
   52.602587867431204     
   45.364986508047615     
   38.906984256877095     
   33.144047493040532     
   28.000780789793161     
   23.409904479582313     
   19.311334218228293     
   15.651348860782692     
   12.381833751850674     
   9.4595870534496882     
   6.8456769651358051     
   4.5048376050266157     
   2.4048908747955036     
  0.51618076974718285     
  -1.1889947589932328     
  -2.7369712282074006     
  -4.1533438339649136     
  -5.4636554983199073     
  -6.6941744356005008     
  -7.8727949146229133     
  -9.0301025760063034     
  -708.39641853226408     
  -708.39641853226408     
  -708.39641853226408     
  -708.39641853226408     
  -708.39641853226408     
  -708.39641853226408     
  -708.39641853226408     
  -708.39641853226408     
  -708.39641853226408     
  -708.39641853226408     
  -708.39641853226408     
  -708.39641853226408     
  -708.39641853226408     
  -708.39641853226408     
  -708.39641853226408     
  -708.39641853226408     
  -708.39641853226408     
  -708.39641853226408     
  -708.39641853226408     
  -708.39641853226408     
  -708.39641853226408     
  -708.39641853226408     
  -708.39641853226408     
  -708.39641853226408     
  -708.39641853226408     
  -708.39641853226408     
  -708.39641853226408     
  -708.39641853226408     
  -708.39641853226408     
  -708.39641853226408     
  -708.39641853226408     
  -708.39641853226408     
  -708.39641853226408     
  -708.39641853226408     
  -708.39641853226408     
  -708.39641853226408     
  -708.39641853226408     
  -708.39641853226408     
  -708.39641853226408     
  -708.39641853226408     
  -708.39641853226408     
  -708.39641853226408     
  -708.39641853226408     
  -708.39641853226408     
  -708.39641853226408     
  -708.39641853226408     
  -708.39641853226408     
  -708.39641853226408     
  -708.39641853226408     
  -708.39641853226408     
  -708.39641853226408     
  -708.39641853226408     
  -708.39641853226408     
  -708.39641853226408     
  -708.39641853226408     
  -708.39641853226408     
  -708.39641853226408     
  -708.39641853226408     
  -708.39641853226408     
  -708.39641853226408     
  -708.39641853226408     
  -708.39641853226408     
  -708.39641853226408     
  -708.39641853226408     
  -708.39641853226408     
  -708.39641853226408     
  -708.39641853226408     
  -708.39641853226408     
  -708.39641853226408     
  -708.39641853226408     
  -708.39641853226408     
