   2.00000000000000000000000000000000000         1.00000000000000000000000000000000000        -499.539777848906529816667763406619993      
   2.00000000000000000000000000000000000         1.00000000000000000000000000000000000        -444.984328450213900529121165263165573      
   2.00000000000000000000000000000000000         1.00000000000000000000000000000000000        -396.330432497229720614226151878753284      
   2.00000000000000000000000000000000000         1.00000000000000000000000000000000000        -352.936301589179634670375246120091970      
   2.00000000000000000000000000000000000         1.00000000000000000000000000000000000        -314.229941211790142189761093015305325      
   2.00000000000000000000000000000000000         1.00000000000000000000000000000000000        -279.701560717607629746815130809229248      
   2.00000000000000000000000000000000000         1.00000000000000000000000000000000000        -248.896808713837254844201163732077102      
   2.00000000000000000000000000000000000         1.00000000000000000000000000000000000        -221.410744095408240196791765547664409      
   2.00000000000000000000000000000000000         1.00000000000000000000000000000000000        -196.882462722537339930130535600457638      
   2.00000000000000000000000000000000000         1.00000000000000000000000000000000000        -174.990308442066383726485995532627035      
   2.00000000000000000000000000000000000         1.00000000000000000000000000000000000        -155.447604905736660555149389443916619      
   2.00000000000000000000000000000000000         1.00000000000000000000000000000000000        -137.998851549221837863207708581564142      
   2.00000000000000000000000000000000000         1.00000000000000000000000000000000000        -122.416333254872370366398155580468930      
   2.00000000000000000000000000000000000         1.00000000000000000000000000000000000        -108.497098710455864595759662724383849      
   2.00000000000000000000000000000002966         1.00000000000000000000000000000000000        -96.0602673685497251672864042327542524      
   2.00000000000000000000000000009974045         1.00000000000000000000000000000000000        -84.9446292715734184979154742550730855      
   2.00000000000000000000000013873904394         1.00000000000000000000000000000000000        -75.0065058935967927099912304740301918      
   2.00000000000000000000008785552079677         1.00000000000000000000000000000000000        -66.1178436135949262594772544611635454      
   2.00000000000000000002760890032321646         1.00000000000000000000000000000000000        -58.1645145216979346994819212236380829      
   2.00000000000000000466051927578605551         1.00000000000000000000000000000000000        -51.0448020111670399632502625227798650      
   2.00000000000000045716922948534788670         1.00000000000000000000000000000000000        -44.6680510608225250559349279421418148      
   2.00000000000002856926049296896906230         1.00000000000000000000000000000000000        -38.9534652979914460437738758308529660      
   2.00000000000128279689647382035448186         1.00000000000000000000000000000000000        -33.8290348797318250266503406738584970      
   2.00000000004683108176127820169835632         1.00000000000000000000000000000000000        -29.2305809659877604352453543119308986      
   2.00000000145116647029880536920601410         1.00000000000000000000000000000000000        -25.1009041059891487417377171748938645      
   2.00000003635458723592748932756001283         1.00000000000000000000000000000000000        -21.3890252510607775758616747754268841      
   2.00000069791894529079423078241373824         1.00000000000000000000000000000000000        -18.0495095585040282524460144914067643      
   2.00001009672095662057689448442546828         1.00000000000000000000000000000000000        -15.0418669730876202706147573649026575      
   2.00011112099256995121181679192955124         1.00000000000000000000000000000000000        -12.3300485234438224937595488524614975      
   2.00094959581457616681168532844848652         1.00000000000000000000000000000000000        -9.88221139870846634446881480095894489      
   2.00645041770519228118033865401106148         1.00000000000000000000000000000000000        -7.67164555590962477921816382437635484      
   2.03564328756558472771298942188436118         1.00000000000000000000000000000000000        -5.68217407848156088269175309920911878      
   2.16370906248231596742343348055004521         1.00000000000000000000000000000000000        -3.92589345293873545494698291761074370      
   2.63739797775952664655260214166604496         1.00000000000000000000000000000000000        -2.47289808454957176776539642039329327      
   4.14137587873056407484523145737602677         1.00000000000000000000000000000000000        -1.42140938124413083489143799594346233      
   8.30709119945047392648872779703260691         1.00000000000000000000000000000000000       -0.746886189525002767218987931144038152      
   18.5196788757217917240240577809331505         1.00000000000000000000000000000000000       -0.295757407086151750209737894248570960      
   40.9702719861052552876314656736489321         1.00000000000000000000000000000000000         5.81368034179443291073942805556851936E-0002
   85.7441430114261891389285302445725591         1.00000000000000000000000000000000000        0.373989485131681438302068166286819634      
   167.600884781777668463811806294260951         1.00000000000000000000000000000000000        0.674783872624542275048482405081729837      
   306.074801691079026064765413148909205         1.00000000000000000000000000000000000        0.969255735732222422881563999618896168      
   524.643093240129413474480518913203540         1.00000000000000000000000000000000000         1.26086644801952256449120939021416960      
   848.944849148902403282986086376779448         1.00000000000000000000000000000000000         1.55107429739134868945127381943475498      
   1304.29655164248146956757070338877353         1.00000000000000000000000000000000000         1.84053560261869463404989387125758795      
   1912.94138711773216580837370765542212         1.00000000000000000000000000000000000         2.12956591546321985003407677961062248      
   2691.52925393897578457332939197121261         1.00000000000000000000000000000000000         2.41832714843406854902786510846567964      
   3649.24837579558262895597608823741464         1.00000000000000000000000000000000000         2.70690787974957324380817273985529578      
   4786.86127242988544079371881529705702         1.00000000000000000000000000000000000         2.99535972321570255501084534113287771      
   6096.70044386862814742497481120536348         1.00000000000000000000000000000000000         3.28371465813507130840345629476349197      
   7563.50819644723041030223594822516190         1.00000000000000000000000000000000000         3.57199369048684099556502684396792385      
   9165.89361663514131664670865558276259         1.00000000000000000000000000000000000         3.86021138109461755545326910543934465      
   10878.1357789146709320838179271318808         1.00000000000000000000000000000000000         4.14837831673827071769420129863219838      
   12672.0752378131310518567962170471499         1.00000000000000000000000000000000000         4.43650251545491685667301380351458950      
   14518.8859346702038327051241984330330         1.00000000000000000000000000000000000         4.72459025834830722890023293597930979      
   16390.5861643609748292946445412907757         1.00000000000000000000000000000000000         5.01264660156343851381261510158507439      
   18261.2136838889945646562412961309477         1.00000000000000000000000000000000000         5.30067570367918683144870121477117312      
   20107.6459746410427222798707360559938         1.00000000000000000000000000000000000         5.58868104300075417188778680280266694      
   21910.0874187560189336588970371768582         1.00000000000000000000000000000000000         5.87666556703806484259513469052047628      
   23652.2703408999544765412437529969408         1.00000000000000000000000000000000000         6.16463179888507753531421436974956446      
   25321.4287073936798340661545640558313         1.00000000000000000000000000000000000         6.45258191535344092464761733508507565      
   26908.1050933541343162006340362715171         1.00000000000000000000000000000000000         6.74051780603105166728983251605421550      
   28405.8467554657290792963545188651591         1.00000000000000000000000000000000000         7.02844111907788955554714036057065916      
   29810.8382373739232215713531884766435         1.00000000000000000000000000000000000         7.31635329753877197368257596036947048      
   31121.5081291809836769948736111565402         1.00000000000000000000000000000000000         7.60425560869344472150372189553447074      
   32338.1379200763041178853934831827203         1.00000000000000000000000000000000000         7.89214916816669419295528542348792435      
   33462.4922219683846319066584351373200         1.00000000000000000000000000000000000         8.18003496000464464951080717457026970      
   34497.4824296318825980351901480062442         1.00000000000000000000000000000000000         8.46791385358174494900175962613361479      
   35446.8702242737229940292029436238741         1.00000000000000000000000000000000000         8.75578661797216711172873442643161685      
   36315.0131297077545922404976620103557         1.00000000000000000000000000000000000         9.04365393426020742581988442882412210      
   37106.6513970916754715161622519650966         1.00000000000000000000000000000000000         9.33151640615231296348652162719581480      
   37826.7335902445423134372559107853695         1.00000000000000000000000000000000000         9.61937456917300003830431378908861758      
   38480.2771354730556762783517237794324         1.00000000000000000000000000000000000         9.90722889866814143798151024988107571      
   39072.2595781724061997167644833465915         1.00000000000000000000000000000000000         10.1950798167952821876117929749055476      
   39607.5361776887121251117665851007636         1.00000000000000000000000000000000000         10.4829276986474012944148288905843142      
   40090.7796323296103232040352637824795         1.00000000000000000000000000000000000         10.7707728776308904711842095672212363      
   40526.4380516150990469093222781545283         1.00000000000000000000000000000000000         11.0586156501984214913433021440571415      
   40918.7077051803141302291493556027016         1.00000000000000000000000000000000000         11.3464562800213913302699043093032707      
   41271.5175228358521304117632372798801         1.00000000000000000000000000000000000         11.6342950016737552627732134544637732      
   41588.5227620204028829291989188039266         1.00000000000000000000000000000000000         11.9221320238885541594446564704703902      
   41873.1056747615849349817107028343280         1.00000000000000000000000000000000000         12.2099675324397821376587326564203592      
   42128.3813836927021557295801564677664         1.00000000000000000000000000000000000         12.4978016926950316069634351858920569      
   42357.2075099405264905668689071932254         1.00000000000000000000000000000000000         12.7856346518783000265939721983386133      
   42562.1963836812867401975945682122958         1.00000000000000000000000000000000000         13.0734665410772225105761484698976673      
   42745.7289126354424953128261372199761         1.00000000000000000000000000000000000         13.3612974770246344437533651561447109      
   42909.9693881937167492387119355955630         1.00000000000000000000000000000000000         13.6491275636806341833399682675966150      
   43056.8806775306426547756073458664056         1.00000000000000000000000000000000000         13.9369568936381017596857222866125391      
   43188.2393875333760246058339361855943         1.00000000000000000000000000000000000         14.2247855493718507350201264383627658      
   43305.6506971324395420391899741307752         1.00000000000000000000000000000000000         14.5126136043491788901791844777179187      
   43410.5626428484287479130005999454388         1.00000000000000000000000000000000000         14.8004411240174837099937022654635533      
   43504.2797118351763403652438160482412         1.00000000000000000000000000000000000         15.0882681666827751475943686474224148      
   43587.9756507213235714359903759502866         1.00000000000000000000000000000000000         15.3760947842913131013942566385871578      
   43662.7054399884491881575889750950065         1.00000000000000000000000000000000000         15.6639210231251889057582922470338212      
   43729.4164149030448352915263002585812         1.00000000000000000000000000000000000         15.9517469244214324086280304637249448      
   43788.9585371769578345067577425051339         1.00000000000000000000000000000000000         16.2395725249231364587534914014621474      
   43842.0938382536571405891946138493753         1.00000000000000000000000000000000000         16.5273978573701297683826829802742466      
   43889.5050667910532438951202568960632         1.00000000000000000000000000000000000         16.8152229509358808337803447195118813      
   43931.8035806630821588641872295769675         1.00000000000000000000000000000000000         17.1030478316165658642635988149008184      
   43969.5365285421495490718465165116594         1.00000000000000000000000000000000000         17.3908725225775703949368693642286095      
   44003.1933685821755815057918458585172         1.00000000000000000000000000000000000         17.6786970444621069667482540211770242      
   44033.2117724773704988079417587864163         1.00000000000000000000000000000000000         17.9665214156661108537613830000542527      
   44059.9829626827080535974726316481425         1.00000000000000000000000000000000000         18.2543456525831143780518489848501760      
