   1.00000000000000000000000000000000000         2.00000000000000000000000000000000000        -11355.1371119330240588730966137278490      
   1.00000000000000000000000000000000000         2.00000000000000000000000000000000000        -11355.1371119330240588730966137278490      
   1.00000000000000000000000000000000000         2.00000000000000000000000000000000000        -11355.1371119330240588730966137278490      
   1.00000000000000000000000000000000000         2.00000000000000000000000000000000000        -11355.1371119330240588730966137278490      
   1.00000000000000000000000000000000000         2.00000000000000000000000000000000000        -11355.1371119330240588730966137278490      
   1.00000000000000000000000000000000000         2.00000000000000000000000000000000000        -11355.1371119330240588730966137278490      
   1.00000000000000000000000000000000000         2.00000000000000000000000000000000000        -10150.9718422366494140184345458066522      
   1.00000000000000000000000000000000000         2.00000000000000000000000000000000000        -9046.49364898211202775224563216184961      
   1.00000000000000000000000000000000000         2.00000000000000000000000000000000000        -8062.09512259964999761093167072584179      
   1.00000000000000000000000000000000000         2.00000000000000000000000000000000000        -7184.71771196771277330499502232816010      
   1.00000000000000000000000000000000000         2.00000000000000000000000000000000000        -6402.72297114855095203433320442440904      
   1.00000000000000000000000000000000000         2.00000000000000000000000000000000000        -5705.73812428172649882464015414627640      
   1.00000000000000000000000000000000000         2.00000000000000000000000000000000000        -5084.51842515057294550964968918447788      
   1.00000000000000000000000000000000000         2.00000000000000000000000000000000000        -4530.82448501667790762099988132326799      
   1.00000000000000000000000000000000000         2.00000000000000000000000000000000000        -4037.31294093728272945713789080262113      
   1.00000000000000000000000000000000000         2.00000000000000000000000000000000000        -3597.43901380059717684801842503468643      
   1.00000000000000000000000000000000000         2.00000000000000000000000000000000000        -3205.36966308336006177961654470475106      
   1.00000000000000000000000000000000000         2.00000000000000000000000000000000000        -2855.90618594704269651941663953727980      
   1.00000000000000000000000000000000000         2.00000000000000000000000000000000000        -2544.41523360972782231969732904635464      
   1.00000000000000000000000000000000000         2.00000000000000000000000000000000000        -2266.76732962283083519486811315928892      
   1.00000000000000000000000000000000000         2.00000000000000000000000000000000000        -2019.28207422754949905436809118965408      
   1.00000000000000000000000000000000000         2.00000000000000000000000000000000000        -1798.67930768614411020980710902227290      
   1.00000000000000000000000000000000000         2.00000000000000000000000000000000000        -1602.03558455512561704661053543655891      
   1.00000000000000000000000000000000000         2.00000000000000000000000000000000000        -1426.74538134040157856042987184141669      
   1.00000000000000000000000000000000000         2.00000000000000000000000000000000000        -1270.48652278353259212690718783063887      
   1.00000000000000000000000000000000000         2.00000000000000000000000000000000000        -1131.18936800692356718033984126570873      
   1.00000000000000000000000000000000000         2.00000000000000000000000000000000000        -1007.00934763681793085386382938893441      
   1.00000000000000000000000000000000000         2.00000000000000000000000000000000000        -896.302487488402362087792913985802219      
   1.00000000000000000000000000000000000         2.00000000000000000000000000000000000        -797.603594027194328934209493803548602      
   1.00000000000000000000000000000000000         2.00000000000000000000000000000000000        -709.606812141038776364163804925129431      
   1.00000000000000000000000000000000000         2.00000000000000000000000000000000000        -631.148297236160764097645599096102239      
   1.00000000000000000000000000000000000         2.00000000000000000000000000000000000        -561.190771726516488637224270029637027      
   1.00000000000000000000000000000000000         2.00000000000000000000000000000000000        -498.809760990439303166273199494805621      
   1.00000000000000000000000000000000000         2.00000000000000000000000000000000000        -443.181326154087969237956194670031629      
   1.00000000000000000000000000000000000         2.00000000000000000000000000000000000        -393.571130923186621282117971579315380      
   1.00000000000000000000000000000000000         2.00000000000000000000000000000000000        -349.324697386556235881754000963870001      
   1.00000000000000000000000000000000000         2.00000000000000000000000000000000000        -309.858721491870694235461788892224497      
   1.00000000000000000000000000000000000         2.00000000000000000000000000000000000        -274.653332955277127569989774336825472      
   1.00000000000000000000000000000000000         2.00000000000000000000000000000000000        -243.245196898583810010565819249080560      
   1.00000000000000000000000000000000000         2.00000000000000000000000000000000000        -215.221365676932281158630873621722271      
   1.00000000000000000000000000000000000         2.00000000000000000000000000000000000        -190.213799314442317405128847386106780      
   1.00000000000000000000000000000000000         2.00000000000000000000000000000000000        -167.894481837339948381220725130716314      
   1.00000000000000000000000000000000000         2.00000000000000000000000000000000000        -147.971068701276268925449043733493426      
   1.00000000000000000000000000000000000         2.00000000000000000000000000000000000        -130.183007556842034937378953335327049      
   1.00000000000000000000000000000000000         2.00000000000000000000000000000000000        -114.298080878193306154574660895597272      
   1.00000000000000000000000000000000000         2.00000000000000000000000000000000000        -100.109324577570573520465902200452285      
   1.00000000000000000000000000000000173         2.00000000000000000000000000000000000        -87.4322817175981797483662769741226877      
   1.00000000000000000000000000000903762         2.00000000000000000000000000000000000        -76.1025548797947927323071613951667507      
   1.00000000000000000000000001730153118         2.00000000000000000000000000000014483        -65.9736247107121592774967953555817453      
   1.00000000000000000000001461532819609         2.00000000000000000000000000040965300        -56.9149056991347738810402170269097360      
   1.00000000000000000000595131392394612         2.00000000000000000000000048867094835        -48.8100133856851425149423088598201325      
   1.00000000000000000126427683487126630         2.00000000000000000000026982384119103        -41.5552200117588848307063427678837214      
   1.00000000000000015041555758258346793         2.00000000000000000007500059800200422        -35.0580781151893362932731270363804781      
   1.00000000000001068229477461996271890         2.00000000000000001131332894099629831        -29.2361938085923832872494553810761468      
   1.00000000000047970903474394361362384         2.00000000000000099093248206986591262        -24.0161334625408868891440016775654302      
   1.00000000001435277381077677638595999         2.00000000000005361957916851648559584        -19.3324492859298649601081673011930041      
   1.00000000030005278755930022745891904         2.00000000000190024893873470192961123        -15.1268108737842573550507500281422022      
   1.00000000457636919865741407253522318         2.00000000004671793316993824424322191        -11.3472312014169781076077473255513491      
   1.00000005293579834058889872180288742         2.00000000084444151107140894656212846        -7.94737682074638217465519339580629436      
   1.00000048048389495974633768044109377         2.00000001187066973047388265515910672        -4.88595329765426764574048290356875222      
   1.00000352301568567997985971592450377         2.00000013590747137749057205296480182        -2.12615881895074294606866315825876247      
   1.00002137300942702103598714681080961         2.00000130240005333179554816517456763        0.364796485195857716494483986124070392      
   1.00010938662266689927057698780650781         2.00001053736441083075094233166237054         2.61609523137320809338815707977191062      
   1.00047981550350401193298640998183494         2.00007194173141106060358865621716445         4.65360255054043809501072570514080115      
   1.00182793547273443638013279219463107         2.00041444661675417747118369030452111         6.49996070658599423073912186029631963      
   1.00611913051803741489853091863443323         2.00202355442209859136011826035900744         8.17440700564630143541540664186274216      
   1.01819264305092776735906914249942208         2.00844622813826853423817348719295201         9.69242641829600171257531525101817642      
   1.04852053736545882199894389599645291         2.03047649404432712012799981303722083         11.0659979928370095017774564371790403      
   1.11719036198226559269490680450637549         2.09623515839840036650536692711012134         12.3063675255592690372325392464744737      
   1.25863156485698642008585699415734486         2.26922179958243519507395351420147248         13.4313661057463781679492307694800962      
   1.52595099756757776996840207904732096         2.67518072131463353860025408386064200         14.4728833948140268113986853600086675      
   1.99331245984144687371741019018486257         3.53479924803526588316005558198239561         15.4688631387351642547056942129782142      
   2.75489452348756298007213250643666114         5.19452698460383349736403016941977698         16.4389858629821972498461720198756919      
   3.91966578920940122891537693147063319         8.14456226835151317013270272295219334         17.3773328105552058523874640437766418      
   5.60230431254369527010686805561544661         13.0135500395549331950992298681413725         18.2698486900813087453688783770278878      
   7.91165041838627095192917376520035876         20.5343728537036438084054026549082663         19.1082085997855447503890578625067747      
   10.9387374909907690377547136774162935         31.4830251323856238597250084437822327         19.8911875956078389851160742685441089      
   14.7465068281273942799924598481234358         46.6000376416244203299783843301718904         20.6216433770188522353314798346537053      
   19.3628338231844381187934859087537117         66.5085518073023578320895097117677240         21.3040496151776016469585139178717567      
   24.7776961866887585274629386894918362         91.6436165251862678159048525212259223         21.9432211610381105536297658743267022      
   30.9444711084936351662441845948889374         122.203980052108253023370490296696256         22.5437755823224296127289143662338366      
   37.7846725483998342188983850567729766         158.132144323421199631475059487856762         23.1099438975631272315577160354550542      
   45.1950427043043909426707383876664390         199.122627380678120499696276668480702         23.6455288732776372675708841643168276      
   53.0558011072042713801650302161273152         244.653732225487115336754601713571363         24.1539206053995339734697822647423280      
   61.2389694342265099559636855295256215         294.035401637208669238444845240791609         24.6381315467157110318969076521098998      
   69.6159400179657406466235260564542444         346.464991893049609840331758978445022         25.1008357991580263530861330792844528      
   78.0637546706300864253804136114221814         401.083593281438890248105587463592758         25.5444069245839532566542654898641789      
   86.4698429127420077807526762782731305         457.027239263247439957561400289378802         25.9709523683186853792557116607653510      
   94.7351968745370707059852639465492773         513.469385694887679556062295589960656         26.3823441083865206532319510125289076      
   102.776119534395889115938295032553497         569.652964404345035752241655101859844         26.7802457085608134563682649288346993      
   110.524775795571780797541181113891102         624.911864106858132515581871205386262         27.1661361328977336158185074290155894      
   117.928813798983053524723047906371778         678.682770165034877468676952012809199         27.5413307080297990448330979770596245      
   124.950321938522064204621609332980535         730.508920356280553621214013190788474         27.9069995935270755635713661183446400      
   131.564359981819688561566627621211538         780.037587025930610507582526322329157         28.2641840788606571234632518986301848      
   137.757262703066089898280099497352508         827.013080146829455663988291534244957         28.6138109828065123151927643237725156      
   143.524870486313031291444425729658794         871.266880809583223462281921905787799         28.9567053925939936666098047761262203      
   148.870799339739857407086146383055447         912.706243148576920237866316742695107         29.2936019469255399851171108628725118      
   153.804825995583924618349056487486389         951.302305269948859399237167774737062         29.6251548389276855759013723354090155      
   158.341433687274239196978976391680325         987.078465933837684130961293489801133         29.9519466914546255084779753925409864      
   162.498540964327817119976586774137047         1020.09953577886170621125993095389580         30.2744964372178057428681141444022583      
   166.296418950262965142002421133531105         1050.46196923659760112850942735420489         30.5932663193019630884271763782803503      
