   3.00830264584399849807149451158518224         2.31421328242450173575877308964841569        -725.566025688505415891174058770305805      
   3.28329780600128197950728123650657903         2.41435669318688243087551415158980960        -646.428689584067170308395266355561517      
   3.57072132444817172101240824084817560         2.53022230979427899044124910623196354        -575.863005363026336838557401187134748      
   3.86719259926043368189870504840482432         2.66053584588072169187251688496283719        -512.936497037730694761479788383574733      
   4.16913527295775009247218247435539299         2.80344462300036239811474398443854645        -456.818417181619568708459928632539935      
   4.47296544236809153035500900458853177         2.95667705794593093618441607882357907        -406.768578528268389226146813924566700      
   4.77525660554824443354713297649122119         3.11771368320753800196822976636942205        -362.127411176984484853562358065465283      
   5.07287045563730903724224066629346185         3.28395003365837154936430770257234888        -322.307122654112286164839303319454001      
   5.36304929943381530575354534490196171         3.45283761564631589512343498224082341        -286.783842738314283898015137758854129      
   5.64347152554333383626687708237066131         3.62199525785054341561902508021025948        -255.090642799439158269673306929794071      
   5.91227633879144577471978404125535784         3.78928839261994946033564280322845574        -226.811329697529927773201739867940383      
   6.16806848431326937488790875940641726         3.95287773240634688555886625801320433        -201.574925628424848768894082594320500      
   6.40991786890132835891140249366365383         4.11124130173999422801063833770766716        -179.050756397105906430033048216164942      
   6.63737103630514668071802618860533491         4.26317503236432645739370876513997046        -158.944080458905841858034021221770399      
   6.85048789100621383507967951156220242         4.40777741928364308895957745987487597        -140.992199010946583911380578264566624      
   7.04990524574876370289830100149844842         4.54442338154030919934820830049457407        -124.960993243717007854481693377891692      
   7.23691047023414872903427402667608220         4.67273174958444294457913286947026539        -110.641839082425397483183730001854664      
   7.41349120357444296677318793739248559         4.79252992471586956777010936398785759        -97.8488534866406587762133780610787094      
   7.58232058026451010207245408153485060         4.90381837261817189523858115132967230        -86.4164308549067802713091594968933813      
   7.74664773766884267592949709683326895         5.00673681186884526251301830601272149        -76.1970339366495087429084059573173900      
   7.91008834364572596381781446922653850         5.10153328414059734250971164133475965        -67.0592105721334805027919031014976005      
   8.07633975608023306886407717067258326         5.18853675950759934492843679664009396        -58.8858144480461118970920708826476777      
   8.24886808658855186192875635361819214         5.26813353653806427162779183993198696        -51.5724135150650881272122905190559101      
   8.43062172415197199769141757066798660         5.34074745801121510009979417961368574        -45.0258728255129983986041553539166908      
   8.62381728197965422937049802572361330         5.40682400807166877365078982736578506        -39.1630992293515321701940725234530921      
   8.82982597449676934246149169008639290         5.46681915975269766021750040463150279        -33.9099343589380748687962255764054524      
   9.04917045702448121779823926275385515         5.52119650677588714873215168004244550        -29.2001807121328131867850899265110422      
   9.28163149107366515090277144717102134         5.57044227212458604341458900257485978        -24.9747442187747668165877524535481082      
   9.52646338028859558131594803219423765         5.61511770513996430769410424647185449        -21.1808758656864998337298398742077393      
   9.78272691159225935070144931554163145         5.65597899877593066531575136142528578        -17.7714953072468776638356650745689038      
   10.0497690477285622306255848455873883         5.69419820773619002884714779107384578        -14.7045821410684406569079203107861942      
   10.3279159593233310910463774765110251         5.73170531475494185374917713060988107        -11.9426275533481459633912166482142391      
   10.6195265801257219979365373322429566         5.77163859036297076665606841089071647        -9.45215284409616302199271786267651071      
   10.9307682721002556428744397308151958         5.81884834716432773862290751789135468        -7.20332721094525656610550173377062151      
   11.2750526031540356219510748769277726         5.88037245986388160539327630277216298        -5.16976671059990579192779940106939493      
   11.6803840673416325266689943600066313         5.96582137632410236533616063775991495        -3.32868057478121743265548418186662480      
   12.2052020141599076979306440311367721         6.08770705456955020831056412349334015        -1.66161725614736534516148300716974192      
   12.9702402060410398625630867061081863         6.26196320097633534168496628957427992       -0.155971640103761937439973410815173148      
   14.2159873198579209730422820919032081         6.50929996696068595429649435771509377         1.19329614764530137382325170206211174      
   16.3943672229062277655724324271144219         6.85871756735541250312104732859832545         2.38406167928178816792399458625157866      
   20.2980270599772072489789498641852239         7.35555960379887233680773084585439216         3.41344711358890720583233477479190680      
   27.2222737593665826630726606889176156         8.07786026016615509432438982864156404         4.29037522039074928853866941403742501      
   39.1466302764879638621308975496071863         9.16605630707343958122254264705136576         5.04444870843112626706330120328804923      
   58.9184554307990188003291448417945491         10.8716358908548823255001867621050383         5.72076413173387876526755757189877509      
   90.4200628495323809102200749266229906         13.6289716838706780305113893531705526         6.36484723215760116025780591072671951      
   138.699071853457585446185863665322415         18.1504927509246596913648721911078735         7.00912123484858054619378951337406617      
   210.034438111574993205602631475478561         25.5380497036794600025336348544734312         7.66710833895356797762436737152231428      
   311.898282566099141839351209829363677         37.3934866983501430187585019174915505         8.33626269275484869933238614990389953      
   452.765198255784523175848674968400612         55.9014680367138053168714795511665219         9.00589271906312105442514807447780255      
   641.728982868328980422281407528648207         83.8517338835870525434275368687337945         9.66446812419599865312973668515140819      
   887.918736924340992325504448764356234         124.570813273899837017537368252373642         10.3033299560881674822270483893671901      
   1199.75606496410798667184780876106655         181.747186882978295684644127371287114         10.9173887873088474871450147371055117      
   1584.14530670649487389082828810266002         259.156801252792183273655738926607453         11.5044570646980695355502006555343115      
   2045.71945460808379242728652077167700         360.320996487298349156826548390246765         12.0643120187642730852029664114988525      
   2586.26357714199176100585574713140335         488.147852239395900400779102092418841         12.5979165980359559532879021573934605      
   3204.40583872576330764269501918334843         644.614310032106831270071842487638915         13.1068765467175839266025201984918994      
   3895.61510699402527900814546709879641         830.538585399020236910989605967069268         13.5930936834148729447962448255586410      
   4652.48969817547456042183747766729865         1045.47365554790763426248586484324322         14.0585563956925062957026458747671375      
   5465.27796981990467809081912918349905         1287.72924748728598504235323612642665         14.5052190119533456804980897756980248      
   6322.54609840877536331361824642310434         1554.50821230605739916488333331886723         14.9349364260443578110129681830409594      
   7211.90264133388537579791039991858189         1842.12800185172006026552824401033942         15.3494321624199942007463294803066973      
   8120.69957136201006931058617923190253         2146.29096411401806994436307334337178         15.7502862157121124119505101284741692      
   9036.64922727953961406786117199272103         2462.36770650448521596587121415879594         16.1389342679435845043144847152619654      
   9948.31984319288376481712286963547220         2785.66371178394193077460450618662490         16.5166731908598834812151111347272096      
   10845.4941832470479968496324753342259         3111.64813332307091404074254720512184         16.8846697791654762217007495382451024      
   11719.3934040191157674809404740010008         3436.13294688381098724782849670598846         17.2439709062195445889469864043399561      
   12562.7804443933461321842468468586658         3755.39878671500118028290516978375515         17.5955140506103541179493597954045794      
   13369.9641487133741669669058609124509         4066.26999534071219552643323131980408         17.9401375996434212283964532043914665      
   14136.7278647853726459302957437853637         4366.14545008111603340589187329189271         18.2785906109710970506448335244177699      
   14860.2056227062127012643784143789977         4652.99379774956185713297649161771025         18.6115418778073915030084551082558137      
   15538.7263750532181432555804233228841         4925.32225188797696260362031450690964         18.9395882399583825013357141013550494      
   16171.6431537768744278193101714609309         5182.12756358040272639526858459164354         19.2632621387672826116956023298745484      
   16759.1601074771436036323520459923334         5422.83660632248423504853110408764433         19.5830384451692514769836998725708250      
   17302.1667058468880840756973639788769         5647.24256738306326129249002417338210         19.8993406062159116352016225312325280      
   17802.0852062867880519050312793660083         5855.44126037840263957972201727516489         20.2125461626692067348081653455554571      
   18260.7348842254426530630300190845839         6047.77072112587445432191720290240082         20.5229916922466793914009341697456631      
   18680.2145413568376283044810541825237         6224.75610176874139175977386671399135         20.8309772320648538302887006480642796      
   19062.8033702419340307277701607127777         6387.06096403731681877327965920747870         21.1367702311384696330429195063619937      
   19410.8792844033886724813792693547050         6535.44538452936496929825591262354248         21.4406090802776474850555840464422610      
   19726.8532261359595594899660921703626         6670.73079709787875295097246339519085         21.7427062628787406138223181420596977      
   20013.1176499571450324881764493905558         6793.77117549470126309954832562384157         22.0432511662199362786013903692479554      
   20272.0072693034625214163643827973093         6905.42996765396683864963883816245419         22.3424125891164503366721377565517055      
   20505.7701830047496576614689308369693         7006.56209848102906294729308394036171         22.6403409782522006432441884414254788      
   20716.5476155192611527498984198686377         7098.00033256647041371201488230903910         22.9371704222279630273884215219284278      
   20906.3606728499075289154378540388103         7180.54530908195832994439008907120396         23.2330204293647130926322052372755777      
   21077.1027071701848168591810949833783         7254.95861064149062536467273960747259         23.5279975125729602408456876991985174      
   21230.5360787555424748145841174998710         7321.95829311408834232083750281328063         23.8221966021327458086684307836253764      
   21368.2922917524843300173836843460164         7382.21637503508202599078585472034323         24.1157023050079691185541457020879872      
   21491.8746534396702253112011929530110         7436.35785716801582998488047823984436         24.4085900273239361467406744886371430      
   21602.6627612588846262017977078114709         7484.96091098412620456054555498012286         24.7009269748490156113956385764699865      
   21701.9182567322111879287972384113610         7528.55793708737950579868085797816014         24.9927730447209427084144755703214117      
   21790.7914007103782925881192205189419         7567.63724983316626048469315198318646         25.2841816202274749042834728122400740      
   21870.3281214417994823291468206864434         7602.64519227600757876934718263183860         25.5752002791728430579932355813223674      
   21941.4772674552885567205734496382059         7633.98852635326743833544148865414269         25.8658714252201638466627762295922337      
   22005.0978631757449189094704429985275         7662.03697738710431206133754989564689         26.1562328505814593085871833537510741      
   22061.9662185323609704329584339280949         7687.12584024169766915068520627382610         26.4463182375182657252912441664055352      
   22112.7827864715614997552513626640115         7709.55857754176011614580739302137802         26.7361576053053615949081926477348903      
   22158.1786959902419700541924831326603         7729.60935897150797701052332831660148         27.0257777085874250146876981994220368      
   22198.7219146050945946819513192275744         7747.52550551780134494244941524458292         27.3152023924140392529914290560992432      
   22234.9230144163114454210239018148860         7763.52981422066171629679195985953525         27.6044529086639745739014575222292416      
   22267.2405312593282785397976261814031         7777.82274809978973739330286715470068         27.8935481980575437312865485135640300      
