   4.00797661722441326644990143553054651         5.04063568599033370726069566735265414        -2627.81314528423241473563211487641349      
   4.01568438353035199624099488263112400         5.07094338791678777500158970693299463        -2341.70558101380889856697897550886759      
   4.02865379400250474597399281427019004         5.11681128611086562532132461016189121        -2086.67849579366495601403324407490939      
   4.04902703046432241639702461496634293         5.18253798410790111262874304348633580        -1859.35149875166813627169681203251238      
   4.07912668100592689607702861528127569         5.27222635495171629212510686130685204        -1656.71192700645911885829876333586099      
   4.12122794812329079398278489160697300         5.38936267949506609444273168744504410        -1476.07490299529356148559166148888142      
   4.17731013254288152724801812126396987         5.53644543028204553854893549766706543        -1315.04770933784559040736222770052320      
   4.24883217453420911377710012734078835         5.71471901064704113801347206808655471        -1171.49800654676052927086072211093227      
   4.33656937147102541593224361626776750         5.92404476545238464246160205956601002        -1043.52547934003628719162540837728430      
   4.44053279590972474580336409904349832         6.16291533223809228490281320949868153        -929.436549745724151457038799403399678      
   4.55997512645426406567816594611976481         6.42859537881754455681850026775855627        -827.721837516200157355071674580442536      
   4.69347148734403363553430690874379741         6.71735613227665833693121047635760949        -737.036081033851642672370803469694257      
   4.83905428225885487392650289972683310         7.02476421584543808036100967962597811        -656.180257758273157155004937351438314      
   4.99437747317137736793701123646479668         7.34598623737845620154994462639035524        -584.085665901106847583571687884630881      
   5.15688724452826098238305246048774051         7.67607702274645516473555632229218651        -519.799750895452658211511688233962927      
   5.32398069143238677744484104440695790         8.01022868348505631342934069628793181        -462.473482100727233317866648843603561      
   5.49314022515468414793299713512093465         8.34396750786667774608969674186756372        -411.350106561247714757601139867205116      
   5.66203734659261100378581953454291395         8.67329432798872817537953876551942509        -365.755126654363678024607509398270546      
   5.82860439777923482184377059468391690         8.99477068707688363398763613814052479        -325.087366487410666918069713026401400      
   5.99107647526073627417144227359015419         9.30555767044258076962744991304922335        -288.811007704525260247015427865465583      
   6.14800786588373955972146933867007996         9.60341714668790519102410684293360873        -256.448489026286909700009597449735105      
   6.29826835647562180535146057699361923         9.88668732969304061399091489340680842        -227.574175593714102554121536295952945      
   6.44102487813927953929999366463184291         10.1542469220197146847383800016527960        -201.808714300489876858550502611858081      
   6.57571348148338219246215640495552757         10.4054844735027320660857436052090779        -178.814000113986790557491591022723830      
   6.70200586358848884066724982310218058         10.6402897800075632710586767451074801        -158.288686349422465798458122677733157      
   6.81977377844488864828803121826171525         10.8590785109963934824207067466976367        -139.964179437092773004618406880807215      
   6.92905379252506921729938830437540089         11.0628476666773223945188454700786274        -123.601066152641131489687214935308797      
   7.03001407355111891203350839909666650         11.2532408199368490606294617298339322        -108.985928351703964674444810000552380      
   7.12292425937933042240846110622181590         11.4325867510791801542714126226105714        -95.9285063392847484348166007421179725      
   7.20812895303219831901588398802215798         11.6038725301278876588791209191738964        -84.2591764670991116442565948384543683      
   7.28602501991050415753318427425670071         11.7706264648850838958395398540212740        -73.8267112123128685660596838909905690      
   7.35704260593389100360305024147934007         11.9367127052530623484799638213122229        -64.4962913587941032735739706069059522      
   7.42162962944785787230190279937468717         12.1060660566737335007489371034179655        -56.1477409539769774450030659431168078      
   7.48023940421876917090179003773404169         12.2824111690467669014779347878608332        -48.6739573796619899370817840869613453      
   7.53332100704693175964337319423035083         12.4690096943422588519581329379505375        -41.9795115675982299809957080835739507      
   7.58131199627975919979038330993653153         12.6684655322979105940000902205701286        -35.9793968773072367198657035075772587      
   7.62463310763323449504705553561056611         12.8826002520980731091237328316563971        -30.5979087974012398996182756747460481      
   7.66368460885710977729489961829594078         13.1123963071111984975440419326807533        -25.7676408007541267105587397759880799      
   7.69884414507731015419128020129987839         13.3579990896949401476062174425756793        -21.4285840457503736934914229335614293      
   7.73046636021545588099547030515952804         13.6187704350968570298483832030714041        -17.5273201906282304471975773993815650      
   7.75888598923935082593775654984147054         13.8933934727222158174078844775750182        -14.0162976734855640678756371866077436      
   7.78443089033338475542178974276963649         14.1800376115454247766090856413267770        -10.8531830569633218938715516860620306      
   7.80746992144254455055642003630817108         14.4765971133832362573204005195015265        -8.00028217899745104260464653216999003      
   7.82859527239371204785889994991233459         14.7810114877150333840113892088531353        -5.42403663130752928011634981365514937      
   7.84931937772044304139200144631292937         15.0916625101952083727365568700355749        -3.09463816758914284062722469102345589      
   7.87455995040611749327611525964228735         15.4078463224430960443484230937364768       -0.985916121629062102865034526736179813      
   7.92047284491678428264719448025071964         15.7304285361748662223379891969736015        0.924073104436851932764815479999096557      
   8.03568859017349403795735197862118393         16.0632669459739665125404108822612546         2.65086424090907342950867595279118148      
   8.35032893166339247016735295936890562         16.4174997120134072691696050938287040         4.19878354472194505945695500909207744      
   9.17209657366370153650512761928885262         16.8246674821837760688963660772183176         5.55509267657101711205945339313617145      
   11.1461636485093729222851649039273691         17.3724947110951538573374374224802369         6.69414067337086128032056686441680346      
   15.4800255871863321849204674119696218         18.2891444949071750054870409268255917         7.60875665625739916038598483111359080      
   24.2064424972299362610421610807403449         20.1135585647552938508292041982016809         8.35013595301138604182197360554584469      
   40.4263548299803741357159293392891992         23.9908355170011624043921915987999110         9.01931024522047493800138462338946310      
   68.4539256185297172354151655670123252         32.1100248542215019641954593109892128         9.71181235638679085137725196861367754      
   113.789791958897064055999673513179814         48.2517803257147861778139311956780478         10.4689852509320040879188733763848438      
   182.878867883618928530140354582059812         78.3455481132606323589368142116123954         11.2752937327062937239048503562832322      
   282.657207066794233222327843391458517         130.877340568683771619709889587093260         12.0938247102967055211663209901702310      
   419.943077831800544944179699349043250         216.971755185514522630740791263983982         12.8949955479000248747263589509078266      
   600.764830446519497696924847715250023         350.015304232299285191884076167139434         13.6627645992378713904882641129873837      
   829.732218185760495488210974796043913         544.786514689725452857444332266669774         14.3907958522489071021951267742619208      
   1109.54672375891125303837878124026167         816.180999547829210861869955492266245         15.0780729644889282699944882419252179      
   1440.71583851392350121811749403274363         1177.72509414144342885537372194286157         15.7261448847413614440520840700345318      
   1821.49623387796237152575363947766618         1640.12561267860218799457059565694123         16.3376694470504938874903903277271927      
   2248.05195664213451338151173997238222         2210.09258994330295410596403578021158         16.9156903850254344245690059581595094      
   2714.78419123311544383021610727695465         2889.60632962098203249357662919969413         17.4632884620329715952112587290920305      
   3214.77270244711885682385422443602178         3675.70482550477823103002413813744053         17.9834179953561314216262363779204072      
   3740.26577891154311923773793453840450         4560.77136678910251786198994147810242         18.4788351442146203370024980111604093      
   4283.16253843989108407892977102302283         5533.22724631540805325740257727341891         18.9520719407420404565970119151487278      
   4835.44477895471016217004243395960135         6578.49213917115223010846370538696606         19.4054332022800517226098406245382399      
   5389.53117407471800021166777974396819         7680.06517980835179463855500396740588         19.8410047535855325495064313419423729      
   5938.54141569409706853022048044532929         8820.59585366467076856849596409483933         20.2606669812090075023840797444378324      
   6476.46998145024045783967972245577326         9982.84520022530733430775114932049930         20.6661105771536147726646367077103936      
   6998.27775244782309618236334176189880         11150.4745353466747499995756579586587         21.0588528024357785377448664827566307      
   7499.91476269926643094946656025777714         12308.6333973896188550465410916724322         21.4402533868439762983707866839912888      
   7978.28946936800730986831746279380306         13444.3462259535668485225823980507943         21.8115296101197942563790144566563635      
   8431.19985194217381374566442174637167         14546.7166691337652404074800778481094         22.1737703485882506650670368257111610      
   8857.24014945581066001966248889370567         15606.9796441861248128698232932938216         22.5279490059621980477831206495337610      
   9255.69478901938264845967944071029066         16618.4357456806523178755525360171141         22.8749353232482063053879994838774253      
   9626.42854789963976956298506247456015         17576.3021435060047493962594402734701         23.2155061052391979377198767648788344      
   9969.77956409872705377826788648400857         18477.5105451309787305878081930452807         23.5503549239038808755928438657872789      
   10286.4596656469647889147790984704254         19320.4776229967218928381852908583341         23.8801008700693972291595580237452828      
   10577.4647183649894661187393157577214         20104.8676495304697894779356790028319         24.2052964288497660916568303100488650      
   10843.9963135962137656526337542832843         20831.3616784384975875533225299645652         24.5264345541325603680012566323765465      
   11087.3951039522621597140622827244431         21501.4428823398453270344125394805519         24.8439550148370503357758399752998763      
   11309.0853954440740247636686363358000         22117.2037863155327375425213894445546         25.1582500816785215203813753211358532      
   11510.5301589759632801317978012810381         22681.1781474456201974310462288120256         25.4696696184923575522546146313393154      
   11693.1953745400995702827247515574733         23196.1980491827753169046962541914763         25.7785256372125736043922127666572549      
   11858.5225152982358171255843467864999         23665.2752861397480846192291017588439         26.0850963706275363463732251417000797      
   12007.9079723706012392281228175851038         24091.5051741336582624340629352212226         26.3896299122123694830931564214145082      
   12142.6882798527905813217041295527844         24477.9904015761882342601531204818042         26.6923474677579490321231354824605791      
   12264.1300969753167383824349468949201         24827.7823264769834827412274052325867         26.9934462592318382472387786270819449      
   12373.4240212039510536410930389638553         25143.8371232258114101005725667348856         27.2931021173400912393056412687655963      
   12471.6814290864833898362560699668844         25428.9843199611471100343325904750077         27.5914717956154133199895889140821847      
   12559.9336619655605265557635891874432         25685.9054841953018339414048015998699         27.8886950355300052182813260165273227      
   12639.1329858894490205501881770954668         25917.1210705970188739297051541161648         28.1848964091067750977574572311449265      
   12710.1548562169534681454344160080260         26124.9837122144049291141688622059670         28.4801869627626543080027403357028956      
   12773.8011062935154688604696445254527         26311.6764965012144711320083590152737         28.7746656836426224351715054655426137      
   12830.8037560713994978710793569981178         26479.2150091015996587142297139607218         29.0684208074721286148446542616321905      
   12881.8292012648706764497588819301704         26629.4521454788888995006286172645759         29.3615309849484194919234056526049377      
   12927.4825975814938863976764905315909         26764.0848807639764578015383363335853         29.6540663218880640381228460340954853      
