   2.00000000000000000000000000000000000         1.00000000000000000000000000000000000        -2386.72643644426460508244594084367777      
   2.00000000000000000000000000000000000         1.00000000000000000000000000000000000        -2126.94120835681532732989311504709753      
   2.00000000000000000000000000000000000         1.00000000000000000000000000000000000        -1895.37607961449580890393807310574310      
   2.00000000000000000000000000000000000         1.00000000000000000000000000000000000        -1688.96214088775068635177130927559714      
   2.00000000000000000000000000000000000         1.00000000000000000000000000000000000        -1504.96422385756633796848601128375648      
   2.00000000000000000000000000000000000         1.00000000000000000000000000000000000        -1340.94460719366817363846939322722084      
   2.00000000000000000000000000000000000         1.00000000000000000000000000000000000        -1194.73066947354032279242045909293961      
   2.00000000000000000000000000000000000         1.00000000000000000000000000000000000        -1064.38605981615604306202124022126334      
   2.00000000000000000000000000000000000         1.00000000000000000000000000000000000        -948.185003682244145633665915006511067      
   2.00000000000000000000000000000000000         1.00000000000000000000000000000000000        -844.589402894671851010518780663056447      
   2.00000000000000000000000000000000000         1.00000000000000000000000000000000000        -752.228426010127765559657315029304423      
   2.00000000000000000000000000000000000         1.00000000000000000000000000000000000        -669.880318218737373301790025345327077      
   2.00000000000000000000000000000000000         1.00000000000000000000000000000000000        -596.456189400030595963557953434709177      
   2.00000000000000000000000000000000000         1.00000000000000000000000000000000000        -530.985565212613909096673532438116892      
   2.00000000000000000000000000000000000         1.00000000000000000000000000000000000        -472.603509489285605204378964854372767      
   2.00000000000000000000000000000029005         1.00000000000000000000000000000000000        -420.539147059601356298929228713344703      
   2.00000000000000000000000000073434515         1.00000000000000000000000000000000000        -374.105434704718644076268151050938592      
   2.00000000000000000000000079369477445         1.00000000000000000000000000000000000        -332.690044511305645864218716669211861      
   2.00000000000000000000040164467848444         1.00000000000000000000000000000000000        -295.747238652159895879680047725460119      
   2.00000000000000000010333118304401840         1.00000000000000000000000000000000000        -262.790627776812124582686816848455525      
   2.00000000000000001454498518792500097         1.00000000000000000000000000000000000        -233.386716920358332361200623537136133      
   2.00000000000000119597862391454580789         1.00000000000000000000000000000000000        -207.149153288651575037210136282136364      
   2.00000000000006089967664951903458161         1.00000000000000000000000000000000000        -183.733599591457822907011620851129915      
   2.00000000000202298091743406967228958         1.00000000000000000000000000000000000        -162.833164895822461552963312193689132      
   2.00000000004592039201563508948655477         1.00000000000000000000000000000000000        -144.174332369864145280731595792016491      
   2.00000000074237185491138340666732987         1.00000000000000000000000000000000000        -127.513329880860724439657158195248160      
   2.00000000886859336153062342732073698         1.00000000000000000000000000000000000        -112.632895289949219959147256752388968      
   2.00000008090621682062696284895660196         1.00000000000000000000000000000000000        -99.3393935372677727678080060731083446      
   2.00000058040256501257219144765012634         1.00000000000000000000000000000000000        -87.4602473506628856913359942319341617      
   2.00000336078925088122577095085186216         1.00000000000000000000000000000000000        -76.8416478391357992708131352629671025      
   2.00001607791862288769106948203777180         1.00000000000000000000000000000000000        -67.3465156862533461907402187098781290      
   2.00006487967064019338057483300872244         1.00000000000000000000000000000000000        -58.8526884845346376597831775222080117      
   2.00022496378831794613874533456960464         1.00000000000000000000000000000000000        -51.2513148159615148251332420912901482      
   2.00068140521504445980722684762653550         1.00000000000000000000000000000000000        -44.4454397432710391412537597068242115      
   2.00182969000153718973386074923408339         1.00000000000000000000000000000000000        -38.3487671301799401811151028811641127      
   2.00441302954969862063604057075415499         1.00000000000000000000000000000000000        -32.8845797214607215522971490494734910      
   2.00967376722452971986856141747433312         1.00000000000000000000000000000000058        -27.9847888024892153358867745720321583      
   2.01947841271006759131816544771473874         1.00000000000000000000000000000357472        -23.5890758226924859005203028894221892      
   2.03637279813634827620198270183478990         1.00000000000000000000000000747975993        -19.6440853324122902721194379112449054      
   2.06354322166191692329042703334392310         1.00000000000000000000000685219682952        -16.1026377525712583677322218704840029      
   2.10469701359777616921065406423503618         1.00000000000000000000301182083790734        -12.9229528484125218591785211221701282      
   2.16391734502718716720669462798655904         1.00000000000000000068932164687917517        -10.0679043068346350614315992106819357      
   2.24558145127509028964804140505628844         1.00000000000000008836892606200013571        -7.50435243535817752029598201862487908      
   2.35447475634446816998273980908602552         1.00000000000000677100111855206789411        -5.20262132602532864127088791904755977      
   2.49635121118447634566245636183485467         1.00000000000032847212078881381811994        -3.13620973148947115217533070830285865      
   2.67949211678317486801568159280971699         1.00000000001061708758903114456848702        -1.28186577726524503247638168594640591      
   2.91837110680648037952859977111944177         1.00000000023924146136501392980255179        0.379820152828678975763285170832914344      
   3.24118695916004890278389502168278023         1.00000000391314347722403863930139800         1.86329717069325683220373828270326512      
   3.70324322831287591855074237053315350         1.00000004818518380636546761601328969         3.17698330579950734948555924388625142      
   4.40716665972796292712933662445694622         1.00000046199260677570489237029322224         4.32386161444716942266768291594967668      
   5.52834820296604955974081210802036882         1.00000356109043109033941037899824847         5.30576231639365959464932506668927094      
   7.34036127398783110416174245926718980         1.00002275817433446352098247240470457         6.13070850853311567453640109066729966      
   10.2321552482607791554137198182435603         1.00012413195444110231303126021304814         6.81784889263988317670457140933607283      
   14.7084982088037263215715587282802836         1.00059253473119779471143503147356014         7.39507807556509715291858135649499147      
   21.3684259008502318065353580804162867         1.00252184562122170161591598406294473         7.89228087877299788425950587490487453      
   30.8625504696398005007518119916329222         1.00967597351085593804534924204352184         8.33735111564332341525641697447060264      
   43.8366732332109758212184645710880864         1.03363266020477547589249892260180926         8.75915586991336799302871897150285456      
   60.8734887763081842251519105609080097         1.10609157537070396654951484018663384         9.19768092286010172982391657469744557      
   82.4444344216493554453561695264925403         1.30414056833787337569848668875475647         9.71343865563307698309847159774042427      
   108.879894871684335174204805424087661         1.79445993214243637436151753640195345         10.3689886688163061757503617664143776      
   140.359765582769936767648982799783063         2.89868057130707316213454851056235217         11.1735607496771132407150607836623317      
   176.920445154529113581244240103485752         5.17356062765069804486916506927016299         12.0686955055507518542384153574568817      
   218.470890102181034597968108726523868         9.48860112079349767015948649388743024         12.9833733725998886342300559475050093      
   264.810264798249008420334920026052287         17.0753790492952162679878551329206806         13.8725082248829057965040355310780015      
   315.642259574242133596367998911758118         29.5226222871091588517960948259507360         14.7159647830824696230874099695406164      
   370.584720573768220267628118818607198         48.7010154743999168430986595809205236         15.5075901663060521120074921764426944      
   429.176221833158542487686482609967896         76.6191485010404150490176180945742071         16.2477010379751184374204960320903782      
   490.882667826742753535933677976666702         115.230567531385857020130084912479162         16.9393314659805979022543247047194590      
   555.106847630548513943907190706298042         166.224902564888860213369140253510272         17.5865190055451720501789176452483368      
   621.202590625208775676347303878039271         230.839558326683276776305459178966162         18.1935344820544937203102297271689813      
   688.493536636169367030290133431904794         309.722420449842330843241832292876323         18.7645356654651400427458143707368885      
   756.295151018330617000593272083548000         402.863566206073711795120388576738701         19.3034147866617973228526101763070509      
   823.937825330076753007453123392719746         509.599515902681788260428298923020320         19.8137380630598775801767188360493994      
   890.788759943972595868035099569594742         628.681055502061795794543203720284028         20.2987306635544443474074941228692463      
   956.270685889201964016558625412065914         758.387471177646449587692598330031194         20.7612847015334694905739626481037408      
   1019.87612902834727479390991155694804         896.666769867659559001217397623697915         21.2039788061745634390757188006899977      
   1081.17663886267370702668477682497941         1041.28238618251983999884679158012023         21.6291030784500939436927602816967809      
   1139.82704289750249089919638571525605         1189.95058164203523804365408964029692         22.0386859375404087548528589842790971      
   1195.56526197099629687227214271099752         1340.45771766021956209244515358055203         22.4345208526651863898122039903646611      
   1248.20850903106129674612875263045929         1490.75160040519643669862152512878961         22.8181918292022288209622773522061936      
   1297.64681119061163623445260847090466         1639.00535932263893253441051328655146         23.1910970521976694252385210716965601      
   1343.83478120435035423700489152804791         1783.65546025903768341422205111021946         23.5544704225799815115018893066678574      
   1386.78246412308492452718639223945466         1923.41742109422969226854060117866445         23.9094009266118894094851754421134636      
   1426.54593804418944147275004900035238         2057.28374537479266008990056811407162         24.2568499020299386363030750712446649      
   1463.21818607367773421780180214029166         2184.50876200932125426645973417693827         24.5976663334072770543458345812063205      
   1496.92060146220322243644834648076683         2304.58471467236551610266755059935719         24.9326003434334456658091182078059746      
   1527.79535211660566087298804623249729         2417.21280910964198539544829743065100         25.2623150587945294496010833144982420      
   1555.99872012072716725039359833615009         2522.27217403366009747483937077811836         25.5873970277683026790243068014164365      
   1581.69544748498621813616303065526936         2619.78894122311269569011591643789008         25.9083653572673244206686326739941602      
   1605.05405906179716987551293328590320         2709.90697476196740784511651126888080         26.2256797236281333527348180007436785      
   1626.24309385067287282823609147989110         2792.86121340880021780407451445159587         26.5397473963513933154205413285354236      
   1645.42815267859245195231483177545785         2868.95414372882247204331844873087241         26.8509293987151435267437733064398503      
   1662.76965948854481685778070713120141         2938.53558882434758971739658439790373         27.1595459145641669546050120258127121      
   1678.42123166732754714584711078816244         3001.98576371666304906728873787441799         27.4658810370746684078834460851136807      
   1692.52855906251381023603204855628483         3059.70139573039356749609997402589484         27.7701869431025049101847958951333970      
   1705.22869927481145940762896918489725         3112.08461855078755176498495863491095         28.0726875658872829285002120359124009      
   1716.64970673944008133860984777366257         3159.53430561257479976632869859053439         28.3735818293556408302528392798268568      
   1726.91052379434998620745179329118983         3202.43949833261966529163344842685272         28.6730464989487169531191221242786803      
   1736.12107253709212955718261266554850         3241.17459636913170144890481862446394         28.9712386966732114539101965470892160      
   1744.38249626546678189854242323618734         3276.09600212311069562356272350246785         29.2682981218190229057317906604184381      
   1751.78750837634937372171202608220541         3307.53994388884130735335319885447863         29.5643490133793234095502647431140828      
