   1.49402311678039037991354998889695461         2.01046796593760716734071550404003431        -4632.37112265010633238943224914060509      
   1.62174199248727875584830918255053856         2.01998360686027075254833843717701628        -4128.34378193320786445106811487443529      
   1.76939702480217713527821153868716454         2.03555882961094463302355034366810988        -3679.10819870122478559403435486251278      
   1.93802522687039323588325331252215159         2.05942976621957192228656534406438103        -3278.70381908528418084831257155267981      
   2.12824922908263208141552390045638661         2.09392979912791600830150791888385820        -2921.81801598419507262710992065777250      
   2.34009898960164552601604033712159651         2.14124839450557060207167222056242619        -2603.71581457766981273692523272076424      
   2.57288168380457772777498834060977664         2.20318679226949836947284022225923435        -2320.17728845526306433044880132732504      
   2.82512776660374126345375642228930423         2.28095363232950884167063294784320225        -2067.44174331724733706038676906775151      
   3.09462221616695224674036272431505619         2.37503221501901782007625307527472615        -1842.15790630302233841615207309313450      
   3.37851228981240138936717940033425126         2.48513396024134626308020135341787381        -1641.33944694250532808095688541751095      
   3.67347089435825067883500199030912555         2.61023538117372803699906798605598899        -1462.32525658983900161087144778319442      
   3.97588929645130573807852725956509905         2.74868270658564046132539476334353126        -1302.74399481661660669481462592657671      
   4.28207359779551892474417932484377062         2.89834107425505368050170675331100082        -1160.48247013494367905708465059350827      
   4.58842422819856274515079107956135590         3.05676381965116882750008519620497008        -1033.65746360850000111535186958458891      
   4.89158448185939054963453017826884042         3.22136035032724962958853143126772601        -920.590635741091021839477629479525993      
   5.18855102990106681961192050433260959         3.38954652591700007347163777118628080        -819.786186136615149657616995952182959      
   5.47674520751051822083662843553475250         3.55886762357695497034277198328129218        -729.910964786801755428815050279916206      
   5.75404815075404240818468024921080940         3.72708961503359635241562825649448448        -649.776763582478615948003445799632231      
   6.01880550589812003208250357384984000         3.89225892472870855896875395552240156        -578.324545653476005884845909413186991      
   6.26980879791176380690301689849467078         4.05273385569720074179080096521878453        -514.610397303573015384679581039707401      
   6.50626130247616206733294261042122591         4.20719255349272074153051915372821479        -457.793011991060333881125245803192345      
   6.72773732614202324719112420112074151         4.35462298923575413795849686770661277        -407.122537878924962286442362388269470      
   6.93414581261441521387167149381637037         4.49430029456608841820579660511516611        -361.930640077135448002175335181200724      
   7.12571152186409534433826140402114697         4.62575616830094924049036785807546307        -321.621645943670350843010625441065474      
   7.30298695395863332346232680842965735         4.74874423524903631195387709953993507        -285.664656635030275507599327684393413      
   7.46690189859829925575453627482837053         4.86320434355874825027897472039084385        -253.586520358672622520420453091242310      
   7.61884331308419578877199682829093656         4.96922794845510608529605241816289473        -224.965572628066952660360544571242140      
   7.76073987999664539450436426201172759         5.06702601254283274078377479724696858        -199.426057001695095592810514007981497      
   7.89511192717767604873777933770849164         5.15690031550780315035264827070778111        -176.633147516224408745822317150462128      
   8.02504765881344806626497600539234971         5.23921887187529441038790509495238764        -156.288502402243353806346784831133094      
   8.15408437504242969715393179229889070         5.31439680658318820795662713953466805        -138.126288022226059652026384758577601      
   8.28600340790338469637055428707085778         5.38288660112267315756643920825031339        -121.909621557769974608671622168653736      
   8.42457818707478908554989328587202644         5.44518731503405362716198256284106100        -107.427389317686080629823063853588112      
   8.57333335710082846403477564739283512         5.50189077023331499775264422623483669        -94.4914032918141095798177707140420622      
   8.73537100919701404878349398129024814         5.55378920762975658501495240653161153        -82.9338615940545428864467682511067581      
   8.91329841568901055396852926485220003         5.60206507338904069154682514451729718        -72.6050803224351728186956645109544236      
   9.10926056060005779754887282272728090         5.64856256103448399675307517478866977        -63.3714677086742799945635529468327900      
   9.32505682438410651088320982817203993         5.69610564853589412380985201400605751        -55.1137179219899650923891895578471910      
   9.56231815230478383000600202929020512         5.74879470642002603262107396615846981        -47.7252106182048488395333208012566489      
   9.82273932113302289619751023802307048         5.81220335323681107172290931016823871        -41.1106097926459659698790584192199002      
   10.1083838370426329050020754329708652         5.89341841654826693017131838841352508        -35.1846575683371347032410396593923189      
   10.4220819813281454405013873400746236         6.00090955338653012670978133749706887        -29.8711530074784853992614777567574615      
   10.7679112428411358602082596610075942         6.14426032297641731394771187372630440        -25.1020940926541341844212089872288808      
   11.1516921664279733541362762277666905         6.33382098422916339994310905796543594        -20.8169470717814582853515151396237284      
   11.5813816464422130041422933922765903         6.58034921157424137318368648601533681        -16.9619973659747156655139926298618194      
   12.0672335553193365682687816457469210         6.89469309994432791981462980511406902        -13.4897358219631346102746881390330011      
   12.6216432509463566589724152368705929         7.28754792003867029171435104219412050        -10.3582466029876576034807674919695555      
   13.2587052825842228140182316026371461         7.76928798611087089374087821342451619        -7.53058774740496784922849382184024041      
   13.9937236245424779985009361373712310         8.34984474389696830106799412475448270        -4.97418767957161648115904551763190489      
   14.8433647542302866594284647228083597         9.03859527141755784128476611260726964        -2.66031684417590536157185181355354860      
   15.8282351601868387980465955854543477         9.84429749686647766773109994051225755       -0.563738010670666456755632234138171607      
   16.9821503849367076183363891032259281         10.7753711770890248947417097984669930         1.33729710908024046751599864593380815      
   18.3770895958494965501737655517890327         11.8414938842003718290914375825731486         3.06047375070390656924552509913790534      
   20.1797113578516265593789386146098756         13.0589505917701431999763982266488909         4.61811855184472840653166388055360691      
   22.7617037750555760403831077073253375         14.4649801737968884485635380985054163         6.01570210906402559048261663755083388      
   26.8861815502197363807836966517235826         16.1507527555631917737955381556002560         7.25247506649084137274966220559361772      
   33.9786033350319754575095737513901916         18.3274949822596371869883456550631444         8.32854246395266842869295685323035019      
   46.4601159498300435302654285143553282         21.4420870736276809286723126998303938         9.25895153099646989937230914157240854      
   68.0802281798210998108039559823638158         26.3516255708706705928405453715138161         10.0825165225435616182436408157937632      
   104.150799621831450255284381381402566         34.5469530277134034634273237891323420         10.8502438439556244720370910079623355      
   161.574298366973748715398445185853434         48.3856624171931097609938548574957006         11.6011176939961521529831162245206180      
   248.588033958019969424750484119284862         71.2671461571748242779756842803054711         12.3491575983421591325799582252906818      
   374.208371008630752359445131106741421         107.671840065732903359474542652470846         13.0896448577434589038469242906827549      
   547.434932360204915831875741933658653         163.004796398230795877366648761327032         13.8119246397738749928215932957168237      
   776.338216473550482779760520190994624         243.228121683262406345195358287995334         14.5072982606820841045074256897523613      
   1067.18416879540528046054152273484375         354.322615735374307208052168987298919         15.1710258198463376448798112590385279      
   1423.73901314610322551070216968311816         501.665679077737634042207981332455403         15.8016290976642848600788381393769952      
   1846.85441869685161909325679784044117         689.434316542225411418721268903477624         16.3996989461316367540134598484476058      
   2334.37322234621115676433359096611007         920.133916735515159581345938904404740         16.9669570322341715995117597601438229      
   2881.33726952703265693464037783975708         1194.32158805679724061890014997124324         17.5056565441937755099537020955801611      
   3480.43475088947851968839389678136200         1510.54978797255429226372566125797642         18.0182333044939501647053126856576334      
   4122.60078865581705525197083192928629         1865.51488295655552711349410342164089         18.5071137097659579920599810656422056      
   4797.68139983286001099313799965051211         2254.36534017431088971888495346857839         18.9746145802885779894150586427146142      
   5495.08244986464231811096367007080867         2671.10922984648810862987269661053712         19.4228952888634133426135555586720777      
   6204.34530151651476638163204550971151         3109.05962091410928553773645629558288         19.8539391332349082853559214250295479      
   6915.61352106363589450369401306802843         3561.26544862158914033552690559878036         20.2695507963958478757940687989912207      
   7619.97580365090975928477312698315179         4020.88981705029998305977873271377526         20.6713624124229612624006087792217992      
   8309.68670902401966094078174280669855         4481.51331956347611962896991891216322         21.0608439794217828089680667869444164      
   8978.27799808371436038498162602844522         4937.35391385310184617162820288181893         21.4393156962197272686011910142024892      
   9620.57962303419478539542909424724238         5383.40563421808447360104886439877720         21.8079608513113126696192644956405538      
   10232.6716767277828815486617555953594         5815.50553664291322743010404455864381         22.1678385006790825452617934031514957      
   10811.7879970917566408649282602079854         6230.34206731422567167380639179597142         22.5198955253495035265403336509685374      
   11356.1897438336867920243084031434955         6625.41921710338248423372083884941594         22.8649778667924815716168383827990225      
   11865.0240141529319610043275090334066         6998.99017357674361454440035086535473         23.2038408593907479798548003710233557      
   12338.1790957795431485376704725873431         7349.97244307756514173421182671029969         23.5371586492921848686437376426699633      
   12776.1446922186046635059295243799871         7677.85417449970870430770481369227897         23.8655327285411291590501352415625976      
   13179.8826302738193258640390381512071         7982.59908979261493827297531467386675         24.1894996346304824647115111246873613      
   13550.7112685755773555242822373244067         8264.55527542728078625534751569727187         24.5095378758267043185503513387185197      
   13890.2050709340969533413685570949811         8524.37125217141201791393394173025788         24.8260741462242415001567386574888798      
   14200.1095392273181962889164727679305         8762.92126749492840910102073491648364         25.1394888941956082610139480092595131      
   14482.2708409205626495935973926001218         8981.24063884710940779444088037126224         25.4501213053871709551302811493760963      
   14738.5789329572012355948670427676001         9180.47117795250243081379856069323073         25.7582737576986849441944672184057840      
   14970.9226977199795748030987696611599         9361.81619288287229378027916290443212         26.0642158014109310138294709079466495      
   15181.1554992429041013605282864170169         9526.50423993921117252060704972391399         26.3681877131773535676669296619455957      
   15371.0695823928694952564506795480568         9675.76062928441797388223863083570802         26.6704036682040716742359975591069399      
   15542.3778301907571825746077052455249         9810.78563210248855943620731026843450         26.9710545707418085904979763763473561      
   15696.7015317382830360340805887271431         9932.73835655016627454077592913741153         27.2703105790753002799284710435884932      
   15835.5629716205573260931786933622621         10042.7253268200405058675137608313498         27.5683233575540784941297897934016164      
   15960.3818148916210925909455780786287         10141.7928933963736857652827702982044         27.8652280848727009388983083939674790      
   16072.4744192814908727354044574890673         10230.9227082187983902205002045829040         28.1611452447735074752156635758443360      
   16173.0553517915266014747363264133908         10311.0296059047594380162289870603156         28.4561822225973197052850186352948288      
