   4.00000000000000000000000000000000000         1.00000000000000000000000000000000000        -11355.1371119330240588730966137278490      
   4.00000000000000000000000000000000000         1.00000000000000000000000000000000000        -11355.1371119330240588730966137278490      
   4.00000000000000000000000000000000000         1.00000000000000000000000000000000000        -11355.1371119330240588730966137278490      
   4.00000000000000000000000000000000000         1.00000000000000000000000000000000000        -11355.1371119330240588730966137278490      
   4.00000000000000000000000000000000000         1.00000000000000000000000000000000000        -11355.1371119330240588730966137278490      
   4.00000000000000000000000000000000000         1.00000000000000000000000000000000000        -11355.1371119330240588730966137278490      
   4.00000000000000000000000000000000000         1.00000000000000000000000000000000000        -11355.1371119330240588730966137278490      
   4.00000000000000000000000000000000000         1.00000000000000000000000000000000000        -11355.1371119330240588730966137278490      
   4.00000000000000000000000000000000000         1.00000000000000000000000000000000000        -11355.1371119330240588730966137278490      
   4.00000000000000000000000000000000000         1.00000000000000000000000000000000000        -11355.1371119330240588730966137278490      
   4.00000000000000000000000000000000000         1.00000000000000000000000000000000000        -11355.1371119330240588730966137278490      
   4.00000000000000000000000000000000000         1.00000000000000000000000000000000000        -11355.1371119330240588730966137278490      
   4.00000000000000000000000000000000000         1.00000000000000000000000000000000000        -11355.1371119330240588730966137278490      
   4.00000000000000000000000000000000000         1.00000000000000000000000000000000000        -11355.1371119330240588730966137278490      
   4.00000000000000000000000000000000000         1.00000000000000000000000000000000000        -11355.1371119330240588730966137278490      
   4.00000000000000000000000000000000000         1.00000000000000000000000000000000000        -11355.1371119330240588730966137278490      
   4.00000000000000000000000000000000000         1.00000000000000000000000000000000000        -11355.1371119330240588730966137278490      
   4.00000000000000000000000000000000000         1.00000000000000000000000000000000000        -10590.2099124587218404297499289700830      
   4.00000000000000000000000000000000000         1.00000000000000000000000000000000404        -9437.84682299144927805593952905053295      
   4.00000000000000000000000000000000000         1.00000000000000000000000000001532328        -8410.77083793694998384239085608486043      
   4.00000000000000000000000000000000077         1.00000000000000000000000002348574982        -7495.35710222639539423397780351903268      
   4.00000000000000000000000000000325405         1.00000000000000000000001621219785087        -6679.46245099775573393928682277003900      
   4.00000000000000000000000000608993069         1.00000000000000000000549713874731928        -5952.26427717583423112613079097680547      
   4.00000000000000000000000502324814367         1.00000000000000000098915493877994824        -5304.11692205180885104478664567451751      
   4.00000000000000000000199620058852813         1.00000000000000010119265414873831772        -4726.42368325252402251636265138570615      
   4.00000000000000000041377206085298586         1.00000000000000625836455045127718312        -4211.52274172304824032290987234322644      
   4.00000000000000004801703484471936622         1.00000000000024715560579360041170731        -3752.58549404286256950162538718002916      
   4.00000000000000332280474263252016232         1.00000000000654433666569411073156127        -3343.52594100728058869168682960858733      
   4.00000000000014504806043177966660094         1.00000000012134901306754394522616320        -2978.91993011554706601256295045820919      
   4.00000000000419944734498238264180087         1.00000000163806868837164840496148548        -2653.93318036158221485411929678494984      
   4.00000000008432800538333007779515573         1.00000001666472988609553396236180481        -2364.25713425257720190933947267778703      
   4.00000000122235916743502592973030611         1.00000013179243861535686493308611490        -2106.05178580549254668777725987403385      
   4.00000001325524602337428733512105174         1.00000083304834220057758507504716063        -1875.89472567889316197618234355029925      
   4.00000011102966771381574321703134410         1.00000431495094266166374004124081739        -1670.73572659172886000903563550775770      
   4.00000073931215193237126640340442731         1.00001873119436489810497170688272227        -1487.85626451507102733277998195222879      
   4.00000401569268022479479942481931808         1.00006953866906061658192369144327317        -1324.83343459997902770842720802447627      
   4.00001820941240208758833601098220518         1.00022482889546959247186434662656241        -1179.50777683608233468080401436042317      
   4.00007037799277706954842130322986720         1.00064341623284837435852671897472382        -1049.95457737897093788697862954618735      
   4.00023615551835775099306786852848717         1.00165342537834811707239931498998479        -934.458260201429210066528481772790956      
   4.00069930221180994084946056027591904         1.00386358066584756615994546297139034        -831.489532569922043391303127910958093      
   4.00185376052297068667715927347889835         1.00829916670001289428032605226393644        -739.684997916638131318554869332507881      
   4.00445433616611209248281349753651189         1.01654154361810571465291298291473082        -657.829000297953500099270010107367127      
   4.00980750630076986319443945044475346         1.03083829763005050590808332446620394        -584.837511874075037051963316044378238      
   4.01997409055521899173180665863930093         1.05414654812291345215879856483679990        -519.743908631430541872904940955926411      
   4.03793777435555128872548487164223720         1.09008005626138303634316072454139488        -461.686482921584981269144100557633946      
   4.06768674552871941606784134516282061         1.14275243523749895573653210305061507        -409.897499676995643456698941014708377      
   4.11416606376989168652863432085169889         1.21653728247038978533979815956885005        -363.693527010439307713465563491937643      
   4.18308458728993300144409779348389154         1.31578912007509220110533059431528164        -322.466715595052639139634510886534219      
   4.28059321770159970096305122208057852         1.44457557160854238166462276292225652        -285.676737391858146838906472779649295      
   4.41287856927566093528995999963771678         1.60645878969010790259233507180477622        -252.843240514047472392234282629691950      
   4.58572968489360520032231114316600201         1.80434124629907997063444035409444025        -223.538853789863190056414453951905578      
   4.80413562484570715940081544040885886         2.04037239337227346455487801417456777        -197.382869257698786611684848235214167      
   5.07196612722381656796928198698795411         2.31591112705034704490708398873235578        -174.035703046618821359413654651490331      
   5.39178337395170826750401461276289858         2.63155739915971202920514998935588377        -153.194137666906864078908036517392574      
   5.76483041040823014556644865877223308         2.98729422456493128509789118684360977        -134.587259402847793690320815327630125      
   6.19123316465043394407711826351206146         3.38279764104232427838334347570067877        -117.972964100995804280092745087214925      
   6.67042840658124241421710067397810547         3.81795544326917199840681943573775626        -103.134910491104469880157787173473915      
   7.20178568621247151068575910449345740         4.29357803051942903218542240430118421        -89.8798298092998199253427905116167976      
   7.78533484823221867771489119224430351         4.81220181924719307390668614992637128        -78.0351325054726416034505130284188987      
   8.42246006463033082160678298535327814         5.37881196481450202384874440271125868        -67.4467751007628128977586044124312763      
   9.11639832828734330134111140565432688         6.00128329374999688116208658309051923        -57.9773598863172490853415248066454262      
   9.87240086866754577069996082083863163         6.69037465525816709583030120796652887        -49.5044401895996268444280877007362751      
   10.6974804132130236064631587609790978         7.45920206251382845185081224026676844        -41.9190001399781883663841619116590649      
   11.5997576340030078382376956585255997         8.32222784915700660505429120009642750        -35.1240761064598997963270471627960035      
   12.5875072062062078252103424646139504         9.29390048336707725954283337489089914        -29.0334911058053266666747255313976276      
   13.6680610076324394140541488253980655         10.3871388602139271160595912536597290        -23.5706836826730075839053723663022123      
   14.8467408428111518234868137540884544         11.6118699228762250421165874600973851        -18.6676254207971439435222413259506618      
   16.1259702560673795695309818696063960         12.9738065640712907009288907919041500        -14.2638310466460935697706599258209656      
   17.5046693969785516937873070215664389         14.4736060650140370691238518438429626        -10.3054683945372716640884687609116121      
   18.9779844688827097405282945340822326         16.1064893925075379171062716245738832        -6.74457237961113577870519983306634924      
   20.5373550986426203689930373593240366         17.8623381193883684254505587532046914        -3.53836062414119364648719375131131699      
   22.1708843072259363818971252277529922         19.7262269117398956795402132516949890       -0.648642133041756140429095027515464511      
   23.8639482328894355870651451988764743         21.6793027522473000170103972898434222         1.95869334847260022471092430882325924      
   25.5999664959304753839383671872988208         23.6998927235440933625484550104811108         4.31411855176854974473394512300659723      
   27.3612487371324292160118532870501257         25.7647124759294164464973409404168485         6.44485654578228778745037695327358332      
   29.1298374570162852649313207960414645         27.8500559976012725252447683091909874         8.37522314680288206676270831146882260      
   30.8882799453210912980289918534256361         29.9328695027973171509637176501255823         10.1269314953999988001313744668703420      
   32.6202800352625408993187654324407775         31.9916420803524794431431638530063851         11.7193644744519924174160983322749927      
   34.3112004330336870486610203596540556         34.0070771604568138559420211285241723         13.1698191862672488607067604323868768      
   35.9484054741281402745875784530750144         35.9625370723550614199809712651759741         14.4937267047243327876942440508797802      
   37.5214501178466757984688281699004350         37.8442750267330976924687385934415794         15.7048496649876303154034463163652379      
   39.0221325880268863167131200169617339         39.6414836348584401466732394507588265         16.8154598371595980128976933013186168      
   40.4444350410759600430766982423224501         41.3461968762209456310764526874649258         17.8364975608723698456862757812695738      
   41.7843794577947912749637458228749806         42.9530844448307028072311522505611871         18.7777147321425304938294307412885318      
   43.0398255016379748780242293858201621         44.4591752232665664378286977461303235         19.6478028921686077201296657577429374      
   44.2102343946732061667981460290231993         45.8635418361087636862255885485221660         20.4545078475863091057104490287557822      
   45.2964189049653455347704674783423261         47.1669721723020076098985019820684117         21.2047321415404103469254301501979220      
   46.3002951094962970189562173247973124         48.3716474584006177359112358786770903         21.9046265898475206622542085945833965      
   47.2246472686216178742086887391603886         49.4808405899490728759110852808568164         22.5596719950567733074838952094872862      
   48.0729132822494939395027663740932939         50.4986433702098142175448156883322549         23.1747520535279468116338776516679418      
   48.8489949781981286399307457729362381         51.4297272220459093284349249154080389         23.7542183774693956981545322020984688      
   49.5570949623383449147578621427486654         52.2791388329639559617250154259587827         24.3019484659811140111584470264641356      
   50.2015799046075250073566473767543090         53.0521299742494346735674196051662267         24.8213973771125103088214465981369828      
   50.7868688621491021685738598483189402         53.7540192651361955035969740860013430         25.3156437770984641585949177479565200      
   51.3173444467779499294675405080271255         54.3900827803873336469627678150677109         25.7874309733708993887194558372022200      
   51.7972842222603516959262047237842554         54.9654699793794163754516744866652217         26.2392034745535821995162310854544764      
   52.2308095697935913445019585481155055         55.4851413392765381473462973697014325         26.6731395631918848981686635294409059      
   52.6218493041579905742083581822231992         55.9538241988826508467979847377383416         27.0911803151109814598888102183404875      
   52.9741154909937313781859049762691268         56.3759835806232350987351868729878487         27.4950554526457807655462914830649479      
   53.2910891557933547523538976383523652         56.7558050938329320863706422587992926         27.8863063771300496989207779375758166      
   53.5760138495218957860211305770032574         57.0971873886746160846247312065556975         28.2663066885536890717602681065131432      
