   4.00000000000000000000000000000000000         1.00000000000000000000000000000000000        -11355.1371119330240588730966137278490      
   4.00000000000000000000000000000000000         1.00000000000000000000000000000000000        -11355.1371119330240588730966137278490      
   4.00000000000000000000000000000000000         1.00000000000000000000000000000000000        -11355.1371119330240588730966137278490      
   4.00000000000000000000000000000000000         1.00000000000000000000000000000000000        -11355.1371119330240588730966137278490      
   4.00000000000000000000000000000000000         1.00000000000000000000000000000000000        -11355.1371119330240588730966137278490      
   4.00000000000000000000000000000000000         1.00000000000000000000000000000000000        -11355.1371119330240588730966137278490      
   4.00000000000000000000000000000000000         1.00000000000000000000000000000000000        -11355.1371119330240588730966137278490      
   4.00000000000000000000000000000000000         1.00000000000000000000000000000000096        -11355.1371119330240588730966137278490      
   4.00000000000000000000000000000000000         1.00000000000000000000000000000413228        -11355.1371119330240588730966137278490      
   4.00000000000000000000000000000000000         1.00000000000000000000000000730372936        -11355.1371119330240588730966137278490      
   4.00000000000000000000000000000000000         1.00000000000000000000000572461338611        -11355.1371119330240588730966137278490      
   4.00000000000000000000000000000000000         1.00000000000000000000217373176180452        -11355.1371119330240588730966137278490      
   4.00000000000000000000000000000000000         1.00000000000000000043266514302750537        -10738.5814015710698424614520339730470      
   4.00000000000000000000000000000000000         1.00000000000000004842723234026270618        -9570.23955433558669862746462518599415      
   4.00000000000000000000000000000000000         1.00000000000000324494494911802173506        -8528.92248642995784652656359334072380      
   4.00000000000000000000000000000000000         1.00000000000013763739117935945798160        -7600.81637226829351137494518555719306      
   4.00000000000000000000000000000000000         1.00000000000388394676595301864797301        -6773.60962683795012780964105362863246      
   4.00000000000000000000000000000000077         1.00000000007621941080871835183791094        -6036.32953844643388183728266853255058      
   4.00000000000000000000000000000330952         1.00000000108210143017036517327263555        -5379.19666750313149666076349020388878      
   4.00000000000000000000000000618318576         1.00000001151249703064069082682014993        -4793.49507929076652414171075718690253      
   4.00000000000000000000000509255181828         1.00000009471025969756292460385489761        -4271.45668876007858083620619870826658      
   4.00000000000000000000202151360865794         1.00000061957872895226326867355456883        -3806.15818251096284007388041783290743      
   4.00000000000000000041880469093068401         1.00000330443060673535428627762897090        -3391.42914959105942699586666765245219      
   4.00000000000000004862094230416127889         1.00001469120276853464902631036486973        -3021.77020044000553958479876912925323      
   4.00000000000000337070459922973187846         1.00005554013675741272816133743250245        -2692.27998402438338802183224512812785      
   4.00000000000014770609653081477769562         1.00018174821929366790162600395874285        -2398.59012925423976824777681752407685      
   4.00000000000430470252704402234631551         1.00052310315971674034114979027688131        -2136.80724140893986862515366415462811      
   4.00000000008731453588588785097819414         1.00134345060001045213002431884785053        -1903.46118107652716614796239901858427      
   4.00000000128355914413923372072966790         1.00311924524215171050962043282656149        -1695.45894401187927354531964458037431      
   4.00000001417602994843238011246241807         1.00662563190838446808205138684142648        -1510.04354436797566625518771833574982      
   4.00000012143054909467662999166650691         1.01301464443686508132668962830433160        -1344.75737803665061010331933083124494      
   4.00000082970859528775110299048090752         1.02387139095973506698659106514042675        -1197.40960550614747883150490679174971      
   4.00000463520146055299005001782519639         1.04123917538040754765204032711354720        -1066.04714566014878616889174390156644      
   4.00002163618840194763962768581029467         1.06760840433057627131738723313123550        -948.928914871834160724343506550083885      
   4.00008601192193925081964368951628747         1.10586391672928043771960523267240793        -844.502977508117232570494819951345358      
   4.00029616496955711888861467411082038         1.15918363829026206228525911827811022        -751.386288662070918042436236750741907      
   4.00089664025610209503538854580441699         1.23088453150533146723731006645902714        -668.346706347547397791920746915484308      
   4.00241897567232748716248965430236631         1.32422389206505081452889160230683423        -594.286943607883166646147705663143146      
   4.00588576367542509197354077439976976         1.44218221631946510181189168215146065        -528.230150640469413392850873730307879      
   4.01305726954846671801338972431303445         1.58726836707786767648314702169453510        -469.306882502821751189966885506296212      
   4.02667172996450304509896100161915264         1.76138808241479507578091740429489037        -416.743301783444370264662524971498283      
   4.05061318542513646902399200569634532         1.96579956416466566884789594208725914        -369.850541616196882165176036883013537      
   4.08994497533222788310283441028565605         2.20115216960752784134119536297185427        -328.015179141472128921921829672653642      
   4.15077236044239157922313033442433988         2.46758014580567231073079529324513929        -290.690750417812272579192973151539565      
   4.23993332723131420933879658349188626         2.76481489278418478025589688177242506        -257.390209440758983840469261894752235      
   4.36454927866434619641852960443906695         3.09228886722892462651318106172405371        -227.679225277353928044032515529214198      
   4.53148947304912283944077962194119375         3.44922409546437403528106303799471289        -201.170227799406031393897541722724027      
   4.74681505264114156731696302499941539         3.83471679481246203274008114960041194        -177.517139813226221721748719818397019      
   5.01527482924208221057487026164405818         4.24784024024148448183976865835579642        -156.410751720942893867450364297337654      
   5.33992874885268038530483466847497462         4.68779240582681151934386865571391884        -137.574692866465215329388673631575500      
   5.72197405864502319650499011273059209         5.15411732497810853506277966461862638        -120.761935542418113991526293086029179      
   6.16083675189968295335528665717155579         5.64702758970258730357405773362253739        -105.751748776029308701625600635036260      
   6.65455969144359077764135060005835156         6.16783997114550047239708890362445657        -92.3470142412195124423542333723219333      
   7.20046759100459740392480162039867290         6.71949820923540606042921732696713651        -80.3718297535306913266545401336852390      
   7.79602589686113793068176321398247830         7.30710222227562131257896233267237201        -69.6693490037160380716327460612842544      
   8.43975179811566978024383129539733934         7.93831454486638311211550874470115651        -60.0998275573254561599420272858273971      
   9.13200033653882204965610392775326509         8.62350183489814340095491496517303989        -51.5388567941663714518591985411477942      
   9.87545258740735110843219246120692830         9.37550732000194169466843048499092674        -43.8757689438490265000996837616474777      
   10.6751817259673876765932304492209847         10.2090283651886868607654212483452893        -37.0121929921681289503631602278213245      
   11.5382571609130245507289074065197123         11.1396598182352627886573316535855611        -30.8607396117302753344126019199918326      
   12.4729433563252529729913127102680834         12.1827245803348664168989518098851522        -25.3437971119076548769603298126853335      
   13.4876295501781451221995697688964488         13.3520322274014727280500604592549423        -20.3924286485187861573209071710891467      
   14.5896677632334335164927102338899206         14.6586923664679339996954024335653580        -15.9453692008328367193854234622301599      
   15.7842940204881406229597170632846168         16.1100824021923748322715103558142301        -11.9481249064542413648879750226442619      
   17.0737722219808539080719210204016389         17.7090466532545954008772056308404549        -8.35217603986275390359586110580385152      
   18.4568506232204692761634627100670179         19.4533904645859549754167597824062649        -5.11428020757430861780834905945784442      
   19.9285767281533579685600875139487817         21.3357261904348390467940160868363028        -2.19586736352460877588656612899952593      
   21.4804919429746280621089195428911807         23.3437263041281889640995985286088787        0.437484809285459164470194185005822487      
   23.1012268602050732576523448602058909         25.4608456217260377300920602168853681         2.81650735064616183693258542439763676      
   24.7775280202975426200991518231498949         27.6675864212224862072966242613175520         4.96863972766801861915780530242007251      
   26.4957334940762676739486630572706378         29.9433710265656508878571022284576666         6.91838282452225676803768519152049180      
   28.2436395386359367172567030789713373         32.2690098402280405432473700917945300         8.68761364767401786402813204300442807      
   30.0125561186800145542482684912978297         34.6295782159871230010728258563469650         10.2958682633555380540173893328419279      
   31.7991836590999547626942443545006902         37.0172756962428585781821140773245168         11.7605971728820819067312389718900296      
   33.6068475177880344324314610433827526         39.4336427606013248310929541402835652         13.0973949460026567844727147669721421      
   35.4456793131950590331923623912561702         41.8904819884928756148427370311576047         14.3202041624443452024956038062958318      
   37.3315478886356201527666294088851505         44.4090391152751871444450467008503295         15.4414932201405307705091359892241498      
   39.2838492783145481494915072576601456         47.0173979689061227111941330605742375         16.4724085748928714462306341028897757      
   41.3225518272526189386779558203822010         49.7464907696681681363136747031355535         17.4229040549273194688664274206869163      
   43.4650603178360157344145618788231550         52.6254606871896874934953861600362321         18.3018520746672612087747985312614245      
   45.7234685012033852181180791236993277         55.6772323221481992431250613348497308         19.1171427446536903716158008290245282      
   48.1026337014513130367117242711482932         58.9150359768853862162552255773900909         19.8757763634646506061775701332762585      
   50.5992928972934274018294990247901513         62.3403603146655356288134204726329194         20.5839527520049170473002486515949090      
   53.2022186112764276741671803260392720         65.9424783067291202101036723790764872         21.2471582734466791950689308897303819      
   55.8932396694221884806644460166415230         69.6993976426185555211713600582507445         21.8702492788777047831121002942247743      
   58.6488526242379050038906969220337943         73.5798876769600823651446005473801080         22.4575297933811902123312318584404314      
   61.4421241695417731878839371472396876         77.5461476562857425254254877870059939         23.0128214936189592153827559171851177      
   64.2446160183306324556438365854534605         81.5566905486319580518789096009711298         23.5395249414997920590384209406456287      
   67.0281278589562297727842395138184847         85.5690917514123540106461455571281502         24.0406720652955623484518936375853933      
   69.7661291730840438142342116121568755         89.5423579698082684322349690526530228         24.5189706489850635292360404960916433      
   72.4348208143001021053030140833843113         93.4387804898921586242489594703978676         24.9768419852789115509453487690203980      
   75.0138231595969080973843710524365563         97.2252305889300509193712767319781654         25.4164529241418151584074775752993136      
   77.4865261359875444806471501916458096         100.873924213094504878842683200611218         25.8397434284815364757887726935527633      
   79.8401583547143780768419519277973926         104.362726957018257536533421226189409         26.2484505452860633503444969809559536      
   82.0656410416732918137481864821454457         107.675092004645712003574783422332393         26.6441294894356672549105880893392908      
   84.1572912811070761766960367928259312         110.799728331566635466285105316491239         27.0281723566048885709088651205494170      
   86.1124319532360521585313010020487433         113.730089752948812050104226771476442         27.4018248428133316012616639444093965      
   87.9309556400856123143852498000882430         116.463762262596165296425906615543825         27.7662012488578108314770278317190268      
   89.6148788712991530521588159566619385         119.001811345560919499342564402708125         28.1222979800682908288899082296023537      
   91.1679127842726329973171385603157274         121.348135164482968957946023581733762         28.4710057068136039537072097157620370      
   92.5950673528986561312213563702669099         123.508855286391669035617755536628173         28.8131203215088094575969406334509586      
