   2.00000000000000000000000000000000000         1.00000000000000000000000000000000000        -11355.1371119330240588730966137278490      
   2.00000000000000000000000000000000000         1.00000000000000000000000000000000000        -11355.1371119330240588730966137278490      
   2.00000000000000000000000000000000000         1.00000000000000000000000000000000000        -11355.1371119330240588730966137278490      
   2.00000000000000000000000000000000000         1.00000000000000000000000000000000000        -11355.1371119330240588730966137278490      
   2.00000000000000000000000000000000000         1.00000000000000000000000000000000000        -11355.1371119330240588730966137278490      
   2.00000000000000000000000000000000000         1.00000000000000000000000000000000000        -11355.1371119330240588730966137278490      
   2.00000000000000000000000000000000000         1.00000000000000000000000000000000000        -11355.1371119330240588730966137278490      
   2.00000000000000000000000000000000000         1.00000000000000000000000000000000000        -11355.1371119330240588730966137278490      
   2.00000000000000000000000000000000000         1.00000000000000000000000000000000000        -11355.1371119330240588730966137278490      
   2.00000000000000000000000000000000000         1.00000000000000000000000000000000000        -11355.1371119330240588730966137278490      
   2.00000000000000000000000000000000000         1.00000000000000000000000000000000000        -11355.1371119330240588730966137278490      
   2.00000000000000000000000000000000000         1.00000000000000000000000000000000000        -11355.1371119330240588730966137278490      
   2.00000000000000000000000000000000000         1.00000000000000000000000000000000000        -11355.1371119330240588730966137278490      
   2.00000000000000000000000000000000000         1.00000000000000000000000000000000000        -11355.1371119330240588730966137278490      
   2.00000000000000000000000000000000000         1.00000000000000000000000000000000000        -11355.1371119330240588730966137278490      
   2.00000000000000000000000000000000000         1.00000000000000000000000000000000000        -10239.2932193894905378031117381926484      
   2.00000000000000000000000000000000000         1.00000000000000000000000000000000000        -9125.07921297326668941092809834934950      
   2.00000000000000000000000000000000000         1.00000000000000000000000000000000000        -8132.00363397695673274708565655492601      
   2.00000000000000000000000000000000000         1.00000000000000000000000000000000000        -7246.89279206269167513832032407536379      
   2.00000000000000000000000000000000000         1.00000000000000000000000000000000000        -6458.00562335816231774779391852409814      
   2.00000000000000000000000000000000000         1.00000000000000000000000000000000000        -5754.87789367248486007633060874311479      
   2.00000000000000000000000000000000000         1.00000000000000000000000000000000000        -5128.18334446618289933262187366242592      
   2.00000000000000000000000000000000000         1.00000000000000000000000000000000000        -4569.60993906667023610920619878072013      
   2.00000000000000000000000000000000000         1.00000000000000000000000000000000000        -4071.74956699170232354856374975187604      
   2.00000000000000000000000000000000000         1.00000000000000000000000000000000000        -3627.99974282418027525614604542347053      
   2.00000000000000000000000000000000000         1.00000000000000000000000000000000000        -3232.47599524210033458293875150804279      
   2.00000000000000000000000000000000039         1.00000000000000000000000000000000000        -2879.93378365930553164052884332288429      
   2.00000000000000000000000000000179189         1.00000000000000000000000000000000000        -2565.69890635830296334057430611241616      
   2.00000000000000000000000000331886571         1.00000000000000000000000000000000000        -2285.60547667335071521143340325122969      
   2.00000000000000000000000271204865355         1.00000000000000000000000000000000000        -2035.94064420544744479450542264756282      
   2.00000000000000000000106881784739904         1.00000000000000000000000000000000000        -1813.39532755333295421605273705819642      
   2.00000000000000000021992108484620587         1.00000000000000000000000000000000000        -1615.02030481377316289347944870636441      
   2.00000000000000002535838689633252592         1.00000000000000000000000000000000000        -1438.18707919874610603983635581504521      
   2.00000000000000174543256817550799458         1.00000000000000000000000000000000000        -1280.55300048004567150225825803832967      
   2.00000000000007588061309304008160621         1.00000000000000000000000000000000000        -1140.03017944406396338678825400960158      
   2.00000000000219155394726542065589721         1.00000000000000000000000000000000000        -1014.75778287045456931118798220825549      
   2.00000000004399877284111331267547364         1.00000000000000000000000000000000000        -903.077341405891257941964276745145430      
   2.00000000063950648056943735774517264         1.00000000000000000000000000000000000        -803.510742683596185989941291468762403      
   2.00000000697890958005362409702199585         1.00000000000000000000000000000000000        -714.740617672377551633317801267459081      
   2.00000005907647031431229747262287037         1.00000000000000000000000000000000000        -635.592860005011565691776961204187094      
   2.00000039931044071719710148938981685         1.00000000000000000000000000000000000        -565.021046383598955491773812383344534      
   2.00000221103925525743298982985160322         1.00000000000000000000000000000000000        -502.092551545870745392796556771934754      
   2.00001025714527223874072393911350816         1.00000000000000000000000000000000000        -445.976174205998117424352186369012872      
   2.00004065403628610639300265548318597         1.00000000000000000000000000000000000        -395.931111373791563012627571451153168      
   2.00014002750513653940729381616742217         1.00000000000000000000000000000000000        -351.297137818567695914535041090631471      
   2.00042537513902348674698269328119998         1.00000000000000000000000000000000000        -311.485864891050868982279563367916929      
   2.00115445796911268505376248218600293         1.00000000000000000000000000000000000        -275.972967307306829289095068096983926      
   2.00283107035623776487867659416060986         1.00000000000000000000000000000000000        -244.291276226045405186943387898512618      
   2.00633649751416106180614713147742683         1.00000000000000000000000000000000000        -216.024641140768310262399390959963657      
   2.01306078919787689439027858705312100         1.00000000000000000000000000000000000        -190.802462994535215563659874911758721      
   2.02499284194843594431716124473135570         1.00000000000000000000000000000000000        -168.294800327562294128402935119526953      
   2.04472558669654441660480138111491203         1.00000000000000000000000000000000000        -148.207954657988881694332459697097333      
   2.07534647256755449729811074138052156         1.00000000000000000000000000000000000        -130.280455794943256995890058845571253      
   2.12021086071084740509283859141013413         1.00000000000000000000000000000000000        -114.279394531973400023790298965498955      
   2.18262724479096699494998644591346531         1.00000000000000000000000000000000000        -99.9970853684179223729566350486694720      
   2.26550704014193001075843823568497891         1.00000000000000000000000000000000000        -87.2480741714178869643654471155524709      
   2.37104032170066574777676862868383860         1.00000000000000000000000000000000000        -75.8665194224718284516682418564165406      
   2.50045107140581508192691986681226475         1.00000000000000000000000000000000000        -65.7039610582730603515422766059657426      
   2.65386572558356467300646620014461977         1.00000000000000000000000000000000000        -56.6274539311173492245102715412878089      
   2.83030445432766779273366174380617577         1.00000000000000000000000000000000000        -48.5180042843111175482163849529703535      
   3.02778264747803328827380179862781947         1.00000000000000000000000000000000000        -41.2692283474062055762302315374561451      
   3.24349503646846126679646435656211198         1.00000000000000000000000000000000000        -34.7861588613407902241749553850309328      
   3.47404821400532756562402860196268494         1.00000000000000000000000000000000000        -28.9841489849692593773513086237572080      
   3.71570804668168653798079157175008608         1.00000000000000000000000000000000000        -23.7878490640213281826011211070754538      
   3.96463429915291939880134928118235427         1.00000000000000000000000000000000000        -19.1302502843672500378846043605976288      
   4.21708314406943572982308841371899924         1.00000000000000000000000000000000000        -14.9517979756717646496921244455339346      
   4.46956714903083552815164599678366463         1.00000000000000000000000000000000000        -11.1995788328812056140217796738178550      
   4.71897107411815495658738122586731445         1.00000000000000000000000000000000000        -7.82658436840719423280467265295904333      
   4.96263134370458336820019479214877146         1.00000000000000000000000000000002157        -4.79105049614596332833649354297520843      
   5.19839978289791009891197857066412820         1.00000000000000000000000000008091775        -2.05587199747004972805884349298832671      
   5.42473018266148324890842740158973061         1.00000000000000000000000012387385458        0.411908756203836471738822328084213839      
   5.64084828887110894807555010331599099         1.00000000000000000000008546705577813         2.64153759110380941112532736676719198      
   5.84708598063518191324057056240999973         1.00000000000000000002898331225103423         4.65890579836948912576186952597042034      
   6.04546924641993885326618683078018181         1.00000000000000000521971924397311663         6.48682579838634868716425340715716755      
   6.24063504616417635781226122686273366         1.00000000000000053501439036382269486         8.14522607318158063597772554379507552      
   6.44109861795916415609093183077801117         1.00000000000003320910211366100226890         9.65127777317968950075091705920280632      
   6.66078495084368222324536700022401741         1.00000000000131992728823962506325830         11.0194888734082543046037394996268094      
   6.92057867922190659421595497698547816         1.00000000003532453447876319522625209         12.2618377137222479208944723502535877      
   7.24947863756869316256017314646612560         1.00000000066608601691721182121496751         13.3880537058318972528695111190863392      
   7.68484995335443268957913139361654894         1.00000000921801922799086504622751330         14.4061548986096419070133759992512355      
   8.27133170502363054004260654877085609         1.00000009710522973582660446650276589         15.3232733573670682125467147907539833      
   9.05820870671968174421585057308500400         1.00000080414862929562751497777927442         16.1466280655781168955509199863955959      
   10.0954312802635116257151454120660144         1.00000538366716526682644028382119922         16.8843297769683171966221010430581343      
   11.4288427747260554458378629731533259         1.00002984484242604638689574988274455         17.5456926681680895354676814045357379      
   13.0954255358766489323097003935705849         1.00013980152494741878293319208108752         18.1409650078155616880520442931910646      
   15.1194304192061572743738399748570066         1.00056292360209555757147253901529639         18.6807293164867540095485520554713897      
   17.5101094132523704550150807753024394         1.00197717031750187050301128524406368         19.1754215990869368579306637983146315      
   20.2614676556437872089926272442016234         1.00613536571728311778555983772658399         19.6353906502272733979800091039816833      
   23.3540516532461509840586622480837721         1.01701293389174458637167144862618777         20.0717230569266682184061191068880284      
   26.7583708857145820221201333681006532         1.04259392164887227039027683274650097         20.4976882642531372577071323373216862      
   30.4392057208209445540040653578005972         1.09720165771098639885205867028005393         20.9299360373022889766819089014409724      
   34.3598859502442171843641591714542456         1.20397552026847269694816723939992104         21.3875540588011726091750935038901550      
   38.4856938259129852934712621464424910         1.39682525786108077042585986359679696         21.8870987663786087758946678587234181      
   42.7858369045450080903246907259619080         1.72111454851171934336535700945410961         22.4351176931947298563785285006900248      
   47.2338506562659002314241823665459058         2.23251527710241660979896499867212033         23.0244289541345826419630872044210818      
   51.8066899403591215019076770741642822         2.99388089959732245325309751636423724         23.6382698130275211274962442528146023      
   56.4830343518760472750283904758872727         4.07045922319397782493246585602848391         24.2582498610601283866138382751951938      
   61.2414118018577173673604333019581383         5.52413862576006061144200429154261761         24.8698399713272534760211556935413813      
   66.0586555128207648023165836366835301         7.40759865956468439976750209131096766         25.4638049555452268605864716699224553      
   70.9090171874788163963767406258768759         9.75920456071943884775330226524069022         26.0353380646710353434644070888446323      
   75.7640408071094961748719477895901999         12.5992959970180064428357045909186390         26.5826490567351512143849242447984630      
