   1.00000000000000000000000000000000000         2.00000000000000000000000000000000000        -11355.1371119330240588730966137278490      
   1.00000000000000000000000000000000000         2.00000000000000000000000000000000000        -11355.1371119330240588730966137278490      
   1.00000000000000000000000000000000000         2.00000000000000000000000000000000000        -11355.1371119330240588730966137278490      
   1.00000000000000000000000000000000000         2.00000000000000000000000000000000000        -11355.1371119330240588730966137278490      
   1.00000000000000000000000000000000000         2.00000000000000000000000000000000000        -11355.1371119330240588730966137278490      
   1.00000000000000000000000000000000000         2.00000000000000000000000000000000000        -11355.1371119330240588730966137278490      
   1.00000000000000000000000000000000000         2.00000000000000000000000000000000000        -11355.1371119330240588730966137278490      
   1.00000000000000000000000000000000000         2.00000000000000000000000000000000000        -11355.1371119330240588730966137278490      
   1.00000000000000000000000000000000000         2.00000000000000000000000000000000000        -11355.1371119330240588730966137278490      
   1.00000000000000000000000000000000000         2.00000000000000000000000000000000000        -11355.1371119330240588730966137278490      
   1.00000000000000000000000000000000000         2.00000000000000000000000000000000000        -11355.1371119330240588730966137278490      
   1.00000000000000000000000000000000000         2.00000000000000000000000000000000000        -11355.1371119330240588730966137278490      
   1.00000000000000000000000000000000000         2.00000000000000000000000000000000000        -11355.1371119330240588730966137278490      
   1.00000000000000000000000000000000000         2.00000000000000000000000000000000000        -11355.1371119330240588730966137278490      
   1.00000000000000000000000000000000000         2.00000000000000000000000000000000000        -11355.1371119330240588730966137278490      
   1.00000000000000000000000000000000000         2.00000000000000000000000000000000000        -11355.1371119330240588730966137278490      
   1.00000000000000000000000000000000000         2.00000000000000000000000000000000000        -10397.6305371591904903873104214421413      
   1.00000000000000000000000000000000000         2.00000000000000000000000000000000000        -9266.01543726975919130924644364621973      
   1.00000000000000000000000000000000000         2.00000000000000000000000000000000000        -8257.43111739090009788468669622748190      
   1.00000000000000000000000000000000000         2.00000000000000000000000000000000000        -7358.49809561578994953859980682509955      
   1.00000000000000000000000000000000000         2.00000000000000000000000000000000000        -6557.29189614322904078514453939424802      
   1.00000000000000000000000000000000000         2.00000000000000000000000000000000000        -5843.18481872864498724929667174259761      
   1.00000000000000000000000000000000000         2.00000000000000000000000000000000000        -5206.70491555885841454652620577848837      
   1.00000000000000000000000000000000000         2.00000000000000000000000000000000000        -4639.41030425941932581440574372718897      
   1.00000000000000000000000000000000000         2.00000000000000000000000000000000000        -4133.77714924448443008322718807492674      
   1.00000000000000000000000000000000000         2.00000000000000000000000000000000000        -3683.09982498980683537752259845263058      
   1.00000000000000000000000000000000096         2.00000000000000000000000000000000000        -3281.40193645612791004116400722435666      
   1.00000000000000000000000000000383202         2.00000000000000000000000000000000154        -2923.35701595805053566429609433440215      
   1.00000000000000000000000000613284330         2.00000000000000000000000000000674807        -2604.21784417402545031827669157771552      
   1.00000000000000000000000442957597892         2.00000000000000000000000001081969840        -2319.75345743019523133203153879296880      
   1.00000000000000000000157749105089887         2.00000000000000000000000777511381570        -2066.19300538302465219293237989383552      
   1.00000000000000000029968068363574764         2.00000000000000000000273248695028419        -1840.17571412627598565827904823373590      
   1.00000000000000003256249546403181976         2.00000000000000000050763631747596240        -1638.70629076315944481604129557072397      
   1.00000000000000215214005143177552889         2.00000000000000005343230172414237699        -1459.11517768942578985759562256297318      
   1.00000000000009133994252483816514856         2.00000000000000338968959273365724569        -1299.02312918588589317795562837533914      
   1.00000000000261119536089749239808764         2.00000000000013695263015576531559297        -1156.30964027326395254835067242579347      
   1.00000000005245139040164367961591492         2.00000000000370185679403184993141362        -1029.08480889950433755823443045940430      
   1.00000000076864531040173453619308703         2.00000000006995686326233940194238733        -915.664258088282443927448523521831656      
   1.00000000849819451568091657480073640         2.00000000096147037939164130758260315        -814.546785284718496857055750240874380      
   1.00000007305415309235061417433056695         2.00000000995674482161147567092775163        -724.394442344303970618486503157199267      
   1.00000050169870561831554022289503937         2.00000008020457753381510312749560141        -644.014781967606563382957724765568253      
   1.00000282018858443624087268736467053         2.00000051713053644241168818973185121        -572.345035503209409003848760676158581      
   1.00001326138778973098972075417896739         2.00000273805714079633291485946748957        -508.438013693921773701361346705160787      
   1.00005318257838082641998261442572906         2.00001217943550848033834731049106050        -451.449546940208835321594356218011188      
   1.00018503166110196874212152655420071         2.00004644017588881643612184546328614        -400.627305319014983107047220856225258      
   1.00056697885580744883039324284462226         2.00015448398106076958026193108063813        -355.300859855035403680767615702572573      
   1.00155060390782521644979526958692542         2.00045521673098943676504733672353683        -314.872862420025422575271037690090833      
   1.00382951520286076627521261455598336         2.00120394222656942568442601674318175        -278.811228138034355562628327562237438      
   1.00863020720939972495320386428185944         2.00289042078456140874008592130505495        -246.642198738168928346851399697611821      
   1.01791358097694789924103984235982620         2.00636116890311542124082440616784113        -217.944149714497623116952425716895306      
   1.03453669365020350880484193823897103         2.01294330594787526659783653977233036        -192.341987086142536015186922341640623      
   1.06232182958360986031470895318097940         2.02453369687399892599803912820763651        -169.501978949353118618986987458908749      
   1.10600066366866598225380734011421036         2.04361303240236275744638382960883410        -149.126909440550485848205735860192939      
   1.17104052440047428956862830356269463         2.07315479151111796028701115496527262        -130.951547332408331823971782975835633      
   1.26340166187725460465812638328928458         2.11642244756263799080687695815296808        -114.738561145777032938355672290248409      
   1.38929828855968227682377778749984395         2.17667719841213886947719413037949465        -100.275090053362819458532818191842758      
   1.55502697925900282273286340619578031         2.25684261870795503023054032529768715        -87.3700929251879445829226467168594256      
   1.76688401672332281309633698770141414         2.35918385752952196034700356889425845        -75.8523727071614196551256699195171138      
   2.03113647861457717891429374843168943         2.48505471904719582732241249288090573        -65.5689835856438744074829581438673922      
   2.35396830441303711909714546720959468         2.63474922545008679978045680221604101        -56.3837222009202531531875240269024806      
   2.74131540388733238234681764381290384         2.80747154018816031466536037403100526        -48.1755543727108777573848189502660806      
   3.19853849605421381373254086323333218         3.00141626984297929207371669957052699        -40.8369948024857985121866307886015449      
   3.72994390960263248950023970686902505         3.21393508284711331972545539669591063        -34.2725382742862479624729648542538484      
   4.33822454548401303384756203017718067         3.44175736883149292649900296781303425        -28.3972330985374779429851253665556195      
   5.02393123229750663642213527560965936         3.68123188533758308089028080557289350        -23.1354389672110808583475396551755350      
   5.78508699624264327177789053369191048         3.92856102252866763329581862571188769        -18.4197657177613871097233002337434153      
   6.61702670007340114290233293610205362         4.18000698945685367289533805201479123        -14.1901649466325958207394783586737752      
   7.51249640856654954684647765549966064         4.43205775090137458990792646821057493        -10.3931414669559236817870895311991191      
   8.46199951615778541067578828175459468         4.68154872257009349901252300918835635        -6.98105751816273888435673214853363301      
   9.45434910610684843786410577206091168         4.92574429993909319525618549768159211        -3.91151169756659820544421481391744633      
   10.4773952360584861667177395410813884         5.16239310922077727654011023570833675        -1.14678265241500233630334686329812515      
   11.5189506212931746544949132807656046         5.38978489849126936507599510263923846         1.34666693178799152688792047621026243      
   12.5680224760825168003936816485955805         5.60685540642888554403278571186241340         3.59862849273898035112310413002541179      
   13.6165146841093944550942040860953389         5.81340278142902413627592495195874814         5.63553289430267090471891919100158126      
   14.6615070007580802740468238144853925         6.01048324566599707267631798298196403         7.48079524386853561455054917882702701      
   15.7079911874705705869414896108022999         6.20103064352059238680555782554675904         9.15514130932606930321136268104303194      
   16.7715944364562924045118071645518628         6.39068546352382688035174128690102651         10.6769434788501225438532371894651019      
   17.8805099375154217994155307719749009         6.58872784077787483685527315460862649         12.0625880029883536719380952815032920      
   19.0757791573260209702175244666400729         6.80890794799003691186156595093252480         13.3268709635616550280571419584146619      
   20.4093349282150995700751074655524383         7.06989505789708492731494602475026080         14.4833802207567379743915999303507370      
   21.9397555285222648589437617007049146         7.39506670930461993338737651679024085         15.5447812928530181747572311259695076      
   23.7262960605096297349714515996986100         7.81145663421287854453522733551628488         16.5229183626695998344599230418067705      
   25.8222235975429697951691850084531056         8.34786087029736416296460279500453023         17.4286959174220039647980267807826263      
   28.2686377011882790107066537586897199         9.03231336414489100756515322807117014         18.2718115596980845208293041966090768      
   31.0897922206391623461489480365463755         9.88931702389649278586091379573555224         19.0605000338890353565873558337572681      
   34.2905446373898984752482657644192015         10.9373022855472908987626029329624414         19.8014466516621899385491597849988011      
   37.8560924617412909257429716972090589         12.1867692238831306417353784219285651         20.4999292716902006606198663910880182      
   41.7537454925988583844803478559850339         13.6394695415438196780834532040575468         21.1601291645917282069776210167121122      
   45.9362094575280105389631283843928142         15.2888268010945425022134905120379495         21.7854936518339658212944837672448551      
   50.3457428256336860653433278756119889         17.1215903701873147155303686727889538         22.3790509459124410600821846539690040      
   54.9185715536673015991789935957722462         19.1204808257087947263646259953174673         22.9436289976745143316106740959353587      
   59.5890603636657382035792705651754699         21.2673469158328007866474433880234355         23.4819739998320295657850184527221632      
   64.2932948118477193480161115476001012         23.5461885157110807114210375969986701         23.9967864699970864184617537158301108      
   68.9718861092938778701588353837117822         25.9453869077971653328311547098941016         24.4906991331607734199770344315760448      
   73.5719448224302685655872877773579600         28.4586594852186460515994546225889990         24.9662203649555404705515878811064424      
   78.0482683576653026533036256436712228         31.0845784230764026741475471757067775         25.4256648112706383085145074079924263      
   82.3638490586335543793998191856115910         33.8248548836314586021118281033169049         25.8710898591729238065483174107800572      
   86.4898397136857031907139312990775251         36.6818717123388610490022813260287536         26.3042521824154811748629839197226349      
   90.4051190327558620549196154584630068         39.6560694166942630886807707257428203         26.7265923604893080116860148453937565      
   94.0955893277828050045697578067234092         42.7437408892857230193230539066646468         27.1392484974577158068277657353552761      
   97.5533192863055397968955849048182538         45.9356162057969910284919775862037866         27.5430935476749660230597022837027908      
