   2.00000000000000000000000000000000000         1.00000000000000000000000000000000000        -11355.1371119330240588730966137278490      
   2.00000000000000000000000000000000000         1.00000000000000000000000000000000000        -11355.1371119330240588730966137278490      
   2.00000000000000000000000000000000000         1.00000000000000000000000000000000000        -11355.1371119330240588730966137278490      
   2.00000000000000000000000000000000000         1.00000000000000000000000000000000000        -11355.1371119330240588730966137278490      
   2.00000000000000000000000000000000000         1.00000000000000000000000000000000000        -11355.1371119330240588730966137278490      
   2.00000000000000000000000000000000000         1.00000000000000000000000000000000000        -11355.1371119330240588730966137278490      
   2.00000000000000000000000000000000000         1.00000000000000000000000000000000000        -11355.1371119330240588730966137278490      
   2.00000000000000000000000000000000000         1.00000000000000000000000000000000000        -11355.1371119330240588730966137278490      
   2.00000000000000000000000000000000000         1.00000000000000000000000000000000000        -11355.1371119330240588730966137278490      
   2.00000000000000000000000000000000000         1.00000000000000000000000000000000000        -11355.1371119330240588730966137278490      
   2.00000000000000000000000000000000000         1.00000000000000000000000000000000000        -11355.1371119330240588730966137278490      
   2.00000000000000000000000000000000000         1.00000000000000000000000000000000000        -11355.1371119330240588730966137278490      
   2.00000000000000000000000000000000000         1.00000000000000000000000000000000000        -11355.1371119330240588730966137278490      
   2.00000000000000000000000000000000000         1.00000000000000000000000000000000000        -11355.1371119330240588730966137278490      
   2.00000000000000000000000000000000000         1.00000000000000000000000000000000000        -10432.1422221294838646226116967319072      
   2.00000000000000000000000000000000000         1.00000000000000000000000000000000000        -9296.98736807953429472196159472501225      
   2.00000000000000000000000000000000000         1.00000000000000000000000000000000000        -8285.24823898435046356453169505284851      
   2.00000000000000000000000000000000000         1.00000000000000000000000000000000000        -7383.50349053555790617088198548730566      
   2.00000000000000000000000000000000000         1.00000000000000000000000000000000000        -6579.79133702730187456563172269454231      
   2.00000000000000000000000000000000000         1.00000000000000000000000000000000000        -5863.45082572748449715555415480854200      
   2.00000000000000000000000000000000000         1.00000000000000000000000000000000000        -5224.98037251222402840242291306850076      
   2.00000000000000000000000000000000000         1.00000000000000000000000000000000000        -4655.91168161735415999017382355708606      
   2.00000000000000000000000000000000000         1.00000000000000000000000000000000000        -4148.69737649866764613933940244580525      
   2.00000000000000000000000000000000000         1.00000000000000000000000000000000000        -3696.61085073069115270691205355596319      
   2.00000000000000000000000000000000000         1.00000000000000000000000000000000000        -3293.65701002626509000278791352350804      
   2.00000000000000000000000000000000000         1.00000000000000000000000000000000000        -2934.49272097775821529741177116829564      
   2.00000000000000000000000000000001810         1.00000000000000000000000000000000000        -2614.35591092304542694074806417247332      
   2.00000000000000000000000000005574527         1.00000000000000000000000000000000000        -2329.00237813454666508198611710836413      
   2.00000000000000000000000007104375540         1.00000000000000000000000000000000000        -2074.64947384092733789971168097065290      
   2.00000000000000000000004160674880345         1.00000000000000000000000000000000000        -1847.92590877610503055669357811150998      
   2.00000000000000000001218639040352003         1.00000000000000000000000000000000000        -1645.82701821896356437443299717901953      
   2.00000000000000000192510044244630689         1.00000000000000000000000000000000000        -1465.67489191803077622422413727907125      
   2.00000000000000017546311740254556937         1.00000000000000000000000000000000000        -1305.08283984944412639498946078306396      
   2.00000000000000980078904859078844051         1.00000000000000000000000000000000000        -1161.92372229040167942854149018083921      
   2.00000000000035410179256760732802475         1.00000000000000000000000000000000000        -1034.30172396741481340651265377885921      
   2.00000000000868565923180069869746419         1.00000000000000000000000000000000000        -920.527197739462192055715226670791564      
   2.00000000015104892266702755735454356         1.00000000000000000000000000000000000        -819.094244007053160432234983552206598      
   2.00000000193606158008420700841800751         1.00000000000000000000000000000000000        -728.660728340104580881660888449729779      
   2.00000001893307362986756211475964107         1.00000000000000000000000000000000000        -648.030472174815653562236398138437404      
   2.00000014565682048058008524623798356         1.00000000000000000000000000000000000        -576.137380285233956499951997924471537      
   2.00000090566673377442705937285929021         1.00000000000000000000000000000000000        -512.031294520750936255100746240628512      
   2.00000466010574467592804931749203685         1.00000000000000000000000000000000000        -454.865386485519012685195219206251365      
   2.00002025644170005150099550887735891         1.00000000000000000000000000000000000        -403.884922948807933334947894027774769      
   2.00007573051755168157852341150612462         1.00000000000000000000000000000000000        -358.417257285420798934962264002083066      
   2.00024736342071753081843358499850285         1.00000000000000000000000000000000000        -317.862918201536864127256458508403877      
   2.00071572525874954849271974796700443         1.00000000000000000000000000000000000        -281.687682598273756450946403233589412      
   2.00185696574727233190548716807473109         1.00000000000000000000000000000000000        -249.415531023328867081147152794596619      
   2.00436749739158553840086417132640694         1.00000000000000000000000000000000000        -220.622390237199315440630189198564562      
   2.00940308333307292307117986216150482         1.00000000000000000000000000000000000        -194.930568141032915841372359005864296      
   2.01869543478471035001874330655541444         1.00000000000000000000000000000000000        -172.003784585504077308924828371362321      
   2.03460032337242007038344000868522964         1.00000000000000000000000000000000000        -151.542702626727483776212067368179206      
   2.06003833159774426781700727432479729         1.00000000000000000000000000000000000        -133.280874365558361350962831578967527      
   2.09831290270891435675849444597125212         1.00000000000000000000000000000000000        -116.981037387722346276163796078504792      
   2.15282249774924156424911996211363625         1.00000000000000000000000000000000000        -102.431730937507166636137884187518532      
   2.22671255842445839162052272895321676         1.00000000000000000000000000000000000        -89.4442368201500900519055699245296557      
   2.32252859134821434629123959501446780         1.00000000000000000000000000000000000        -77.8498735678750039975281495077660589      
   2.44193004421761482505293306833004606         1.00000000000000000000000000000000000        -67.4976695978004535064237288956476988      
   2.58550838285698378362485119247886984         1.00000000000000000000000000000000000        -58.2524106348043335324252704272466230      
   2.75272878298398904574641512338167489         1.00000000000000000000000000000000000        -49.9930147437681744374218951208068024      
   2.94199079017892813611383079690338763         1.00000000000000000000000000000000000        -42.6111585128128169598784327012961989      
   3.15078491571557366222581678763554775         1.00000000000000000000000000000000000        -36.0100741850801971158641531808529021      
   3.37591207840438606696028126861578912         1.00000000000000000000000000000000000        -30.1034563027516959856798604300420137      
   3.61373089266047388063111793388082394         1.00000000000000000000000000000000000        -24.8144435399739538317447146180409325      
   3.86040205361485090036247206458383395         1.00000000000000000000000000000000000        -20.0746639871212687612387115446721586      
   4.11210686253154029298507997151989891         1.00000000000000000000000000000000000        -15.8233448535837612607926504861683959      
   4.36522599715923841312207525144398114         1.00000000000000000000000000000000000        -12.0064915048430817619984959764176832      
   4.61647380023630095673618566887014664         1.00000000000000000000000000000000000        -8.57613970322111365927960610193828709      
   4.86299319893258983297130236136474676         1.00000000000000000000000000000000327        -5.48968243599499893705267316486637212      
   5.10242928070898764035844187830618076         1.00000000000000000000000000001634248        -2.70927111078556943334760520556237303      
   5.33301860244798098286288689717170812         1.00000000000000000000000002976622297       -0.201291218796568773076848453196699059      
   5.55375768490213978460026265975897152         1.00000000000000000000002397810119530         2.06408525282312611203716730082875037      
   5.76474463644439545220472517507323208         1.00000000000000000000933513281628982         4.11326532284931254374597600760611289      
   5.96781321332879198403659669627130847         1.00000000000000000190125365073485943         5.96951104165652253902117325504171697      
   6.16758129217884869508225931911140901         1.00000000000000021743580428142326843         7.65312093681308834039340732519911552      
   6.37298797228849836997737129671396782         1.00000000000001487838193150080660954         9.18152414633136364618082268918142033      
   6.59926560578594554689274240305901219         1.00000000000064488834371503107392977         10.5693243719174219259883305014875258      
   6.87008010239413236082965443512186247         1.00000000001864006022132482360854399         11.8283814196054053554713568643448771      
   7.21932725107864415064994973445616303         1.00000000037636938774696889056795716         12.9680754777605962526015710690575146      
   7.69190662940069394319876124057279976         1.00000000553591680034935425835461924         13.9959160309690117134910888388716971      
   8.34282969952824563811816090576800585         1.00000006158977736637776715503765194         14.9185581494663717264393996018994376      
   9.23430812364963470980761325592028742         1.00000053586721867293672672311720687         15.7430411498687188464061754540159996      
   10.4309485248912856620561299618248468         1.00000375370366198743086770508187526         16.4777968571304229788908538437330824      
   11.9936925867392747840147918221474319         1.00002170248739267595831856534209838         17.1329607373227265880573383463031051      
   13.9735125624893829561354085553893645         1.00010575245819112623665691320750999         17.7198839372476115709544893629279162      
   16.4059927366407846889632499438406289         1.00044198783945969624091037533204021         18.2502261336862535758067953988005990      
   19.3077840990111058995595456546025689         1.00160803561671630511318524169478653         18.7352289332062485371578650027104862      
   22.6755707596204336018304945114499900         1.00515811344439020832091293775548136         19.1856593373728817194461436501403157      
   26.4877165102775496974753708754856355         1.01475391438064545850019811657682932         19.6126565313002914411408335664122248      
   30.7082532093544696251044689933255333         1.03801894392143987990400401376658482         20.0293622948237130468978019377445113      
   35.2924185861313174607587951027317422         1.08909994419655086941941968355069162         20.4525220369574636029622831539682828      
   40.1926488191322664647283334549157078         1.19158343701686031612447656205156870         20.9020717233509778296171917259807008      
   45.3638692707306525424147943958334690         1.38106192512473404403900361295159439         21.3962969919137933811078591567834518      
   50.7671398649028513753057780012424178         1.70645960447820870799334670806360493         21.9434591257172747461848582762916370      
   56.3711486972597510568132003039490328         2.22934760755750585554592865702656023         22.5367335417814115016901363891060372      
   62.1515798588117261860229452951148311         3.02089668257750202681899619842018738         23.1581168076344181279638795922629066      
   68.0888519606407119810959504240449061         4.15668169956333539695776950951470009         23.7873527718558517946255508858715498      
   74.1650089014707872700535154320656814         5.71006373812696088904034314384666521         24.4083551755718360510028142360067116      
   80.3605955572916457374291614236370732         7.74517609030024309027644278536709245         25.0109325379480883540506894255581743      
   86.6521990222230629036315734177493467         10.3105761302270427494191694769282497         25.5898196321716891432109607596084032      
   93.0110634402648940622005263840712907         13.4344341846009557493779236564902026         26.1430829328292557441810527517259028      
   99.4028886688756496802111457452415228         17.1218018971826964719849897208576997         26.6707930959931827995090763623383065      
