   5.00000000000000000000000027925642303         4.00000000000000000000000000000000000        -10673.8939750286269955024448460320645      
   5.00000000000000000000014730760496537         4.00000000000000000000000000000000000        -9512.83593913789690555731792951064206      
   5.00000000000000000003931087545327699         4.00000000000000000000000000000000000        -8478.01057492646843447536114178264507      
   5.00000000000000000571628748084460766         4.00000000000000000000000000000000000        -7555.69019777234662196238880147606574      
   5.00000000000000048393933828445582210         4.00000000000000000000000000000000000        -6733.63999587777426786252097344357142      
   5.00000000000002530431899185302578746         4.00000000000000000000000000000000000        -6000.95568175011045454350395674250551      
   5.00000000000086138636259054835404081         4.00000000000000000000000000000000000        -5347.91879893185904948808550031087861      
   5.00000000002000728708926902076990403         4.00000000000000000000000000000000000        -4765.86776398806802679251219078873212      
   5.00000000033061859584713082264333208         4.00000000000000000000000000000000770        -4247.08293255666419531511838212739646      
   5.00000000403445210451316997526966652         4.00000000000000000000000000002889280        -3784.68416435846260522299199948193664      
   5.00000003757909970245512832868102309         4.00000000000000000000000004270314777        -3372.53952791988452971503541704576819      
   5.00000027517306021308194906932054775         4.00000000000000000000002857378153025        -3005.18393359265849803014141812377941      
   5.00000162605777098495117347177669124         4.00000000000000000000944164513564150        -2677.74661525157308318345309154178673      
   5.00000793680480538819160474309860768         4.00000000000000000166502244177464092        -2385.88649862534432752724165378412465      
   5.00003266799504094592846597327237604         4.00000000000000016795699473579845746        -2125.73459920362947291018788292288480      
   5.00011549401267525545616408410441978         4.00000000000001030953338477804126749        -1893.84268644729570207895104651694825      
   5.00035650818313447344547293308887366         4.00000000000040686197665031902247082        -1687.13753459851774881254108094441001      
   5.00097495862868026269767420238228792         4.00000000001084035848964787764975690        -1502.88015431495134864586142321281474      
   5.00239305812583337007896535594963701         4.00000000020361938449499568927506073        -1338.62946408319705498011917992243804      
   5.00533339131354159130771640201199152         4.00000000280141702353384106266643704        -1192.20991674957530130011318169265094      
   5.01090507899407312478092663393207747         4.00000002919964487963856145901151214        -1061.68264614600994888310627691017467      
   5.02064639407122038628151913664324033         4.00000023755427802080301112626014929        -945.319743817789405950843079209272031      
   5.03649610575300095147482799784491582         4.00000154875597174436927286325042966        -841.581318179906171214680197019665343      
   5.06068357718244180039273979369765452         4.00000828306483002361851441725148892        -749.095028903241508512470088743092637      
   5.09555341599018593277634905368537064         4.00003710382502379827468764521945428        -666.637827397398394572637165158336871      
   5.14336470384780846476819888655345716         4.00014181644648427326636618427614691        -593.119668180841237187917205228269623      
   5.20611713843830679585537141022012023         4.00047025438138458172975100021634259        -527.568983802885916467790103450944817      
   5.28544991465782927469621858257804275         4.00137316101658888359826090317596658        -469.119737250098917123562565636894007      
   5.38263424905835972297827799378559081         4.00357877238180992048466560705899325        -416.999882367757496518886385412779215      
   5.49864613502366242003186914412602533         4.00842647634881653292652533218257519        -370.521078627677454973078422539625831      
   5.63427666866573322829617603535788191         4.01812289764230245265577594499127694        -329.069524942437879427236835506354166      
   5.79022593033810280900592866910588942         4.03595770803594292994156014130597414        -292.097798447332560781203780439469788      
   5.96713722368839385709937173138967861         4.06640951329542080710260490327506971        -259.117604934128820081149003750017077      
   6.16555510978840204239968523763447418         4.11509017825782479709210544539138239        -229.693362889882302759559575664610936      
   6.38582022008921746014892650861499370         4.18851123030005827413904332552652533        -203.436548789707843480162508474989071      
   6.62793410513574720440781478599926567         4.29369319309990625435687781162974201        -180.000726359603167963848256634692186      
   6.89143263270190927240319818080390709         4.43766527939207739140662547674070413        -159.077170213367280350259333225966018      
   7.17529855872030165620313397747080140         4.62691515467227909318115473510566434        -140.390982401169974168107982329850550      
   7.47792944757458018589105456199869016         4.86685018158969130446729947644950764        -123.697599197559921108416976937257851      
   7.79716328718581398217211617126986643         5.16132826349804792184113859096214403        -108.779601910715817757275450924343449      
   8.13035592305687839486061036839940886         5.51231179455062985244227523243688907        -95.4437773532704615383760181773420424      
   8.47450385544679717662645783260840545         5.91969370755742999460028674074525166        -83.5184088865954539108186231018413999      
   8.82641201355341130699652035815195956         6.38134006409174494278949440721865756        -72.8508034136311198350093840041037930      
   9.18291452031893535911446356625565059         6.89338665659885747400888635998072807        -63.3050664056627480243228028016578116      
   9.54116030223773120471371759191239714         7.45081228570678108464103251184168731        -54.7601293827171995425546861323417230      
   9.89896940063323051881988704267676519         8.04828365649601542706428690768277722        -47.1080210836827900214906734939496838      
   10.2552527353553338931970855917709758         8.68122908327247576384372227227978774        -40.2523624759946247430493236559394351      
   10.6104800873611107916140337903360485         9.34706515937163014817029451454298868        -34.1070600959412377975430391315588971      
   10.9671896302669803408360435582716362         10.0464890201684279231189989978576031        -28.5951719158988659649830437336456227      
   11.3305509964022880988378050920939128         10.7847570712458479783204056545429472        -23.6479234468658928386287962450360318      
   11.7089931601492988056366414340791829         11.5728693989005060822057261336217031        -19.2038569054576432933503609041563622      
   12.1148573301572471917584880579593861         12.4285319367945458939536661097963780        -15.2081001633658981403993588385421519      
   12.5649370862606610284417200890759334         13.3766771081607064786483916071167116        -11.6117417739234292104730766337792350      
   13.0806774631579186286399939210096993         14.4492491602417376963119559776556504        -8.37129188857439112978178579480776212      
   13.6877985303601233530277950228691249         15.6839957042581527943924862658614837        -5.44819826034865655095635269614130401      
   14.4152291217134938939046961262561862         17.1222114204260348472807900022713747        -2.80837874615006890712537763326666802      
   15.2934474334522569016479664297855483         18.8057227489336928586319147015561506       -0.421736388173031196850632497175890784      
   16.3525257674527110343217872141755520         20.7737550514454768416891168436986763         1.73835484296524826379125105647762932      
   17.6202599223478545609404814785688384         23.0605087795242204106666061725926854         3.69557364470072455030427955026029019      
   19.1206857050811233308490967029133964         25.6941488329858830449853776192237083         5.47114021737128305826049140838469829      
   20.8730920520950616721150352634313180         28.6974656128747761497779587365065375         7.08422437485153568578640928700791790      
   22.8914377755289835622592714544703433         32.0898427322744785411392709939076331         8.55224638929140111372205937044703470      
   25.1839666695419884401533457011010149         35.8896233182678567987469992064529069         9.89107111798894770086639049277222027      
   27.7528336218729633439995082743082033         40.1157518478198258840478820294960029         11.1151172715958266446859683088581577      
   30.5936710792075592381165123722420086         44.7877875726028132484006194973268964         12.2374140064595293717414675561988425      
   33.6951672425906926930019064313624496         49.9239482363950667774189766459635117         13.2696376811283696441389117889355152      
   37.0388238585188649203330296696172765         55.5375148065993381880826550184174144         14.2221555659104394033641427517203715      
   40.5990763822656087597989647619998019         61.6324532132848908673411035633951494         15.1040930880120287340212178581168341      
   44.3438983792254812109776907119258842         68.1993235580915973128997648968715779         15.9234295062164833641393028128266610      
   48.2359091450886337866275282373793124         75.2124283184445654449275559167213607         16.6871168028767719446553752031665464      
   52.2338994379217044856011748579116313         82.6287943347240488898677805547778288         17.4012105328514985641657247966009206      
   56.2946157830171071381286102679360278         90.3891378687478876209718538752756987         18.0710001275614173087224538630967220      
   60.3746127001695358032776595890199804         98.4205646793603800143764917072193816         18.7011286277868782796656185616448155      
   64.4319922287178609642161988101037578         106.640492905126243382719772438776334         19.2956959978483372634751007741446605      
   68.4278892608270879461493375866671188         114.961180289852733346196126781257566         19.8583442306217268103417251274084452      
   72.3276142640293584806378296135266455         123.294267115117982993769298097735078         20.3923253614092672190565961246756898      
   76.1014186126310155359294613227990526         131.554866162431933043619334598074802         20.9005550491991490107132453051630179      
   79.7248928671784098032673716980280891         139.664891355297261252971505264937297         21.3856548259882968697034784483644916      
   83.1790405185137810388484294207195099         147.555476927266695902084225444359414         21.8499858828160130888835440013923163      
   86.4500883113522425044194355848596716         155.168473094232205811516834059786551         22.2956767268424439265393013961017576      
   89.5291010830611018476366029993060182         162.457100522275783179467505093475619         22.7246464532173786289474690393584919      
   92.4114670510635157090652159375281180         169.385903395881787336143851105493554         23.1386248558062438913145811257170503      
   95.0963118039496232367160807184693952         175.930165190421887486723203562199415         23.5391701970142119779427903783819414      
   97.5858886542001618343522033892951431         182.074950806843983954880995059894639         23.9276851683591791027393641304547727      
   99.8849816011268304454453215773174217         187.813922284455264011471330785009784         24.3054313800071402661028242853180429      
   102.000346348719029921140783205827436         193.148050401005960736567599727264123         24.6735425946669831149083115870274540      
   103.940205440216526649463649045178597         198.084316792197293860356536647454423         25.0330368470854704817394392640053707      
   105.713805962988879263302604299056003         202.634474591034536412814026853728763         25.3848275478196979184819295844845047      
   107.331042480104355143978391988358421         206.813912209100995668381301730837412         25.7297336468297285500778242120415684      
   108.802143702989219907963043090560078         210.640645746120986066636982289443747         26.0684889205875526453112794922270655      
   110.137418680305152972381124505315403         214.134450780252935124440694258286064         26.4017504406693705852103975582580833      
   111.347056658491504280087203833255032         217.316133616538333122510138712282325         26.7301062790626833923772861751701313      
   112.440973996730191866761677916548753         220.206934857466422563429711656560731         27.0540825038928895360930544311872582      
   113.428701353532496800593376954638286         222.828053725436572019394783908826274         27.3741495180084244287078572119012538      
   114.319304605740579796061389450854654         225.200279249835390609503125218736442         27.6907277914122196772346238373954222      
   115.121333458281369843772372525830560         227.343713646108541689699729894189840         28.0041930367284211131117772145571396      
   115.842792338336970993313682122665488         229.277573475629709217420632277315139         28.3148808747359734458769365564988482      
   116.491128857667739108208974300860057         231.020055101698166592421896162275857         28.6230910345454819736518520708108410      
   117.073235815269790725311300210224764         232.588252261579891873038720771591313         28.9290911303296474782726818681456237      
   117.595463363529877319223138728581403         233.998115050589684720372636478266257         29.2331200537296354180191403421516882      
   118.063638553912669710621555515487522         235.264441120161657742039219084794924         29.5353910182295335018805461390710533      
