   4.00000000000000000000000000000000000         1.00000000000000000000000000001001869        -11355.1371119330240588730966137278490      
   4.00000000000000000000000000000000000         1.00000000000000000000000001608177947        -11355.1371119330240588730966137278490      
   4.00000000000000000000000000000000000         1.00000000000000000000001156798083112        -11355.1371119330240588730966137278490      
   4.00000000000000000000000000000000000         1.00000000000000000000406905229817250        -11153.7606386811634552478111598469822      
   4.00000000000000000000000000000000000         1.00000000000000000075653362979647357        -9940.55014336843202280444371266600981      
   4.00000000000000000000000000000000000         1.00000000000000007968473929783743517        -8859.24385077116275898165184561908642      
   4.00000000000000000000000000000000000         1.00000000000000505792044423417042645        -7895.49730258783289271105059868494700      
   4.00000000000000000000000000000000000         1.00000000000020442693487232266068973        -7036.52598690018967507752216032421591      
   4.00000000000000000000000000000000000         1.00000000000552575571213526680518810        -6270.93569546750353428315815078233628      
   4.00000000000000000000000000000003236         1.00000000010435962620955859228940869        -5588.57132950584898635770979440476157      
   4.00000000000000000000000000010092027         1.00000000143183917162932241337590933        -4980.38214769615523037890007499565202      
   4.00000000000000000000000013002058827         1.00000001477641247428167658077917400        -4438.30166833721780203492677746892208      
   4.00000000000000000000007689084158810         1.00000011830631271463796188092646134        -3955.14063197684651878119377212460939      
   4.00000000000000000002271909828414537         1.00000075544022377789789542257492803        -3524.49160401003906895294639098098541      
   4.00000000000000000361767902566553781         1.00000394306072933679055480254929265        -3140.64395071237795417785476977639144      
   4.00000000000000033216279885759583856         1.00001719651405741038440806505023631        -2798.50805870195934239907253389387336      
   4.00000000000001868112313471527647304         1.00006390458423278618957204128566106        -2493.54778858820825553728053317081071      
   4.00000000000067931224826933745251096         1.00020593165568182828027087056305612        -2221.72026087872715820854105449154817      
   4.00000000001676330280494204898902378         1.00058458742472685554179696329119868        -1979.42216935950762502427336625329547      
   4.00000000029312265846597775431838888         1.00148277315511123347416355759137901        -1763.44190757462388512199691508796072      
   4.00000000377468131598267635884289498         1.00340394421128648852795397952226554        -1570.91687933853028404303883190800475      
   4.00000003704487582516039157659328237         1.00715562096082932293293201572933518        -1399.29544291585643856447177456723665      
   4.00000028559909349601001052773393641         1.01392133258181396055299343149794047        -1246.30300720709584713155290979161279      
   4.00000177651627245009509538892250957         1.02530757856001382739275165755316771        -1109.91185493757535102643741521756988      
   4.00000912772950442561852251812109448         1.04335906291810463290878524765817809        -988.314313688837730514214363835824361      
   4.00003954493698431414672961102716372         1.07054034417108931174602353257600754        -879.898933071368928117067933620204742      
   4.00014710403332646855059358013211429         1.10968164139643978239759128323895650        -783.229354670146482310729942335222475      
   4.00047742774698495295682184553113624         1.16388341567075581115078537049904407        -697.025575831601667856279903314074342      
   4.00137119180516337982614876153147828         1.23637539179242032923559913960543942        -620.147307412735751457246662369141465      
   4.00352932486182274521202229694392862         1.33033583758961949077501622241669570        -551.579121804740378498771959130827191      
   4.00823422836369831571920567755837202         1.44869367997932476592969592459049676        -490.417106479732086071672086991893900      
   4.01759332118895088851105533647385368         1.59394966151445732104421369179112189        -435.856797207075787525240132539656323      
   4.03474596794479321156532640324467950         1.76805263327009887860249413557841362        -387.182249320168957679125914841261395      
   4.06396709041264107622260198480611112         1.97234985214841663155326625989063096        -343.756175117515144530486316512686953      
   4.11061745404635534179954350030230277         2.20760302566110292422167729001662564        -305.011101247597805855296577574765765      
   4.18092539225424037722683803884314977         2.47403853638245135552176707326813771        -270.441487380064181648662940574364869      
   4.28162205484621627545765463757948288         2.77139241870290277702777193374699621        -239.596725509445021102645306514266798      
   4.41947792035656828870027827921192092         3.09892113900643043817312155645237157        -212.074931606186921544292025306273399      
   4.60079739533094557951106554041298806         3.45537168696601934611949466027610314        -187.517451546025023800238987014906876      
   4.83092534098615166911422161326811371         3.83892833862978628373857018864434662        -165.604019448121011357682799465915472      
   5.11381232713734023085094097137662446         4.24717024903873340076862157347570202        -146.048514909141321759597141082963571      
   5.45168002684010636682062152857538759         4.67708100218818250252984096864004507        -128.595261024997357815184641271001888      
   5.84482603929232199706413547452849431         5.12515060166285830634451107306818916        -113.015793439700301789267897289339772      
   6.29160723032910645168136173817056642         5.58760571283933284197725717221484273        -99.1060228432632214989471335255326550      
   6.78863906962348177069416829421884747         6.06079632688184437438760182918280045        -86.6837165959600218465798577083002075      
   7.33123992335305180484555713009287957         6.54175342786388406142926115529749463        -75.5862388945138952636873660107626672      
   7.91412762240397212517070331355911786         7.02890843848679005042172238200587158        -65.6685071333844027276118293152889419      
   8.53233922146580835267590570052310188         7.52293153091246793472564098711846055        -56.8011386894296377798935848541317763      
   9.18230228989907557961926869581270925         8.02761052833347014441153025601543340        -48.8687742562308829536060854957350262      
   9.86295409998605809284725837160461166         8.55066608248930627168784883403508912        -41.7685711835644831079882386220119558      
   10.5767955350940512782215079314187794         9.10438569383682124936921290382208361        -35.4088641755882510454498960901538577      
   11.3307727253082147274075754507906614         9.70595228543427358863994207142173389        -29.7079911570387977212745211497151799      
   12.1368793820262816814501660360787258         10.3773367766624729485068799902731375        -24.5932773775730886337694414413299896      
   13.0123526274897803967515046451416061         11.1446283362298424153152280614031272        -20.0001592613894619284001480198820610      
   13.9793112794025201777681069154656165         12.0367155881890936050306241797699556        -15.8714132247630012028404716033659016      
   15.0637008062276935658941250511842394         13.0833268840417399227866985686723575        -12.1564419390638286019248208520124264      
   16.2935002363975938922598395351977151         14.3125806077347257823785091945813024        -8.81057288920633130733667652229391156      
   17.6963093313338540784968341462588230         15.7483492589708589736950544277481440        -5.79434732508797649222822916639771176      
   19.2966168196308618956270689143622966         17.4078523766883757666040115565560592        -3.07281313082711202748891669355170839      
   21.1131764085126722623431571869923715         19.2999214701170083674900016133052296       -0.614862477434937457994990905238513801      
   23.1569279931200665995890479464057415         21.4243049089353767479471048198279628         1.60734185806694122458461492706936947      
   25.4297867546278447623909210249010702         23.7722045323356694862938065988009454         3.61882761558884787036467406022353998      
   27.9244250075427928482338208439316330         26.3279844243840037144124494342433008         5.44216476508459692804657204046063278      
   30.6249627368621656943273938787328001         29.0717202084139806649417656123653845         7.09772929304216924550383847921239917      
   33.5083295285331131859059905498831064         31.9820434660371926151729757130321708         8.60390521948221632718977411485665888      
   36.5459974384654327353082429193458640         35.0386590535640319514026096389399377         9.97724659784490528668308347868069697      
   39.7058063559088777068159781141477799         38.2240118955432808392539810413550600         11.2326146031653388012048722649358122      
   42.9536785509114384619834030520303163         41.5238268192561411957511635139158563         12.3832998740222500550766521275553871      
   46.2551084728611688972186602142821222         44.9265547493269813510800035847319631         13.4411374966956444721781911681233532      
   49.5763882858273733286615611310303144         48.4220270216555363169452881973375813         14.4166201839210481795692575601694387      
   52.8855762536412185892242459803303972         51.9997694068261444049337878436517884         15.3190131860453095722124503198291126      
   56.1532352120457693116757323915361427         55.6474344927300308920789000262384030         16.1564720149280296522323825825038531      
   59.3529708107325673328460360244085335         59.3497023387260907694449869389329159         16.9361616157121598736088188141885906      
   62.4617939203925548454824409866827518         63.0878307436618740976356484580167012         17.6643738481470632670753555810350885      
   65.4603257946907765971070295614283175         66.8398663061403138834640731146625722         18.3466394474774534741406123039314563      
   68.3328616732443090166277261321773601         70.5813972661300696856888355591879368         18.9878310091297455409285045485883823      
   71.0673088815843084199037051479950509         74.2866570322957462474954903597063144         19.5922546320453191690705355655018648      
   73.6550178566248493317275914192798106         77.9297711647224518371338979497167435         20.1637291980809561250799769581609040      
   76.0905272371943534110609175158486401         81.4859659671946696650817862886665160         20.7056534742615717854085405842195007      
   78.3712459131980660811967127166437066         84.9326053120548165256422545325266743         21.2210620874108321086211947348181651      
   80.4970950735037966180992668113391489         88.2499773634000244864088224470478634         21.7126718896821505797647694658044664      
   82.4701317761080947014817468988341115         91.4218028274961637401043180682045454         22.1829203703181581825578295743767510      
   84.2941727246033857852179336314106093         94.4354749468270188110596853051761700         22.6339976794421731106767813297851360      
   85.9744332892973015433684738649825621         97.2820667867334305802408240336617209         23.0678736179536860259912997992917209      
   87.5171928830238812349384348074581168         99.9561544969793518785514430418733771         23.4863206934274683281886602869766938      
   88.9294940193043381716775702003768283         102.455508731915358325494936890685956         23.8909340957936431555717823037243491      
   90.2188790369778862325392510546922527         104.780703280771113819571170040534844         24.2831492342747647083317592225588011      
   91.3931657292769280620438773428244036         106.934682951313832914655772560735036         24.6642573072499128938130622209253491      
   92.4602610148787557385026742994389129         108.922324056184048606950712090569525         25.0354192481005325275649170746974511      
   93.4280103040281551126455643371726252         110.750012013001549805106587202929907         25.3976782966430481125216147300420977      
   94.3040792677066642125611751175181908         112.425252538317871597413272904427071         25.7519713800301632507213703979355960      
   95.0958642135763860620243791074737361         113.956326176288806760489799528173226         26.0991394419338200029369195709000569      
   95.8104271068771431960936156498040131         115.351990609066133794947005788805947         26.4399368284723778698269792978014033      
   96.4544513530550303635573010488296237         116.621231290734043617450584448359063         26.7750398190998419369625601104840980      
   97.0342147007044861549774432221449615         117.773058258167750799729765623558075         27.1050543771416273061522338045048999      
   97.5555759632303649625090071824841913         118.816345280372743723901527898066386         27.4305231854465988993170113794252672      
   98.0239726457498301855239408374953457         119.759706587717917084161588213872298         27.7519320261031752374841301770027476      
   98.4444269641948465528946315377522705         120.611406068930379908033473540999890         28.0697155582710082669981106483311733      
   98.8215581318610829218239115729116272         121.379293863245620267411718080325014         28.3842625442332326629213629842015514      
   99.1595991493683236027506533380904695         122.070765568920094196024688947174179         28.6959205703663885210612683562119632      
   99.4624166585864262913245399320185128         122.692739731615874782729883171825586         29.0050003066182688612286008171122422      
