   1.00000000000000000000000000000000000         4.00000000000000000000000000000000000        -11355.1371119330240588730966137278490      
   1.00000000000000000000000000000000000         4.00000000000000000000000000000000000        -11355.1371119330240588730966137278490      
   1.00000000000000000000000000000000000         4.00000000000000000000000000000000000        -11355.1371119330240588730966137278490      
   1.00000000000000000000000000000000000         4.00000000000000000000000000000000000        -11355.1371119330240588730966137278490      
   1.00000000000000000000000000000000000         4.00000000000000000000000000000000000        -11355.1371119330240588730966137278490      
   1.00000000000000000000000000000000000         4.00000000000000000000000000000000000        -11355.1371119330240588730966137278490      
   1.00000000000000000000000000000000000         4.00000000000000000000000000000000000        -11355.1371119330240588730966137278490      
   1.00000000000000000000000000000000000         4.00000000000000000000000000000000000        -11355.1371119330240588730966137278490      
   1.00000000000000000000000000000000000         4.00000000000000000000000000000000000        -11355.1371119330240588730966137278490      
   1.00000000000000000000000000000000000         4.00000000000000000000000000000000154        -10251.7011484514318154244874824087647      
   1.00000000000000000000000000000000000         4.00000000000000000000000000000625388        -9136.09945704970316177154287800362960      
   1.00000000000000000000000000000000000         4.00000000000000000000000001011066459        -8141.78710250822793435174557982923645      
   1.00000000000000000000000000000000000         4.00000000000000000000000731934573917        -7255.57398322907345461599033665197728      
   1.00000000000000000000000000000000000         4.00000000000000000000258926159068912        -6465.70440878900280681818312230358241      
   1.00000000000000000000000000000000000         4.00000000000000000048384968557670626        -5761.70110906989620175765170641461328      
   1.00000000000000000000000000000000000         4.00000000000000005119384482708834622        -5134.22620724989871845619346058369423      
   1.00000000000000000000000000000000000         4.00000000000000326258446812721296261        -4574.95731185135479964136555077760210      
   1.00000000000000000000000000000000000         4.00000000000013233815081785493445259        -4076.47708366228761121170881930658656      
   1.00000000000000000000000000000000000         4.00000000000358861162323413915575100        -3632.17481215156580998274828452839933      
   1.00000000000000000000000000000000000         4.00000000006796795443639513841298747        -3236.15869535657426948683203843090164      
   1.00000000000000000000000000000000000         4.00000000093490677898393476580933911        -2883.17765925066143914134850843749401      
   1.00000000000000000000000000000000000         4.00000000966997862855112182694003554        -2568.55167917976323246594351558444445      
   1.00000000000000000000000000000000000         4.00000007757820031300230437472063688        -2288.10967876920402023195521547816618      
   1.00000000000000000000000000000000000         4.00000049626148100115113863069137894        -2038.13418222555758640262148354753472      
   1.00000000000000000000000000000000000         4.00000259437564351734661883382155333        -1815.31198549325217044812525186149899      
   1.00000000000000000000000000000000000         4.00001133021821667620643831086006781        -1616.69019140600120155005104357572253      
   1.00000000000000000000000000000000000         4.00004215236554999686581698476173210        -1439.63702483680811849344766324616929      
   1.00000000000000000000000000000000000         4.00013594248037321342724767607368652        -1281.80690695688746809711336894119110      
   1.00000000000000000000000000000000000         4.00038599876486710343356281151927840        -1141.10932422173117503042351397705620      
   1.00000000000000000000000000000000000         4.00097842653915177669708682840693386        -1015.68107875018326717159882741067158      
   1.00000000000000000000000000000000000         4.00224151776965935618343957712822705        -903.861553141283546095872188989735147      
   1.00000000000000000000000000000000000         4.00469250741362143675157511896872650        -804.170664647384893399472441612046517      
   1.00000000000000000000000000000000000         4.00906513387744475237007846238640664        -715.289220616463098561600722429421985      
   1.00000000000000000000000000000000000         4.01630213889396733538479337877489682        -636.041418816588551963998934617584676      
   1.00000000000000000000000000000000000         4.02750413825490073071897707575702019        -565.379262771495778851960063865758099      
   1.00000000000000000000000000000000000         4.04383780201030311094916739579930944        -502.368684438054522105460010026901181      
   1.00000000000000000000000000000000000         4.06641759911576010252873419350386103        -446.177185852209702279687318809876991      
   1.00000000000000000000000000000000000         4.09618237622335435942356143098963034        -396.062829213226428864150199795662993      
   1.00000000000000000000000000000000000         4.13378876415136808649476042465569185        -351.364422288635333359780716082160515      
   1.00000000000000000000000000000000000         4.17953842708312017126057878169021240        -311.492763332627587410697713881945220      
   1.00000000000000000000000000000000000         4.23334786246943778603833717496153223        -275.922826578522882844426322427491443      
   1.00000000000000000000000000000000000         4.29476067848854678296636882775262677        -244.186785052633066438154220890248195      
   1.00000000000000000000000000000000000         4.36299527011158020910269521085886784        -215.867781213189478599727034625685381      
   1.00000000000000000000000000000000000         4.43701671969367845520612379756646967        -190.594367315747554704656187240809186      
   1.00000000000000000000000000000000000         4.51562062629189728808194875253167280        -168.035546476460319230219693435335328      
   1.00000000000000000000000000000000000         4.59751776870813254589613061067122612        -147.896352556997353917756364160573847      
   1.00000000000000000000000000000000000         4.68141109554169228396505089627645352        -129.913912809392638644085472747637666      
   1.00000000000000000000000000000002080         4.76605963811965910915330091760115090        -113.853942231921503497305735950434265      
   1.00000000000000000000000000007790290         4.85032696459373399768671677321650113        -99.5076231602280972834339625367178873      
   1.00000000000000000000000012025267449         4.93321451191046791481116635563855641        -86.6888279099491616493554362146280218      
   1.00000000000000000000008474476530704         5.01388261953752453617748196492615122        -75.2316463081431135277047522920085857      
   1.00000000000000000002973215372130278         5.09166438357089140564701778940218809        -64.9881836783985107488176962091341615      
   1.00000000000000000560781239424143206         5.16607904997520444774889464690211245        -55.8265983518136626387654054673958605      
   1.00000000000000060863392305874139280         5.23685132957048867353878934561615458        -47.6293512722590912056315336053961847      
   1.00000000000004036908030764722048219         5.30393945494047792292829355701962633        -40.2916439583947737368789287246953161      
   1.00000000000172575851195046310092257         5.36756808483736391411511015486805079        -33.7200249374394829878269620449400326      
   1.00000000004984184936878943325040048         5.42825465407802072170248579971755216        -27.8311483578081842902511200173437004      
   1.00000000101395400971455148893013555         5.48681333322540920045031675295755318        -22.5506711897218203234719885329658990      
   1.00000001507953483928938999908726375         5.54432251119738083115689556653731101        -17.8122767878852558780664127473282801      
   1.00000016948825963830635717428310538         5.60204991723455071680605688854341330        -13.5568127148894762176735590408213582      
   1.00000148338201102493212118344497919         5.66134144765456609018147253556598966        -9.73153048085507253910165075380982294      
   1.00001038563078989989282956169027669         5.72349228363425164117106734028139342        -6.28941638794026431133491187486001443      
   1.00005959772347867763773224616984519         5.78963353048856303914575272694841795        -3.18861085124611770941560362541201692      
   1.00028649109477952325744939744320869         5.86069754394250528391279524532065763       -0.391938200463961907902635794744673076      
   1.00117626933915038172701748915747206         5.93759741769187144682576379293943554         2.13337548396852844025917635139808312      
   1.00419614191414159473925284520027079         6.02189411456146172092073109879376618         4.41562379406132492297127883951368141      
   1.01320196989576068425085735790444799         6.11740024865374066858845224378111473         6.47790743074045530656744215303336789      
   1.03711247459352829553396521674231084         6.23325499015224447038220594767064322         8.33658993520716931521837826198025775      
   1.09427562785759501880374894528847653         6.38879974296630938280084649061376747         9.99950556071409663973670807774183543      
   1.21855431539500049188675438979755730         6.61996040527266461555915973059138043         11.4667018602110714772737071422292819      
   1.46641392088077683614405159831219050         6.98591977612113963916757303484396492         12.7384913970209426745926762126348240      
   1.92341065110934494135814616396530276         7.57404905288163250372523683782851916         13.8298901280005755353044671713617613      
   2.70786342060547299537704118902972319         8.50085461585085728505979703738213494         14.7770175289809292236228816985355101      
   3.96955475980421657054384003578250776         9.90735351943405585135585209411752462         15.6250389576111045858127425501498987      
   5.88220544676281435972863958294365170         11.9486647037674914635691234390748252         16.4106420111841110160643964909809924      
   8.62997421067473270760134135678391829         14.7791854334445264534466649665714535         17.1549427466826024827057504329630216      
   12.3898233054749458713074659404399339         18.5359234625570564826920813568000462         17.8666038945989916113910164363983753      
   17.3127000383417331721153086317811032         23.3229855146992608441518032232521479         18.5477832513905052511273053071737184      
   23.5067686705740324425583284621059612         29.1998297658118012740733171357102645         19.1984962688629197066610577964333538      
   31.0253758101232205476874883260352979         36.1749127436004580335604141634390952         19.8187336443343833452758486894399162      
   39.8613141860475192852156819996210944         44.2051719997463964632224246561039087         20.4091250891520104682840314659049365      
   49.9476553907196190862698428466284881         53.2007283979740728460502997956952100         20.9709473942657887424178448857258398      
   61.1643032737122243065170621731126890         63.0334796750681858942971217429378514         21.5059304542168303593441250738493484      
   73.3486896592097440301561769881643997         73.5479525374003372989230038545904801         22.0160519637538535589524999228503069      
   86.3087484559169275878517858023472658         84.5728293236858608801714122354994472         22.5033785877748306192993011995894754      
   99.8363972249491736413856531312697794         95.9318515056069278346434474585170334         22.9699588508339434467179331866899097      
   113.720098607410134642453418464026488         107.453200179518498125069639413758827         23.4177573341542432352365504701220299      
   127.755530498719047807085696244430505         118.976860050995149608662934823205867         23.8486179914830549489146239492048964      
   141.753851898963008229674166855048521         130.359821163134456244053185411662056         24.2642466900378637641411991079877528      
   155.547439054185542488139117752689795         141.479230049425213792092900480003921         24.6662058977545787804038199321273563      
   168.993250543469513774676101464913671         152.233764455135055055945848354667111         25.0559167453821240914599482440963912      
   181.974156582541971756538899679004718         162.543585362030503296817603862290938         25.4346653513839649251356405830091387      
   194.398651408984518922319701739061794         172.349236520382750108804514228699888         25.8036114227257291265645483463654090      
   206.199380799813343089941677066102045         181.609835971817856310358521079120456         26.1637978850269717517384049707404769      
   217.330883260972199713236085727180765         190.300854472931340452298114464537175         26.5161607750086540590773465832849821      
   227.766883884934747557452542849280993         198.411716414223122688922885078912410         26.8615389357373022687117692941868846      
   237.497410140082450474568903310510745         205.943399455430701547958903390348582         27.2006832511484808729904376199431399      
   246.525929757816624144510823528587465         212.906155500122141624496106028422098         27.5342652803601402597980305004071128      
   254.866648893534767161650600173476907         219.317430680620538701295254423654083         27.8628852300442825140577914827765914      
   262.542056988412739556710323820889647         225.200026534853011290574244457913528         28.1870792511570434124767819863539908      
   269.580764071295564003117008967555834         230.580518066886513064893343173336694         28.5073260752741962809351628863064874      
