   5.00000000000000000000000000000016486         4.00000000000000000000000000000000000        -11355.1371119330240588730966137278490      
   5.00000000000000000000000000041483607         4.00000000000000000000000000000000000        -10993.7283134994484509669764126651259      
   5.00000000000000000000000044494864738         4.00000000000000000000000000000000000        -9797.85729285131113586956414977339780      
   5.00000000000000000000022366039452600         4.00000000000000000000000000000000000        -8732.00482331560769182701916832438997      
   5.00000000000000000005723025740997717         4.00000000000000000000000000000000000        -7782.03150943365127884737483422229635      
   5.00000000000000000802461223711356291         4.00000000000000000000000000000000000        -6935.33560173824322960225695920837355      
   5.00000000000000065840955580767538824         4.00000000000000000000000000000000000        -6180.68577919461630406757683625201218      
   5.00000000000003351449340463035162213         4.00000000000000000000000000000000000        -5508.07211639405293617588106486997299      
   5.00000000000111490186445409578543434         4.00000000000000000000000000000000000        -4908.57325792538497665285164915088098      
   5.00000000002538772593324025546229486         4.00000000000000000000000000000099840        -4374.23803740898849279551722890303551      
   5.00000000041237630097418038100475127         4.00000000000000000000000000212514043        -3897.97997034983011541972506354744456      
   5.00000000495648710279909688737680041         4.00000000000000000000000196637737521        -3473.48322079433947329646693450527661      
   5.00000004554490463959307008612133839         4.00000000000000000000086613329214791        -3095.11879402949921698797097239642183      
   5.00000032938978016405886655301381543         4.00000000000000000019695983904147578        -2757.86984327234127173428060606405957      
   5.00000192407790255693840324054384843         4.00000000000000002486194749772172128        -2457.26509929765376474938485016665707      
   5.00000928943015461204908537326521670         4.00000000000000185870535451155072673        -2189.31953991548324967021834243526135      
   5.00003783837368276316002870786751186         4.00000000000008721086672060687553811        -1950.48151264814909338379903175849165      
   5.00013243681061492136513201290571955         4.00000000000270450637722482478502527        -1737.58561011856718464524714242037152      
   5.00040486834737851026430056592046586         4.00000000005804804950341121475852291        -1547.81067438962024668851908425273510      
   5.00109692985907191221376575777906531         4.00000000089837985815506292415360047        -1378.64237422379143927407869341690330      
   5.00266842199203978841477399071439325         4.00000001039578462599539644554668284        -1227.83985833878526531631033195037932      
   5.00589640642299452340905356736572418         4.00000009287177014238612630984822106        -1093.40603909985440148512581469636512      
   5.01195887754275269264433834745986485         4.00000065885115681923295925516056221        -973.561106403871519823840376407627860      
   5.02247030728460166324032069483018987         4.00000380497429022635184831733005049        -866.718912914358892376572752909130734      
   5.03944434543672843696621727640260984         4.00001828452283574350606114627057770        -771.465911004658289613296052816874240      
   5.06518009728339508939335836693360962         4.00007453977953900488833813132351444        -686.542359215701940578221025233844921      
   5.10209531145139023361797936862076950         4.00026225665577209513292173412070664        -610.825550817591602220741191964579251      
   5.15255042013850594976560426975112791         4.00080863749140658875150946953146988        -543.314847656210171764730110252868334      
   5.21871088069576936527761555156784977         4.00221531260294661192190359972091749        -483.118328044850267364060117497061706      
   5.30247833663923681930682668983904111         4.00545934689535666857372309467323675        -429.440878847186603365100235942005748      
   5.40549079955949465816043346543816792         4.01223840143187946664430208077142433        -381.573581224924534331919387209686689      
   5.52916278501157867818816647734235658         4.02521063123357645511942330037465908        -338.884258653766002926854019279657685      
   5.67472207988824681461242211001861158         4.04816168225248734435682353874168103        -300.809074701799469205004012423488133      
   5.84320627874675333485884675461016015         4.08603614608313639271251805549689850        -266.845084404274897827840398539483485      
   6.03540426558942123368300743054466284         4.14479872556233481454610215374927964        -236.543653438222634608262414747515775      
   6.25175344446138161444620212012621889         4.23112863126783475730261939937954082        -209.504661121772253621543976781566658      
   6.49222118764607897756921842365828089         4.35198355237410863101441691230406113        -185.371396788610692004765482253869709      
   6.75620322409710580943752911886152678         4.51408771127585999220821746357357141        -163.826048800980195835401175339916924      
   7.04246427959878126791798719858956900         4.72340262636238790290382123459374971        -144.585679700251046226211358601372415      
   7.34913333180439880684241197499656582         4.98463563622769189248079937860656170        -127.398588391752532500442922481127314      
   7.67375398575475550090479698948904222         5.30083610620310576870083066839759483        -112.040983848151669333166383855434915      
   8.01338430146495001811703438821709264         5.67312551066676760889670521848611158        -98.3139282088380438279743960700683050      
   8.36474158475015334927259886078153730         6.10060551892432912849792677362215470        -86.0405375278907319156729602324494529      
   8.72439448508387510442692859034104328         6.58048603146108592384680664739022449        -75.0634449755197844394004352470279062      
   9.08901177181827599552707576059796835         7.10846818132563179866306077342587530        -65.2425318846942892796873395429893580      
   9.45567669175020574426013551252857272         7.67939829828948759854624151568789220        -56.4529225628743622393174062889529803      
   9.82226319607322219197699982416640326         8.28817252921334249924958812278510173        -48.5832274222144703452061983988900829      
   10.1878503940483555526915186645578123         8.93082316417075295011671954696007509        -41.5340111293602150551503293932510136      
   10.5531387706930729116464939651123030         9.60567441116696419552497462100038040        -35.2164596583453830146672560615576962      
   10.9208387453250612101536452294329857         10.3144372052585479651590784086820565        -29.5512214181097484365470529246106124      
   11.2960242909351705288079336831360595         11.0631232507461183005883812846292059        -24.4674011342908121762342579427200757      
   11.6864560007595812507623076892592508         11.8626781198753887803240066974499752        -19.9016886354056486133362577959163879      
   12.1028519685619664575213292130476660         12.7292358712554927647669675242075674        -15.7976058168964079411878672542533625      
   12.5590211876759845742659138144743625         13.6838806747481331764533073634408715        -12.1048523437962624000973293531794190      
   13.0717112561658538873233936097902033         14.7517976928393125795877144024826981        -8.77872481184424845660672441223017394      
   13.6600154579736170599498637043285841         15.9607541317111587297318911117186307        -5.77957894522631513585106671875883907      
   14.3442670150583023969388710517419388         17.3389940895578011044995742350514518        -3.07230595924494792590444073478945943      
   15.1445038408593980109104374854236458         18.9128249919818580304433475489245745       -0.625806867357814928068742601647971865      
   16.0787521167263219551445495798326583         20.7043371186469399642251952273326783         1.58752990533708075102698013717861850      
   17.1614727705374132492502883009147161         22.7297385805024560756809483138685437         3.59232187181488746295239579281252918      
   18.4024891291966550086255604225840875         24.9986553527979103516466597309965346         5.41062396045317115926257001693015686      
   19.8065702946058190200736470167657337         27.5144674158144122015694103285184716         7.06227564349902094499372941774723530      
   21.3736432027278590331438210445474347         30.2754311613009019351543417652454718         8.56516173308882880392658942285890499      
   23.0994326053748091401224873133559414         33.2761070806303267584292626558926926         9.93540310187253163737683987147837745      
   24.9762494997740248239931747694515169         36.5085643723030546698216964696116884         11.1875016696577000805038155477771626      
   26.9936822222816321461075239389596276         39.9629800372660539165015254431171451         12.3344620503933608545403276811531023      
   29.1390570606245339055698152597346390         43.6275154211674530767613863887274755         13.3879051044105714334507114343473021      
   31.3976673534190902364825546948698322         47.4876243982628612690385748129648359         14.3581810191259960322280437173227945      
   33.7528681638875020007391156581542440         51.5251271418137133173659399183330399         15.2544838530261394479666339004089443      
   36.1861711686454470947504384256000046         55.7174276518732489410682290916658247         16.0849661373220557156073345156624027      
   38.6774546111968085980552906467499246         60.0371757578088667158842322615347666         16.8568506737941805461184263185104473      
   41.2053484907967620072046888997267106         64.4525262371411323579536316841338494         17.5765364924155938237058200434381435      
   43.7477927310016813917042912081276183         68.9279884048547220156509126824219420         18.2496965265190986185438828417887266      
   46.2827167356788010133334616312075060         73.4257344637606495658211781894067904         18.8813655143654750488041834339248914      
   48.7887625083708282469526508648626723         77.9071659878036450730803475775446742         19.4760176233033765796658884977102871      
   51.2459705167351873501063397331371445         82.3345252996262201495936084813086784         20.0376341036147478344079878747024827      
   53.6363617007496140922738784543721797         86.6723684496330106339723940579971487         20.5697618177379347135595720482014973      
   55.9443722999689166942249137040136557         90.8887701343915575107013578943784288         21.0755637581291946210037318595256408      
   58.1571231652339398979543711161728292         94.9561908234325641871966478685134517         21.5578627225575443158948048733652695      
   60.2645268360708639608876451593773941         98.8519901506783454497869500490880326         22.0191792362757791916587739977060909      
   62.2592513233960844690682487124052633         102.558611523434206716249502604386849         22.4617646649496537715545128135237315      
   64.1365686959601304338002821371372136         106.063488957431323378991249153222349         22.8876302992538317730051247807851324      
   65.8941200049950128707993539581431696         109.358739634649080896178348797917627         23.2985730400474032556742191091381285      
   67.5316272054501719513183474667920412         112.440707543439628358799850240032041         23.6961981847015411864821352749200997      
   69.0505790794602615541799495566604092         115.309418208441994757762297426265192         24.0819397132002841706687976644213129      
   70.4539130918742004378090645030822991         117.967995075565800260988066689023223         24.4570783946243044510993772014593327      
   71.7457096431802887056491470816038172         120.422077056353568826481127185318814         24.8227579761132628183907292470285000      
   72.9309100255539925708972400733376059         122.679265781980693201783493310236776         25.1799996727395941476866557929383434      
   74.0150649290569020065486700535797275         124.748621319159818315378236630748620         25.5297151438922127702045874059194359      
   75.0041167556095042012091145021016571         126.640216973103420921678180029253620         25.8727181166134868688305561726651300      
   75.9042162912761081111267315850180940         128.364757484033920274449519615811553         26.2097347965462098677134593224936464      
   76.7215723823560195945254456004476711         129.933260313746656168242613042193849         26.5414131911084736832848899413860253      
   77.4623320313471330819639473596904732         131.356796589884562615487238905323801         26.8683314561228432365667983566703588      
   78.1324876348562839750508991694674645         132.646286350056045930192215900652868         27.1910053656516007196055222161427599      
   78.7378077930068724571990999232934003         133.812341727229697039241684539913896         27.5098949947537965473511425957280876      
   79.2837881117106111151729183389253010         134.865151390847963501324393341490817         27.8254106959703038902491607605259002      
   79.7756185992571426112333500694420416         135.814399693897893841182428550660048         28.1379184423544356289680000966276014      
   80.2181645522321839010297457593899557         136.669214407076259605698335466456452         28.4477446026590775404231258063577632      
   80.6159581772585093130638116714174773         137.438137520069076763429458792480765         28.7551802077688605366305829740708666      
   80.9731985651634213775240289735313850         138.129114264781547638510057582779168         29.0604847615546522420005387356895722      
   81.2937579966015534574610642686830458         138.749496202662404360965725424564825         29.3638896439696329673645060997214543      
