   9.19247956862451371969535110334929051         10.3657184810307602623711138458375809        -626.649851814289031063131210273219529      
   9.31225566048487960115545116678480381         10.5649154640942690764878587779054992        -558.176770300559719997756730567744155      
   9.48256916407800790668982763248059896         10.8370643513842211451312900980526015        -497.116888903819193144099235694910368      
   9.71432925507140375524968961643290439         11.1955121981456820476078901546596997        -442.664032365889190892768944446142085      
   10.0176617701587973674499083371342876         11.6524745862313837985947719828557526        -394.099795760430212525356957664760424      
   10.4012591329346076210099540630453551         12.2181478213898536390140691009113891        -350.783998288399190744992625676053037      
   10.8720220338639885673011745937689840         12.8998567009764720625029502230372213        -312.146182672216959981720442579127535      
   11.4351307262439707482882732831040796         13.7013289158608133244707575127211063        -277.678051151038004274765647841638862      
   12.0946032193663478560873342836173922         14.6221936375230676949320309606087757        -246.926733127931012999152685053345182      
   12.8542685923144399938927078034434925         15.6577828266499481647448884987134304        -219.488782753868940004952148018580123      
   13.7189376260405185717335119055792524         16.7992724796782956119424795721148006        -195.004811201466751744760187385890847      
   14.6954457066991740016319709626216733         18.0341495326677522670688258266390695        -173.154670496365530841944936515197282      
   15.7932340436131934172919264461919801         19.3469431758734458718165176295204442        -153.653123341254836436828629927506048      
   17.0242556810990774036425376571925559         20.7201286483064680722831951051305833        -136.245953460097456442316098589089784      
   18.4022179293950157846484562580090847         22.1351038428542111491625688659165484        -120.706488477569696922999778860618278      
   19.9414205348996846306596609836915236         23.5731569011523451056922420196681329        -106.832516517127942980206422455112926      
   21.6556122031336920427553880815195689         25.0163862220169910322862800495826031        -94.4435752914056553648161125605739935      
   23.5572910948388343207910363855179208         26.4485973477505117114476748666386051        -83.3785806667844088382460029702808193      
   25.6577199450303590377051769762987910         27.8562668304800388715205740560363738        -73.4937481633738383358410613580742768      
   27.9676979345570529465307808182059937         29.2297000486861365502041213892310951        -64.6607544773464467246825591637457476      
   30.4989469851241014277324866269468099         30.5644822111669439440984270107570307        -56.7650913650297025777702799052280955      
   33.2659069311881152541227359302821996         31.8632104318814232674162166072826945        -49.7045787413111487100090238294969548      
   36.2877799475845337656623878408325941         33.1373181284658809612009413731567844        -43.3880207041708084125157994755641467      
   39.5907317613389993816584484827484916         34.4086223277290074511862102528256823        -37.7340005398494097379614586833081420      
   43.2101557956330507465668549079020238         35.7101271594305951386229525444960610        -32.6698152162291308384662314262413275      
   47.1928300150472148595509062523084916         37.0856797376732992938005432542218368        -28.1305471482007366695725696981571080      
   51.5987465272280467871242155617780157         38.5883209546655322348108271742387736        -24.0582642081505620813031027920322582      
   56.5025138308374585288856216144124735         40.2775482752169864542870139356149790        -20.4013313555713019109781713639382582      
   61.9945997118576055407253601611743913         42.2160939057911041644866162932831956        -17.1138114166922845738314358444883420      
   68.1832705605198608961656349257999092         44.4670993303829016601116202096892746        -14.1549305580067084852455682470726692      
   75.1988492214245279019822764858174402         47.0926727681747446537713294468774458        -11.4885880499121137854917241474850441      
   83.2031071445079513830255487995272743         50.1547584163223556598614558454157857        -9.08290306220292239068397231689067462      
   92.4094061101200574772495105388541919         53.7190670134219565233103425444874511        -6.90981932012162706916250504234520616      
   103.126710750308501392899352305169444         57.8625515584184135144254643815472731        -4.94484014657328828604599826257322176      
   115.858496636310001172772488145134508         62.6846126513757833094369647823820299        -3.16704108040217418538438954095178746      
   131.522850203259798274006416273880927         68.3220426791358343743720602890641446        -1.55955923958454444704044367017269158      
   151.916354676194687704884096329476247         74.9680806478947337620893902013033706       -0.110639456189448769098058798129961308      
   180.615568086276020266248356607652052         82.8979200915326290026473385659655221         1.18525746807001119909644551758356036      
   224.575235247349937586845772834672998         92.5093636512925365494557668742859324         2.32799693066285618956167205506183541      
   296.704087594225177205159944894554388         104.404198866185347859087406151900875         3.31658045288651276524275392454550227      
   419.622859402334015825893213299128166         119.573355031373009432293410613556244         4.15842554143039960541696473693601507      
   630.576103623421197193640221790152349         139.816606372587918723437058363748542         4.87716445133938399717009751379091879      
   987.054618035501127211783413871909279         168.623299833244205666437996937933214         5.51187917401939182189891351503923421      
   1572.15457849888860014020305943580314         212.837566536095968752743068991009829         6.10865382277745541934388132764713502      
   2498.23488519441747622242161094479460         285.475474784013380285089555938466764         6.70963794648926249714549983285234553      
   3907.27793055046511591506270269709511         409.981748079986895553498639300305595         7.34234256557846722125022791914649857      
   5966.68753198147689327520258419113477         625.942840616743886588940217001500842         8.01336079217582495404147179850069561      
   8860.06748644880183714212445918795768         995.780374627138477453120013451572149         8.71179442937997852902473705282823089      
   12773.6089095380860235766265547261409         1611.29217162865830585659651143745893         9.41960087339248381918751901149035331      
   17879.7492831017851539503946829707444         2598.28266987487259488297848783416203         10.1203769304447553929562668768515951      
   24320.4424712609225805080944067919033         4117.23932372454165933763156059986319         10.8027925421493490396666607378473196      
   32192.5181204401035864920917330768872         6358.35113252321935703978167089532848         11.4603865408754738990539262333356158      
   41537.2079059099379572177539278026623         9530.19992286071507069834761396739950         12.0902057601780374745578116426091804      
   52335.1231936593915798272260843020803         13842.9381809014164182734989908887447         12.6915186399931725319856910156432615      
   64507.0130507273074447792128124742146         19488.2162298576198969812979925799261         13.2649044573419982383393609022105849      
   77919.7429450919154452254502191517934         26619.0384191258334385512852974455521         13.8116742111849046913472043146587913      
   92396.2813778008226053731742859704581         35332.8242088074286080112186297689244         14.3335172946865226605439706410111642      
   107728.142438694119438494299037695481         45660.2481110676548999417269001664207         14.8322886906107325152219688648894255      
   123688.699056853264354163362506783159         57561.2128563860287062316418455686403         15.3098812782500724882451310657423340      
   140045.986259339547605560494582443903         70927.9624757522485820983891768237610         15.7681497754125574051796785642837655      
   156573.960561539369038292083978983936         85594.2108331457436461612432136738602         16.2088664519428528950577903844319311      
   173061.577000619691280180461996746960         101348.451312084635260828648492805907         16.6336967219778569349506320032925356      
   189319.416034802758369575504695140519         117949.371030941454890700602914936825         17.0441873355495226211344764854275631      
   205183.893096030585173848633556185032         135141.442678593382709360400437781763         17.4417625955982817068794600245530840      
   220519.294969476778118088436043150405         152669.171266983947403748325184194352         17.8277256552272471021019692000610911      
   235218.010531122891615286374587701112         170288.986638288982357934749567822058         18.2032629618788902559245194038765071      
   249199.372294785939920418333141136745         187778.278118020434303587541134370809         18.5694505633284362288104143566300927      
   262407.518777959102610576393244751594         204941.490272496093189319503888841617         18.9272614167410387225630083133754232      
   274808.645365507569408694055658735389         221613.504420508944236407474825827178         19.2775731282321019552667635405985021      
   286387.949963310638086821743236501099         237660.716885205382534822564952954355         19.6211757452087854258709761218200544      
   297146.512148761686334493380831353557         252980.308789073277586959850838909082         19.9587793575330985382380017052176795      
   307098.279480826064070550077864479574         267498.208952837846605706847699266811         20.2910213556838409166168271157587236      
   316267.277280950403731942971097341255         281166.207587143683947870874406779916         20.6184732574759944062175366527915288      
   324685.110918599429929124953464924195         293958.606889163092605539334605828587         20.9416470582373640399112306819814984      
   332388.792886298373132932457067919226         305868.712887067262117261645463712681         21.2610010886473479903140509968751001      
   339418.899989993605001811703229526055         316905.392822210181003370467205207226         21.5769453838984350710741188372877679      
   345818.047445568070415546390754955472         327089.851082012196098339834132474153         21.8898465803909722621729433110272527      
   351629.654966456227857174582458950791         336452.717538816488390788857694562411         22.2000323638963769856306584388839746      
   356896.973479073684725492720353755258         345031.495886977053371429293724054019         22.5077954974981441924802318269771324      
   361662.338505866989393618354131793645         352868.385393869508198114976218119637         22.8133974596905391250657825986203784      
   365966.616332127726190132369940011927         360008.465749281746242671550333826149         23.1170717235245633686086919895841211      
   369848.810885245830001865519065446968         366498.219459165196378988523838569749         23.4190267071657573203325438443681378      
   373345.802091255676166703008698993923         372384.357548394539470133737604199614         23.7194484250400523973701266091281514      
   376492.189814438020424698606038473434         377712.910476753600387428621601078714         24.0185028671529925656107287343599825      
   379320.220970458798137302013184356979         382528.545677086780051791091242545871         24.3163381323558907565463269685716382      
   381859.780794446490395159034322867882         386874.074835798670786760133673015939         24.6130863394250279454477666178763553      
   384138.432397484362879951047926625379         390790.117071807594722625896615384838         24.9088653379016619090261429712687183      
   386181.491580072045132323845616261452         394314.887887321091597062771184078824         25.2037802387675034087476636659903780      
   388012.126357502404942816869067726043         397484.087713477844859449369353535705         25.4979247832382066732565512351123124      
   389651.472788900691388398319949222110         400330.867758700090679733677995444025         25.7913825662677377565221379783416168      
   391118.760507148626133394597928508896         402885.854504022603033036626600117018         26.0842281297806398236776866732319836      
   392431.442850170026999649480454468601         405177.217476508122103952953397017758         26.3765279391917040282252906953001045      
   393605.327729261020938536191950272788         407230.767825188170914718008076977446         26.6683412554331817861273609446584825      
   394654.706372719376257816943392074000         409070.077717938319432212628917602832         26.9597209134851400959166749693678320      
   395592.477887199271848148092247508681         410716.612690356030166762996781322898         27.2507140172895966889542153597818872      
   396430.268216641747816177113754084234         412189.870840814543155785527105096019         27.5413625599172368359726979057383334      
   397178.542577664922804012574555799919         413507.524217826947901141825741997779         27.8317039769397606923334606923713203      
   397846.710835757826051325595288325364         414685.558927029172635877642267142095         28.1217716401339715974781555445759833      
   398443.225579827761505155047915999106         415738.411434808554551819361493397218         28.4115952978983690771782514678973692      
   398975.672871648867905097169793745750         416679.099300414277592277864407043337         28.7012014680922527766566772991668538      
   399450.855806632352330765911502287453         417519.345161148911804542571511982384         28.9906137884045037975545798985886476      
