   2.00000000000000000000000000000000000         1.00000000000000000000000000000000000        -11355.1371119330240588730966137278490      
   2.00000000000000000000000000000000000         1.00000000000000000000000000000000000        -11355.1371119330240588730966137278490      
   2.00000000000000000000000000000000000         1.00000000000000000000000000000000000        -11355.1371119330240588730966137278490      
   2.00000000000000000000000000000000000         1.00000000000000000000000000000000000        -11355.1371119330240588730966137278490      
   2.00000000000000000000000000000000000         1.00000000000000000000000000000000000        -11355.1371119330240588730966137278490      
   2.00000000000000000000000000000000000         1.00000000000000000000000000000000000        -11355.1371119330240588730966137278490      
   2.00000000000000000000000000000000000         1.00000000000000000000000000000000000        -11355.1371119330240588730966137278490      
   2.00000000000000000000000000000000000         1.00000000000000000000000000000000000        -11355.1371119330240588730966137278490      
   2.00000000000000000000000000000000000         1.00000000000000000000000000000000000        -11355.1371119330240588730966137278490      
   2.00000000000000000000000000000000000         1.00000000000000000000000000000000000        -11355.1371119330240588730966137278490      
   2.00000000000000000000000000000000000         1.00000000000000000000000000000000000        -11355.1371119330240588730966137278490      
   2.00000000000000000000000000000000000         1.00000000000000000000000000000000000        -11355.1371119330240588730966137278490      
   2.00000000000000000000000000000000000         1.00000000000000000000000000000000000        -11355.1371119330240588730966137278490      
   2.00000000000000000000000000000000000         1.00000000000000000000000000000000000        -11355.1371119330240588730966137278490      
   2.00000000000000000000000000000000000         1.00000000000000000000000000000000000        -11355.1371119330240588730966137278490      
   2.00000000000000000000000000000000000         1.00000000000000000000000000000000000        -11355.1371119330240588730966137278490      
   2.00000000000000000000000000000000000         1.00000000000000000000000000000000000        -10929.3103921057587719513007329168189      
   2.00000000000000000000000000000000000         1.00000000000000000000000000000000000        -9740.02636498894418279976350415369755      
   2.00000000000000000000000000000000000         1.00000000000000000000000000000000000        -8680.04455961751303157784099630700306      
   2.00000000000000000000000000000000000         1.00000000000000000000000000000000000        -7735.30348067943246075180306769764412      
   2.00000000000000000000000000000000000         1.00000000000000000000000000000000000        -6893.27080728628992121545137506820646      
   2.00000000000000000000000000000000000         1.00000000000000000000000000000000000        -6142.77709668929459334815243319320551      
   2.00000000000000000000000000000000000         1.00000000000000000000000000000000000        -5473.86757256015549775750990908403559      
   2.00000000000000000000000000000000000         1.00000000000000000000000000000000000        -4877.67003115737169628751996245539984      
   2.00000000000000000000000000000000000         1.00000000000000000000000000000000000        -4346.27711257301675068750518368743402      
   2.00000000000000000000000000000000000         1.00000000000000000000000000000000000        -3872.64137487099005519013466617143616      
   2.00000000000000000000000000000000000         1.00000000000000000000000000000000000        -3450.48177881429884498634899183175138      
   2.00000000000000000000000000000000154         1.00000000000000000000000000000000000        -3074.20034229051845321945269668918423      
   2.00000000000000000000000000000674807         1.00000000000000000000000000000000000        -2738.80785849029446901478417700266759      
   2.00000000000000000000000001081969840         1.00000000000000000000000000000000000        -2439.85769216424650239710111385818413      
   2.00000000000000000000000777511381570         1.00000000000000000000000000000000000        -2173.38677547482569929422644377560175      
   2.00000000000000000000273248695028419         1.00000000000000000000000000000000000        -1935.86302049392896928533549846196975      
   2.00000000000000000050763631747596240         1.00000000000000000000000000000000000        -1724.13845054206355550063287590588096      
   2.00000000000000005343230172414237699         1.00000000000000000000000000000000000        -1535.40742845040838523216491224073123      
   2.00000000000000338968959273365724569         1.00000000000000000000000000000000000        -1367.16942746018877323712222564558131      
   2.00000000000013695263015576531559297         1.00000000000000000000000000000000000        -1217.19585075181830931758021004785940      
   2.00000000000370185679403184993141362         1.00000000000000000000000000000000000        -1083.50045931912031773797823974405384      
   2.00000000006995686326233940194238733         1.00000000000000000000000000000000000        -964.313015784510156186606036572723968      
   2.00000000096147037939164130758260315         1.00000000000000000000000000000000000        -858.055794424850967682911471286291977      
   2.00000000995674482161147567092775163         1.00000000000000000000000000000000000        -763.322645712578717669689028840438828      
   2.00000008020457753381510312749560141         1.00000000000000000000000000000000000        -678.860337585426549140998984481528405      
   2.00000051713053644241168818973185121         1.00000000000000000000000000000000000        -603.551925921228133045218916521133971      
   2.00000273805714079633291485946748957         1.00000000000000000000000000000000000        -536.401933795814791832898467927678566      
   2.00001217943550848033834731049106050         1.00000000000000000000000000000000000        -476.523143553246160251323031615659859      
   2.00004644017588881643612184546328614         1.00000000000000000000000000000000000        -423.124828001967985906868670923353893      
   2.00015448398106076958026193108063813         1.00000000000000000000000000000000000        -375.502267427992645320682117777354559      
   2.00045521673098943676504733672353683         1.00000000000000000000000000000000000        -333.027417342820813204749552833274753      
   2.00120394222656942568442601674318175         1.00000000000000000000000000000000000        -295.140607075015656623093995650892243      
   2.00289042078456140874008592130505495         1.00000000000000000000000000000000000        -261.343160249110898641139563630274181      
   2.00636116890311542124082440616784113         1.00000000000000000000000000000000000        -231.190834163555815268205682772430622      
   2.01294330594787526659783653977233036         1.00000000000000000000000000000000000        -204.287976936300314652182265936198235      
   2.02453369687399892599803912820763651         1.00000000000000000000000000000000000        -180.282302033841016769510427088804721      
   2.04361303240236275744638382960883410         1.00000000000000000000000000000000000        -158.860184150432575384065641837405394      
   2.07315479151111796028701115496527262         1.00000000000000000000000000000000000        -139.742393283628300555550690129746962      
   2.11642244756263799080687695815296808         1.00000000000000000000000000000000000        -122.680207999164123137789661873485151      
   2.17667719841213886947719413037949465         1.00000000000000000000000000000000000        -107.451881859972403610945725560110752      
   2.25684261870795503023054032529768715         1.00000000000000000000000000000000000        -93.8594691657598253453275028274853474      
   2.35918385752952196034700356889425845         1.00000000000000000000000000000000000        -81.7260329603779455907283032672670795      
   2.48505471904719582732241249288090573         1.00000000000000000000000000000000000        -70.8932489443028678226040948741209915      
   2.63474922545008679978045680221604101         1.00000000000000000000000000000000000        -61.2193865774777239984388272802974721      
   2.80747154018816031466536037403100526         1.00000000000000000000000000000000000        -52.5776112019445681447082245538360924      
   3.00141626984297929207371669957052699         1.00000000000000000000000000000000000        -44.8545291874195497377553804160007088      
   3.21393508284711331972545539669591063         1.00000000000000000000000000000000000        -37.9489008425221460026215269972317550      
   3.44175736883149292649900296781303425         1.00000000000000000000000000000000000        -31.7704666583395489767091679967253066      
   3.68123188533758308089028080557289350         1.00000000000000000000000000000000000        -26.2388578108808665004867807961381615      
   3.92856102252866763329581862571188769         1.00000000000000000000000000000000000        -21.2825812877909022447251216850347955      
   4.18000698945685367289533805201479123         1.00000000000000000000000000000000000        -16.8380801338172888646386008461067766      
   4.43205775090137458990792646821057493         1.00000000000000000000000000000000000        -12.8488719244654633704494244139794909      
   4.68154872257009349901252300918835635         1.00000000000000000000000000000000000        -9.26476718021958476654027462960463379      
   4.92574429993909319525618549768159211         1.00000000000000000000000000000000000        -6.04116702298531494253780191607912920      
   5.16239310922077727654011023570833675         1.00000000000000000000000000000157849        -3.13843781357348332597115844151024611      
   5.38978489849126936507599510263923846         1.00000000000000000000000000370678883       -0.521360582278438130553475795084071048      
   5.60685540642888554403278571186241340         1.00000000000000000000000374503575909         1.84134547034375558850373898736895654      
   5.81340278142902413627592495195874814         1.00000000000000000000178408170058077         3.97742454919373662825078919756123663      
   6.01048324566599707267631798298196403         1.00000000000000000043492820503889849         5.91141038819461828794202442907373505      
   6.20103064352059238680555782554675904         1.00000000000000005837495674484879468         7.66488070172196442234130178543597972      
   6.39068546352382688035174128690102651         1.00000000000000460551544158638859015         9.25665349844550830667667742595066591      
   6.58872784077787483685527315460862649         1.00000000000022651471313325425316614         10.7029540869824354502139343159569316      
   6.80890794799003691186156595093252480         1.00000000000732240897932534230538847         12.0175997445974373334325410295787902      
   7.06989505789708492731494602475026080         1.00000000016318082280035757870360436         13.2122622479188884330308679182825998      
   7.39506670930461993338737651679024085         1.00000000261710190543619848306421846         14.2968627567677247750535253583102612      
   7.81145663421287854453522733551628488         1.00000003139607509876951490336245467         15.2801134712964105785043813789700753      
   8.34786087029736416296460279500453023         1.00000029156855687091016356988436155         16.1701447015643615812639694931287535      
   9.03231336414489100756515322807117014         1.00000216014010973720919173902024899         16.9750762267441019852276620245650767      
   9.88931702389649278586091379573555224         1.00001310274127023653504932473005168         17.7033688364479325049356515142339084      
   10.9373022855472908987626029329624414         1.00006652046117332502986963916820572         18.3638692144706308640561750090497233      
   12.1867692238831306417353784219285651         1.00028797027606934340158102247974025         18.9656138359481959111418279696791434      
   13.6394695415438196780834532040575468         1.00107994866052555736825362904314879         19.5176051347404980791227703675347464      
   15.2888268010945425022134905120379495         1.00355663408143958667819663723635616         20.0288493648712382107300478639752568      
   17.1215903701873147155303686727889538         1.01041045018074324501714716802057822         20.5089231804137329454943513071482256      
   19.1204808257087947263646259953174673         1.02737704436016892652486930230973853         20.9691619781029387617549489019080918      
   21.2673469158328007866474433880234355         1.06532553878878192978711853134616519         21.4240796411640723228055176344094244      
   23.5461885157110807114210375969986701         1.14273254079518146804120407108441481         21.8916903887137754962715552939539958      
   25.9453869077971653328311547098941016         1.28799109958496779420740459787515372         22.3905882173884815947721896245823320      
   28.4586594852186460515994546225889990         1.54081468007164170193219455190900737         22.9331304395343663898157110357321037      
   31.0845784230764026741475471757067775         1.95204971920997059458905269278397194         23.5189486630009317907769071551157469      
   33.8248548836314586021118281033169049         2.58152310280355625075367652122464005         24.1351949257402706043651000275361486      
   36.6818717123388610490022813260287536         3.49401189124929501855318304238258884         24.7635019327396466560072289799938343      
   39.6560694166942630886807707257428203         4.75386289751943170542156369707896744         25.3872400447177320143389766478331922      
   42.7437408892857230193230539066646468         6.41907220049754249170225180719514335         25.9948458064673149727842742714856850      
   45.9356162057969910284919775862037866         8.53570492796097332957644805362116561         26.5798097877149951583295953879536173      
