   1.00000000000000000000000000000000000         4.00000000000000141061151722281899304        -4700.21126015159974172035749408092600      
   1.00000000000000000000000000000000000         4.00000000000006268045865227248232343        -4188.61059052729724371767645543838257      
   1.00000000000000000000000000000000000         4.00000000000184360716043667027678289        -3732.61471327869350991677829749433509      
   1.00000000000000000000000000000000000         4.00000000003754072628399448780329708        -3326.17665939965534465372120549934938      
   1.00000000000000000000000000000000000         4.00000000055081080899179934089799065        -2963.90706209049711407109510292790089      
   1.00000000000000000000000000000000000         4.00000000603457210264997967658458185        -2641.00264313402775798725986842379705      
   1.00000000000000000000000000000000000         4.00000005096009098362483815839516388        -2353.18247630544162218286256723993342      
   1.00000000000000000000000000000000000         4.00000034123125157726480738988188220        -2096.63118204700398314272830170326418      
   1.00000000000000000000000000000000000         4.00000185806287040179831752648752709        -1867.94829954912185094586277236833085      
   1.00000000000000000000000000000000000         4.00000841456053502063644632122623112        -1664.10316419051101021509734440895316      
   1.00000000000000000000000000000000000         4.00003233450663065623953295780542995        -1482.39469105297069930622364876762212      
   1.00000000000000000000000000000000000         4.00010733035167735838499909311748567        -1320.41552998720361323747051348410165      
   1.00000000000000000000000000000000000         4.00031269035151623753910992192193788        -1176.02011560556330270683478322057438      
   1.00000000000000000000000000000000000         4.00081096894259510482240523066056472        -1047.29618778189140895755800285679909      
   1.00000000000000000000000000000000000         4.00189619869415758138315906089263696        -932.539405644254517353604582605229289      
   1.00000000000000000000000000000000000         4.00404248252434645527518237292871130        -830.230720959046666839038111270796140      
   1.00000000000000000000000000000000000         4.00793705973818436135168857501444539        -739.016214934095968841076024771044562      
   1.00000000000000000000000000000000000         4.01448126234693455928990147391917911        -657.689135356711170392522131810375917      
   1.00000000000000000000000000000000000         4.02474877613681127283198266778212271        -585.173898594991446398021890819423327      
   1.00000000000000000000000000000000000         4.03990156980600634157520357070107379        -520.511844041641474384424386676784539      
   1.00000000000000000000000000000000000         4.06107559950927626280732637119549093        -462.848548400185429241182148482870267      
   1.00000000000000000000000000000000000         4.08925657393456981160944304570540318        -411.422525292538839768078773081373569      
   1.00000000000000000000000000000000000         4.12516815039325254021925346562725376        -365.555153148798123372193734460492321      
   1.00000000000000000000000000000000000         4.16919100226985902300474598461823716        -324.641691707883274155714389361325551      
   1.00000000000000000000000000000000000         4.22132335323284415630899830781248808        -288.143264497054002772697982446880668      
   1.00000000000000000000000000000000039         4.28118467299192153849430213374583258        -255.579700684235619610666841103511270      
   1.00000000000000000000000000000179131         4.34805671389436654198458323897108587        -226.523143930739241396276573567650951      
   1.00000000000000000000000000407484078         4.42095132029636831794763456172482280        -200.592347798271222716476170978478987      
   1.00000000000000000000000405067016159         4.49869272944939042720775422594189395        -177.447586817204168755289395283001016      
   1.00000000000000000000192581747645793         4.58000286658566942041372767714369165        -156.786119848280366727764123864204955      
   1.00000000000000000047447019729083414         4.66358050706664881181210633523150490        -138.338148431313688281873218318936139      
   1.00000000000000006505255902475519267         4.74816821076915105320684875139333059        -121.863217975072621886094467175805110      
   1.00000000000000528805819177191150571         4.83260390641793596341833601527474938        -107.147014318051603974433960131183383      
   1.00000000000026962463466978670122219         4.91585647154976377131006511611952840        -93.9985126063025508667253579494351705      
   1.00000000000906539082525483017169274         4.99704642907714646253334268090606973        -82.2474396625343876177947997555513073      
   1.00000000021013006261302122399151454         5.07545397050495239840527284310414948        -71.7420150390135631632243955889874319      
   1.00000000349324602495760563700228824         5.15051706415516344864808250359981832        -62.3469396984989450122678137434815005      
   1.00000004313979978187620661547128737         5.22182267648905579540568926238867079        -53.9416047031120551834725998434516706      
   1.00000040835163469802117478198527003         5.28909448254647015355024574406464970        -46.4184954613752568208346363946622226      
   1.00000304669972237368120991394625225         5.35218117072278710815677327805393345        -39.6817704875041570267744447995103574      
   1.00001836989210857328331780516663830         5.41105044118293436201112373916119064        -33.6459991097969386840462790702861777      
   1.00009153205063827675341215303778620         5.46579419597207640592367170710949227        -28.2350544718950158865138936477112247      
   1.00038453758769475962680218425315639         5.51664902033793016182589086442399861        -23.3811825506687258574438331864416417      
   1.00138686516639709956982034717959654         5.56403285028779644655828756166038963        -19.0243059836036858009676212646240482      
   1.00436435312357556740459409253804547         5.60859659118948792034542809622369688        -15.1116567097332548242365407855807185      
   1.01216145025101732346651650485594149         5.65129368283458890273212004540512554        -11.5978168888107320567613847235727221      
   1.03041208025978704761576527764405997         5.69348479738773662547315960916622101        -8.44510300783781341516678732094146846      
   1.06909502016307959131194951639323111         5.73711564070818019100397488434732181        -5.62386479630124611640072657276961523      
   1.14427455460208968538610009624368340         5.78502191389026722338940634866327218        -3.11173384797037277628824483553145881      
   1.27997217809837699751409387108712483         5.84141362251442021258817216479755840       -0.890704410400938845404761926537798029      
   1.51067367419939913277500359107876268         5.91256395800830752258671139902387988         1.05771456006178948566096346777849365      
   1.88623809681758011180556442836363901         6.00767762969455505797357908048375141         2.75638084609992988200457058110480371      
   2.48292647286277730109392098673277836         6.13984674943001848974881358535736486         4.23218743480162421123045489641292401      
   3.42616682985405578250978153556494282         6.32692837237093470437202811194117928         5.51238125938195320615558762012980422      
   4.93078955144030651308138722886315919         6.59211134194579734077837508311246241         6.62189305392692398712790397731370547      
   7.36074559720294058396774513422570045         6.96390661484055688935266445600828774         7.58412426956855807535281502189109134      
   11.3020866763991723976582552776822589         7.47532662006074008922024006077141762         8.42324557566800386107075532327560228      
   17.6325367829759883856697636750450636         8.16213574503159500104532961410562136         9.16458451089547921551118079309951614      
   27.5632992579858533380653748402391908         9.06024366919609795785365757685675618         9.83230711216883915749988665763395097      
   42.6288856627383732972719597601353564         10.2025260227150158506032777611766836         10.4465273688979864872191370228824846      
   64.6106021681568778060177982875538079         11.6155229891957551618008073823282477         11.0219135816662927224765724762815507      
   95.3960818387323862640688901466975887         13.3165282822309818074071162724034907         11.5680541750208286544153619929046323      
   136.794762841237824590083782475845976         15.3115185307464537546968876959548422         12.0907405499954429888387999271593387      
   190.341152426263713100751298335575847         17.5942101794028257255501034072919730         12.5933421278443966053805199738641105      
   257.120447747667001784930681619060988         20.1463203839397155549989314818816478         13.0778721761056009637366144129349159      
   337.644766618326093751611537281709145         22.9389084763878855125174658232358965         13.5456750638547980568469609906905355      
   431.796017866509092493775508732105243         25.9345292173432890847235769797512417         13.9978123311036339574125954676980558      
   538.837613955613968071629139698519413         29.0898579044249891249348961077442724         14.4352523145113990443111496680535736      
   657.485517228415357187613051331824873         32.3584472168673811288086464672146809         14.8589475446312327932697602648434436      
   786.021668677901352583296556410481474         35.6933281556704559261044421038174327         15.2698550468079535411747516854729269      
   922.430132580812737564671107078068339         39.0492487087339210937758782889708335         15.6689314037514441732053569634211917      
   1064.53750988071647630095814145648906         42.3844319562005451691355929639042880         16.0571192618439041004858547456629746      
   1210.14292916827022822995568422974921         45.6618143048718615175731224585827960         16.4353331557296311613308374483199283      
   1357.12776911672135127810469501939397         48.8497855783030489556342485703648082         16.8044478300770593810561215123529578      
   1503.54004991501217717030927813424484         51.9224930921026137109628757429915043         17.1652899257093654812971423760340958      
   1647.65243020295494170265058974413202         54.8597931530437113488588509014356357         17.5186328692039879690540865620867704      
   1787.99564020523427815150128918384758         57.6469394664819167774129607934481496         17.8651944254602187093680963488184134      
   1923.37095270524280734729686149999676         60.2740932821884470642791631342239101         18.2056362981152629353369323393024187      
   2052.84610421200493696044766738384124         62.7357290306850033253465579840362892         18.5405652167293737305179316940528767      
   2175.73917063658133103559179433403290         65.0299951655430805097185519318089086         18.8705350465706885095776872259980577      
   2291.59452291048840874531751660029030         67.1580754243220825266058799357371883         19.1960495577426914077075692794558278      
   2400.15435150344975179839450231643771         69.1235823347479145987739374613874886         19.5175655797708036482584281493244831      
   2501.32851653348974848134838518982110         70.9320033686005736274690822331781991         19.8354963410858783291245078155704125      
   2595.16476150619717419218243277708016         72.5902109929357236409182631224896480         20.1502148504240830437832326167145769      
   2681.82068821332706799748073923719505         74.1060409462912108287314745865365894         20.4620572211317158007225625404628130      
   2761.53835840180192016539734844167898         75.4879381360663936995093481420083476         20.7713258722719043209940670737068190      
   2834.62197154280861671869465169068948         76.7446662809439779252890722008118950         21.0782925646686223858745824967974590      
   2901.41876010402678946888540858502965         77.8850754587057362474977365611737916         21.3832012476178906288348617403146996      
   2962.30302938936380206464596064641444         78.9179207384442539951693654726004482         21.6862707045760832670294401419179698      
   3017.66313072875044605579554419888438         79.8517247955422910984187998312727097         21.9876969949727834584991261486807230      
   3067.89107723105983648671129360747981         80.6946775989712324414698367749352997         22.2876556953646734005265225760731920      
   3113.37447492432467234217384598260782         81.4545667459139969937881770973555902         22.5863039471843872165099604651354695      
   3154.49043589437420522332494075329343         82.1387326665789138375517560083420892         22.8837823208968982253030266966595628      
   3191.60115365589719945226564455286989         82.7540436385662280431933095192788031         23.1802165078680765514421320286469664      
   3225.05084658399377535384469238422507         83.3068862717748446317193815069396823         23.4757188519814785806790354067514566      
   3255.16380706279445716046212170073389         83.8031678111824997955602723334623776         23.7703897332363398857365481193657213      
   3282.24332806577982419519570186205560         84.2483272324536242997448184159857673         24.0643188153885755956806598106596226      
   3306.57131251414101760916095410046978         84.6473526627845262063968146777236633         24.3575861692792818040732941798677583      
   3328.40840232049455486485653508373641         85.0048031433841058185431572075782596         24.6502632829206010833912584173179143      
   3347.99449260239166151595493279180020         85.3248331624468691896319527367884869         24.9424139687410920447747599612466275      
   3365.54952173909717028433977663396150         85.6112187334676563574604323074568525         25.2340951776779175406365424759407851      
