   1.00000000000000000124681011171789641         2.00000000000000000000000000000000000        -11355.1371119330240588730966137278490      
   1.00000000000000012438033544777819118         2.00000000000000000000000000000000270        -11355.1371119330240588730966137278490      
   1.00000000000000752175254051872547738         2.00000000000000000000000000001027984        -10522.6398546914745780045499961092193      
   1.00000000000029116729016263814002594         2.00000000000000000000000001697784553        -9377.86831574114501992488393411350691      
   1.00000000000757341589915516541054435         2.00000000000000000000001252656891162        -8357.55830720676792857734122301989245      
   1.00000000013821172240068647610384001         2.00000000000000000000450707579391746        -7448.17475441728729525880161125115971      
   1.00000000183923771291767316275350720         2.00000000000000000085504341602536916        -6637.65450937575748296051924028984611      
   1.00000001847084628474032326990443102         2.00000000000000009169400940006410635        -5915.24628012512500583643184731180316      
   1.00000014433964153372466751511651437         2.00000000000000591418352438849215407        -5271.36796770491545698574618984448359      
   1.00000090195050782309385002290106773         2.00000000000024247186298186091596191        -4697.47951786576919124873956491723832      
   1.00000461783471999339019699572488857         2.00000000000663805814039294710559711        -4185.96960110706764963898876882047317      
   1.00001979548693718794357401974823987         2.00000000012679644002887393383425845        -3730.05461930070309771642756491479604      
   1.00007243701843861918073776781273826         2.00000000175735030933099398214185587        -3323.68870267187048022439306068925013      
   1.00023020468475536153310177925472260         2.00000001829975364498943912155011882        -2961.48350857635401111974908904327028      
   1.00064524922844836508692531172200031         2.00000014769660867086498424319941705        -2638.63676326203770970124733582413768      
   1.00161738202193445321317228805573837         2.00000094987953325726920954484013389        -2350.86859907503433850727769240258798      
   1.00367104427085367618818591898690572         2.00000498959030292427802089078543368        -2094.36483343158474398333483439681657      
   1.00763083959628290786639563482628339         2.00002188360241629352722763756399599        -1865.72641657172478602347830535282844      
   1.01467698654762209954731640185594000         2.00008172406909272769689564477124870        -1661.92434926998610427857691426801028      
   1.02636743659043778456015264757966284         2.00026445485607688356102306098086440        -1480.25944525427931766041662316165315      
   1.04462508110885643889834655259014353         2.00075316636757353084234862990497568        -1318.32638828344054287471288695382180      
   1.07169866406983192725345771738746819         2.00191425398759287971186588265951347        -1173.98160854682203156511259823183181      
   1.11010740614740979769191089764952925         2.00439595276916440590710762604208401        -1045.31457338271759270318577253155021      
   1.16257123962532016971473860691328041         2.00922236379996802837811484841891311        -930.622151011182192586780160997674583      
   1.23191807444080701186743602317848681         2.01784995827983021991996467701156758        -828.385762757721680310381928508065724      
   1.32095659844327608920018452403570288         2.03215462717026562044386682674053798        -737.251086405443679316802619618772484      
   1.43231321712766454941238398635038357         2.05433163931304051307478931961680400        -656.010101744067030669849413621023634      
   1.56825150672310201254039897874363212         2.08671377405685665165891464219674613        -583.585268618562251812211463263225852      
   1.73051112539247140145838463071406964         2.13153564898394030605946170754426165        -519.015599835006663875617937414533416      
   1.92020825722078071811012045910856693         2.19068657888483968863710427383463930        -461.444358467633718152345727486889071      
   2.13782532481952064893633790553201736         2.26549607034058963726061676562496626        -410.108102309226513176823026868515093      
   2.38328858387039433590963303568708218         2.35658633662790047830186067137967282        -364.326833616951517604685685532916508      
   2.65610175641444739934949185862153235         2.46380969927094808458803520115132354        -323.495079412310747737472722281924840      
   2.95548659631424075724078424766450807         2.58627114127294524117176929944143362        -287.073798855282946051072231626994043      
   3.28048443510844110026297158137402330         2.72242214242000981147073285021593119        -254.583064967022943399507552432978345      
   3.62999287729003632300249302404442457         2.87020360863810409846364124253405603        -225.595489249571337783491363248516589      
   4.00273819372084107154813491917910234         3.02721347941093082781044419025397724        -199.730355647211903064251097549722281      
   4.39720568544851909825149515065899848         3.19087755079902617687752385477452678        -176.648417399710606407025878045250983      
   4.81156185215609213651991612192959942         3.35860924633444021135118188251208518        -156.047297466382159830670519351756607      
   5.24360466722820019272922869409073539         3.52795524699792763228174965151312076        -137.657425784158090753382033687261163      
   5.69077647801625526616988417979755010         3.69673885029898633007984368078466748        -121.238445410388661339427436142856456      
   6.15027251554086720652042937365030386         3.86322926821577699045353089995156861        -106.576023238872998863302885500292452      
   6.61927775694634519348692169260093674         4.02637606421403595692254815244943604        -93.4790081758253809327416309713580315      
   7.09536229820644116955100473332424498         4.18614378298575467560933681128857366        -81.7768897501890161881536437085528384      
   7.57705338750484687346611450292964874         4.34395588671116363427341572779756077        -71.3175223197075248175545912482699758      
   8.06457503940455112648780269670490614         4.50321364220708613138859208939759757        -61.9650926588473268140292662826322680      
   8.56070585361473908206338065383648702         4.66981284426773362446596601892234878        -53.5983192211154939288925014181876814      
   9.07166458294000178152402625084725977         4.85256602429267384413767332976670029        -46.1088765029109049360136029850249715      
   9.60790554795184690428242380000457794         5.06347340484351203665135054546209171        -39.4000339035981835747334513557658574      
   10.1846960860368412347972045796091662         5.31787792486249116560686188705418234        -33.3854828020481359246613534686546615      
   10.8223468006330233953844723351745748         5.63466417926847078512342758286255805        -27.9883024140501327719935998741109119      
   11.5459645695179405902474297107584502         6.03676240641328185576329098193311998        -23.1400000897479469519061267473923923      
   12.3846082556615466121489754223013766         6.55222728041629046423568541710862997        -18.7795767438626870699410215368004490      
   13.3697751724246489642056447795227092         7.21603163470664152573835312628286509        -14.8526203314886715366817724980395431      
   14.5332554515613996413223431120030929         8.07246033038751347480239523527639296        -11.3104936100386454502759822443148198      
   15.9045563187143185523158261731826828         9.17768389867329027146035481367405715        -8.10970691813516414519342701922928107      
   17.5082793151891335113434348991165782         10.6018400317920041788258251450237840        -5.21151943806892053330350909397142667      
   19.3619687010042821011674636241356467         12.4298478829816948182617329812731658        -2.58171487259387458137776003510866392      
   21.4749723130955648184155404376252415         14.7602818729920565732272346064788187       -0.190418073318616713556743871594238562      
   23.8487160003266553049216004722757197         17.7019390904332556887833850103847612         1.98818158320284258396683665430179860      
   26.4784803577721294566333630808807120         21.3681802835044897496479221576115342         3.97625770206374918553311247433593760      
   29.3563457028209216080885953308619337         25.8695823491320990987265656125208515         5.79288902119429534182213137879951927      
   32.4745745401798931994990455364197465         31.3057702837479999620092146647332675         7.45462985994178524341091340003231670      
   35.8284942124226865245328134741104200         37.7574116836477636057560906293214177         8.97603002690191456485859907680004495      
   39.4180341873757942448242838031219633         45.2792621646248535680026305777947986         10.3700627677927881176571880417960029      
   43.2474486024650317312826104400192578         53.8949250939200099234894684596300343         11.6484540069255467552193245498737050      
   47.3232793052679226309076954992648592         63.5937300377620982245634703081270007         12.8219240297100713770533374347892803      
   51.6510968858642275466868681335036893         74.3299023755202459060526459556655034         13.9003569217219686659093777022775413      
   56.2318410456514268543376542875989954         86.0240040163117052677550599985264566         14.8929118653183229337191459085940508      
   61.0586053991441333590368937965616681         98.5664574014992710950454554471436285         15.8080892866395160070641628369880922      
   66.1145135539302924059980381876107794         111.822810433293863893054994200127099         16.6537649291219085848139588333375127      
   71.3720134370169312308358197361652277         125.640265838879559394726593554425855         17.4372049298792244413679837879348396      
   76.7935868153336742952387650086726168         139.854906494564279664588777614296003         18.1650736172785872517117617603978825      
   82.3336142066973558684073049726748338         154.299019857050534172148227129691809         18.8434428590305143511600481504955081      
   87.9409910138467238366938705199330632         168.807968064235464018212940025204287         19.4778081371694973716276783714995087      
   93.5620575131114465634295879352351536         183.226156070890497023933912770176289         20.0731131156630094123555089143189984      
   99.1434564539066005894619085182825373         197.411795550702976240374391643618051         20.6337819819291030423084143774338175      
   104.634631303386525780236395138384414         211.240319364296035629155790708180459         21.1637574776111555715400904724542930      
   109.989792282894522126859410571246914         224.606445285983907409013043443110941         21.6665421118457429222681450039631109      
   115.169282199276368343407020739257895         237.425001467196225523277448540702665         22.1452402440906706833253377243895709      
   120.140356243460532217401916701977471         249.630702180616767080743178787068389         22.6025992171235396934138940995428059      
   124.877445007007218114262583119777696         261.177101139157416735194982177254053         23.0410482864876521155662264966168209      
   129.361999700298200945338801548186872         272.034956902136255999783346546494168         23.4627346013635677348411933639988961      
   133.582027967475264916775014883979387         282.190228940267071805371644591126131         23.8695558904461868906763128154752615      
   137.531423852349277292684503027863788         291.641892544744663904808432075097226         24.2631897883660437627047975739062241      
   141.209182064788062861092218331559718         300.399723542584308757962095461533776         24.6451199196838583110697546710427293      
   144.618569319259357875751693244274682         308.482165536493345406765838246449740         25.0166589620505977690437575162851030      
   147.766307450321233106212503623521978         315.914357023769704642896576022689147         25.3789689605437563234171148411803579      
   150.661806326354197381272364254406395         322.726365471973863076862415350634270         25.7330791801473317990704834632712265      
   153.316470381012021094959336138200108         328.951651130216735832177720354428004         26.0799017767358464055419318511101447      
   155.743091258576871450300491121393554         334.625765013112559688445666442505785         26.4202455483949537109634930450345180      
   157.955330567946132491566381307762707         339.785272534765698909307035274457838         26.7548280047779679013810943068157638      
   159.967290747388785940683435702921494         344.466885841768934815782784567754552         27.0842859663690701872041175639146450      
   161.793168131135714842956514780499891         348.706783065918331982759716670541400         27.4091848802683593077126363097511047      
   163.446980030371570516638171569322297         352.540090600772998767378333228755656         27.7300270156309357457045183221521500      
   164.942356579057817172585364500513656         356.000504322602153361604583987438705         28.0472586807161011687011008700245186      
   166.292387892518688657657796220146871         359.120026784112699169641577682660302         28.3612765847734161375879104800973262      
   167.509517455340359564782088566533970         361.928799306328206060541316137443835         28.6724334516304241831485535369797338      
   168.605473372437540093952537396824856         364.455010204679937032173252936663653         28.9810429776627504378299966063641864      
   169.591230019059247844086047640066732         366.724862842118177359592851450130111         29.2873842145865761345774923018728256      
   170.476993596353999592459886530258735         368.762589623992921000024907778932130         29.5917054469741457777700711325754944      
