   7.00000000000000000191334186231061905         6.00000000000000000000000000000000000        -573.918899392978750815613457665710921      
   7.00000000000000020767301718246341005         6.00000000000000000000000000000000000        -511.216174940128277240043900303087887      
   7.00000000000001353939794134303198411         6.00000000000000000000000000000000000        -455.301012451892258061932887877057448      
   7.00000000000056043347806781314953235         6.00000000000000000000000000000000000        -405.435270932259874797937146493459449      
   7.00000000001547427048868091328673245         6.00000000000000000000000000000001233        -360.961081526063418092388303852727526      
   7.00000000029783895240366630680498811         6.00000000000000000000000000005342222        -321.292117999000087371568973411786118      
   7.00000000415609927813381382101808492         6.00000000000000000000000009377118013        -285.905816545135497268428754367128660      
   7.00000004354395164004723890667677593         6.00000000000000000000007310800740371        -254.336441686339463675100955644582659      
   7.00000035341301560086337903432756709         6.00000000000000000002766303245942126        -226.168906270302412805952867884297182      
   7.00000228506039510141041288935604417         6.00000000000000000549788900102534335        -201.033263646249159759965501832151496      
   7.00001206936341726342655021980331120         6.00000000000000061582798946310266777        -178.599799232691671151037685579288283      
   7.00005327147135563769528652538223349         6.00000000000004139771391711996792598        -158.574657172663742956291764584852839      
   7.00020057497024585714006524090482563         6.00000000000176631372603216080780745        -140.695945826393909478096828747468957      
   7.00065643714858172644780618320913589         6.00000000005028137344160596794354966        -124.730273434919837126462097344250774      
   7.00189972300375460005242845987178960         6.00000000099839600083480625278139002        -110.469671984150765094918037340970400      
   7.00493756140633595459650010371549332         6.00000001438636036213125612715191099        -97.7288725614987842880117893429078311      
   7.01168616063628552202839787735955069         6.00000015583307004201812198980944395        -86.3428989545471687148898232402323916      
   7.02549184916796146276011358721842059         6.00000130933868355490949501211723856        -76.1649474235458459413859309159557071      
   7.05177659356286818220961116323570023         6.00000877509602803710850626939540408        -67.0645182545996763006940078566117256      
   7.09875125139350070467564282440322491         6.00004809020007851574895143105737398        -58.9257573356553485230939226493397530      
   7.17810230026055183121389323105771990         6.00022034212916610547533145868764569        -51.6459545370420224075358309979039536      
   7.30557362039555184650318957498178848         6.00086096689727350518567477933187853        -45.1341370295519684817587925426698985      
   7.50149844400301027999264905584928265         6.00292040178822848605552452182015702        -39.3097020533878540119305490418107057      
   7.79160916022461884823943563816960088         6.00873769442648388138898835194747669        -34.1010630834775583747761110315846122      
   8.20878277268827620894344919934268104         6.02339216047412842829129695020683677        -29.4443246746973780138797330688282151      
   8.79658340694376740851875331056638396         6.05675841819983774266527826485723976        -25.2820220849418322146478391089498846      
   9.61534383510486372931735590150472445         6.12624957320628694889335908692659508        -21.5619398532358386032489154330055328      
   10.7510153527913706196746514260135437         6.26004140162519858023921721528165662        -18.2359975554918606880537269330700963      
   12.3262704405915026113892586010661807         6.50037975605974038776060071914196365        -15.2592619774885563399425587648307857      
   14.5127657086131053126441315799965632         6.90644564846178127232327904301907349        -12.5893581990688920410213825339893279      
   17.5436180307818215949587718937970141         7.55625576827688610129929572024798385        -10.1867117067251223764686616773984825      
   21.7266733085017882942689601058646792         8.54727819756695267299908522015376586        -8.01576944675220602777498910737154224      
   27.4631679768922878083021380955909636         9.99587540014397702467280734691421507        -6.04660079995534429965202888094603970      
   35.2857740425530485767931687295649724         12.0362968570887501198047684870902063        -4.25586607172315056957487337134231633      
   45.9517417752953349482727682942542027         14.8205924986559068899414537726546871        -2.62676844242366936754750912950098930      
   60.6732494858487726191153923238022822         18.5213709915875557972290236818710954        -1.14860779211020840496355744252934554      
   81.6510367719815346141938302504823668         23.3398817890026360069187425488964629        0.183413374858274931212981737178484532      
   113.196892165134093203165259415503107         29.5233089793324136780462599041980621         1.36878836373758910390932310167447048      
   163.846610559481528450070893381573483         37.4002267258679718082930760833731111         2.40494011756803267966906525562777993      
   249.890485754690198647666795006030021         47.4584841168791704016929270422519388         3.29460677507330901147812962512077199      
   400.568894401505183098541001439018185         60.5262453182737875317804463728848656         4.05409538252572813491189080431290351      
   664.715799120638832321813130622049873         78.1838647493091254632806737037027131         4.71557994068953224834140917180445046      
   1117.91920510830197483081058372551647         103.624378806669708908385164341453875         5.32152099231207576073885953714051095      
   1868.51038553256662518894826761584260         143.253074164709612230369082087408542         5.91529108608848896054968803374307658      
   3060.23160075729019890671881998851549         209.299684733315857173390822720999015         6.53078312159119176482277382371636019      
   4869.59057208965822617368234036848727         323.538955974854188361382233787708292         7.18345080347684816139449663384205507      
   7496.81054595958824580783708819367776         521.856503906817055301967861035031875         7.86886404219142102876591283804275576      
   11150.7321448810068532435989013074413         858.925347015522442514528063442452588         8.57076456467576259007836469791252558      
   16029.5606951336647762711891565406473         1411.82929593439355144254038487894457         9.27141492658567261398526778823864744      
   22300.4633073661475843783034665249644         2281.27727587810265495885203823643241         9.95739262584932486303207980952089397      
   30081.3540837761673436226686912624498         3589.25049828916355935830550561913413         10.6205820404617496117185698529619982      
   39427.7104074046667233208077401930962         5472.53936482721528502124842252485211         11.2570143981438050577697821183209705      
   50326.1620289168555817789428196767655         8072.52130145635486197417933906677576         11.8654135632935388404504338924245487      
   62695.2586457120116883409655025264168         11522.4403386753123292581182289266098         12.4460856856868334537342254465402675      
   76392.6138670075565156175664695066888         15934.0888759212322707830397635498332         13.0002024928853842620708417621421144      
   91226.7882347637691846484483680159764         21385.9715708596951196496023599358589         13.5293715640732081699553677510244411      
   106971.899327131862492068599566715632         27914.7230124745415261777065089866755         14.0353873255025159487755079973328567      
   123382.988244036216489314369250121231         35510.8808852546264381328339625650967         14.5200892450100280801229233229362434      
   140210.506288213576779234209663719662         44119.2970861333545672034522015934926         14.9852822158276119579850801043035058      
   157212.769112545216577477112749221983         53643.7144997019937654762382208958424         15.4326929046120109591724541144916893      
   174165.732679579774885375277021053878         63954.4978569273715068693605699498571         15.8639470397419612042430685514719392      
   190869.889631507773092082082901967594         74898.2455664575921417777507516017695         16.2805590274866763539301149029349959      
   207154.421301493637412372337890423434         86308.0081802058460658452739910010836         16.6839289033776690474462604682422643      
   222878.958849053030695642623501997657         98013.0300211051850836792065701820308         17.0753436722650967368103085168051643      
   237933.418601585852733766939054852031         109847.227107933919151523071252866603         17.4559812598186227448669071550713976      
   252236.404761112603932609949848163007         121655.937804062964890016558831697978         17.8269159783158582052151545261032874      
   265732.643272808615359704701510721502         133300.774914358773546369866022415206         18.1891248141803968482736567993260309      
   278389.847595695556469117027207796726         144662.636648674230996598859372981480         18.5434940918562033585586355290845025      
   290195.339210173183361790777299022302         155643.088177624307003904918648284661         18.8908262238632828886115546300639698      
   301152.666254757295701075668406898392         166164.410022312367011171644570347579         19.2318463572465055414388538905517886      
   311278.390997777992980197446464553444         176168.637415526366337256584422282057         19.5672087932861248337851837740959961      
   320599.155221743192458759600895810981         185615.902243327298618329061757631105         19.8975031026647301921735526254304138      
   329149.083481867470874840825663183613         194482.351713300916242245967907543613         20.2232598896890406302486836622591643      
   336967.547220585506799771365110383051         202757.868276396977702676041260120598         20.5449561811993148862238178780502191      
   344097.286478881029081176616207494987         210443.762919730089939000061067228195         20.8630204313472029150862813997116348      
   350582.868599493974826789332140369034         217550.564839420596711483400460057376         21.1778371443688353291618166014559283      
   356469.452953093244129036798385147890         224095.988075145960682981390518914470         21.4897511250957542098938929376257272      
   361801.825571593867475250197369754710         230103.121311668392190476746262745828         21.7990713721176202192025918470586365      
   366623.666133609519167856669708133939         235598.860755999969920311577107171392         22.1060746318718203887777704462117280      
   370977.010794888446993048433518918885         240612.587019986854612325011085180952         22.4110086339513960136184398348974300      
   374901.876949065382491347899639402484         245175.074132488822038490157123448644         22.7140950289417926419305677608665883      
   378436.019443923305128260304905086676         249317.610922175999855077945681669396         23.0155320503821689379688686447203140      
   381614.791571541735613335619945550545         253071.310862160654156090537323046351         23.3154969221996164435690034481540507      
   384471.087963825998975137000528438825         256466.585012217681995914061741133393         23.6141480323390475195191308068427890      
   387035.350146651540305867866316296273         259532.753078576253068264379793957309         23.9116268924262354752917696698687363      
   389335.618814284212126002978151064092         262297.769165637815095268448527847156         24.2080599022472489501731882374457593      
   391397.619821939591050542138176604476         264788.041016301041967951106786542848         24.5035599366732872697723345164410797      
   393244.873442011251605841375107021872         267028.324067018114319126771432103237         24.7982277714576279562321169078465598      
   394898.818599630906014176515479357632         269041.674232925598926427909380525082         25.0921533631196036029022975897446444      
   396378.945623052983270309990178467760         270849.445827424748327988610780944903         25.3854169969373228246379199524441410      
   397702.932549570511451991972533130371         272471.323314246432742517382375090906         25.6780903159161604481296352060429161      
   398886.781257161911435813813657514835         273925.377639398080047823168729181663         25.9702372424974532637847178502723247      
   399944.950684550136014013143168869285         275228.139678236927283584274582329453         26.2619148037300649801954474079489344      
   400890.485194302486352954547108438027         276394.684862717128615421516000102384         26.5531738696515327654683022675786827      
   401735.136758134232178271471022391349         277438.724341698528321210235610674618         26.8440598137175940703971471939930256      
   402489.480129982474723050241811529895         278372.699096041289933479280057999736         27.1346131032791701281572662784874870      
   403163.020546045740910945101690063950         279207.874305958964960328048171496174         27.4248698273330134083307881822824972      
   403764.293773442132852855733240964349         279954.431977065240469885184610042647         27.7148621680638246345467811805575404      
   404300.958538581465856703318971506596         280621.560398825041332568869212265953         28.0046188220486211854722175723124341      
   404779.881517861823803098584098370696         281217.539457704379225962230794173210         28.2941653764049626222159884879723867      
   405207.215179299929752381027823156237         281749.821177670047141707685314174935         28.5835246446295392689074420838711566      
