   1.00000000000000000000000000000000000         4.00000000000000000000000000000000000        -11355.1371119330240588730966137278490      
   1.00000000000000000000000000000000000         4.00000000000000000000000000000000000        -11355.1371119330240588730966137278490      
   1.00000000000000000000000000000000000         4.00000000000000000000000000000000000        -11355.1371119330240588730966137278490      
   1.00000000000000000000000000000000000         4.00000000000000000000000000000000000        -11355.1371119330240588730966137278490      
   1.00000000000000000000000000000000000         4.00000000000000000000000000000000000        -10907.7980706114999224989241186769601      
   1.00000000000000000000000000000000000         4.00000000000000000000000000000000000        -9721.00295691198333188554419987475564      
   1.00000000000000000000000000000000000         4.00000000000000000000000000000000000        -8663.23939795865268833028094687188491      
   1.00000000000000000000000000000000000         4.00000000000000000000000000000000000        -7720.47533322171601568318470795937154      
   1.00000000000000000000000000000000000         4.00000000000000000000000000000001926        -6880.20467559004671288384810058434393      
   1.00000000000000000000000000000000000         4.00000000000000000000000000005849974        -6131.28136319347085325211388114765642      
   1.00000000000000000000000000000000000         4.00000000000000000000000007416274040        -5463.77145793369915445943213081147377      
   1.00000000000000000000000000000000000         4.00000000000000000000004322810718248        -4868.82132816126873761965882279793450      
   1.00000000000000000000000000000000000         4.00000000000000000001260643799901198        -4338.54016636270519107236755988972438      
   1.00000000000000000000000000000000000         4.00000000000000000198322062745206831        -3865.89528293899163755307396842792622      
   1.00000000000000000000000000000000000         4.00000000000000017999152370084479716        -3444.61878668740085048147282825396793      
   1.00000000000000000000000000000000000         4.00000000000001000495988310455282759        -3069.12441369338193625018796718265541      
   1.00000000000000000000000000000000000         4.00000000000035926551143428595140829        -2734.43340100242864091828395872717292      
   1.00000000000000000000000000000000000         4.00000000000873955146810507191120180        -2436.10842146058987762782402261401200      
   1.00000000000000000000000000000000000         4.00000000015025486932514284424104055        -2170.19470307907083492131004078861397      
   1.00000000000000000000000000000000000         4.00000000189594600110473304538036755        -1933.16755161241319309262094503916516      
   1.00000000000000000000000000000000000         4.00000001815895855446644669100478551        -1721.88558000481709059120013026090065      
   1.00000000000000000000000000000000000         4.00000013603299677866636681635741802        -1533.54902407686348375405253193059718      
   1.00000000000000000000000000000000000         4.00000081863581277807119828878457106        -1365.66259128071806080634214848924684      
   1.00000000000000000000000000000000000         4.00000405296768544606230206224765770        -1216.00234939864424539941316186285095      
   1.00000000000000000000000000000000000         4.00001686201545405817696678572755927        -1082.58621544222771289923831717159894      
   1.00000000000000000000000000000000000         4.00006007798090938747542457419716089        -963.647652445426766143745193908145509      
   1.00000000000000000000000000000000000         4.00018642871497529379087233416116614        -857.612224140421644492377389557260405      
   1.00000000000000000000000000000000000         4.00051147895507479669143790610173689        -763.076695588294679597817585317108875      
   1.00000000000000000000000000000000000         4.00125740849882032577748859946802221        -678.790402561003621723777598802229694      
   1.00000000000000000000000000000000000         4.00280312421043675007525924474323105        -603.638644265490410024168442840077879      
   1.00000000000000000000000000000000000         4.00572724250856561493665067329537544        -536.627882665607934753935976793640137      
   1.00000000000000000000000000000000000         4.01082688734849223745272771577875955        -476.872556586704456004466247109406139      
   1.00000000000000000000000000000002157         4.01909792727967944677733624331968862        -423.583339529017216690544379325643913      
   1.00000000000000000000000000006757164         4.03167116939910339291883627379846444        -376.056686872700577132440231195237720      
   1.00000000000000000000000008813294164         4.04971096587037249218404812689143339        -333.665531884694391721121283949599703      
   1.00000000000000000000005268879781850         4.07429310870524833597934930575863422        -295.851002013061911826768861455223010      
   1.00000000000000000001571629807116750         4.10628416107451101159171115133438449        -262.115038659889770312965035051614675      
   1.00000000000000000252276007940188022         4.14624327714036891923336481213444230        -232.013815715401518362391814275716338      
   1.00000000000000023311681354653792975         4.19436132524039432871119996408720864        -205.151864662474321634168986111252353      
   1.00000000000001316901234381190740772         4.25044340080146015168608924283773161        -181.176826467459153833882582819910563      
   1.00000000000047985755524179709257748         4.31393236358558524366010101980568397        -159.774761921748313205220880301110168      
   1.00000000001183192316392582453678412         4.38396480923088685683859045418006360        -140.665961855918480008104651894962523      
   1.00000000020605201270730362117148370         4.45944768762093874789930589212881150        -123.601206371616134023246687614067336      
   1.00000000263335426241477268378869543         4.53914342145437972153722551930124130        -108.358428044676061986648012392160322      
   1.00000002555841783623877870439083391         4.62175308194844060135938740404697100        -94.7397384017006601639168560068023606      
   1.00000019424855678960593402234684535         4.70599000348820192987369316838529583        -82.5687804501263521026716394031567836      
   1.00000118811831972021319901235607181         4.79063940026833710568809916365987593        -71.6883732263009926054975629319538293      
   1.00000599258084365875623133710864962         4.87460281310301468662669946657496909        -61.9584177402239399263556190659904056      
   1.00002546824292866850513302810212225         4.95693016267677653436585270559625604        -53.2540377305879339432523114615796016      
   1.00009296093042115464547596382817980         5.03684846289639127831294352221280298        -45.4639332388500157597296739238127754      
   1.00029635553133886599166744792721505         5.11380651858262120241691634685033750        -38.4889291750512688839523530296146700      
   1.00083742243814412119085851096914529         5.18756775263565317003039199971454324        -32.2407028286948907094856332269752679      
   1.00212481337487431563569944830502254         5.25839061317944363847147171237891126        -26.6406717259717851601956214219764275      
   1.00489651183570711123729574669294392         5.32732428831367602232151083878226783        -21.6190159006607242741265380825554562      
   1.01035147247477153764550461260571494         5.39660710385657931079880777930373606        -17.1137983932766467280015668667022634      
   1.02025466844069354099008088182169692         5.47009278165253603912770996817441081        -13.0701386300824439241400588495472825      
   1.03697308855246984487211669576138843         5.55357236552092900832075365079063609        -9.43939149254556766049996651914709665      
   1.06340826599516113110003353998569194         5.65484105620053792525370730971308699        -6.17829929719830217927788292673547227      
   1.10281325396509680417005576875468707         5.78339921949254542501829354644798134        -3.24812292377483242944039178318011832      
   1.15851145237572545609590847945189707         5.94976680586550147977262527477426538       -0.613817619236070725850470300419737977      
   1.23356087115927676152920470380672805         6.16449692377885275722712793359926417         1.75663245313072540427324135241219640      
   1.33042146887273461552378486601765985         6.43705717269045420271499011530233334         3.89261707915710030957598747472153245      
   1.45068154927098656186355671095759824         6.77477922208833986401469784141917773         5.82102392078526412405769307474406364      
   1.59488411289076816436320563164799406         7.18205335376909254480511513694516066         7.56618218516180522750186645321212218      
   1.76247169645264304226611068649895997         7.65988060417883755757544878701236478         9.14978335035390920425169838297757440      
   1.95184559384481512369491180720676543         8.20581565802195809129868532359360593         10.5909023237845687038932319658022484      
   2.16051781834453555436309917579991578         8.81426209403525878929256451471175197         11.9061566285009122224273523268166842      
   2.38532434808903620310568345524521296         9.47703276043454719512091118873826554         13.1099689855408097826302629053697121      
   2.62266607446014552489894076168621644         10.1840665472959801633522190341825717         14.2148718091149269342089881507960855      
   2.86874767862801848843074982169471351         10.9241952116191766226601140166447173         15.2318019131203388465181156348617440      
   3.11979193478769584765568540194353168         11.6858725370119436705590601410923300         16.1703569687925166877726035679061733      
   3.37221535639609871803799744523399761         12.4578045231411658066005714406656301         17.0390054789996034595694502586156155      
   3.62275893956827578924734586004478525         13.2294465118164942805526736726050253         17.8452538304695341362584501025954751      
   3.86857401806143545550587704097260946         13.9913565843562454977969290148090105         18.5957785432983125863094127883499061      
   4.10726756530925857254839274792758211         14.7354120065655242211019828137413239         19.2965321646979084793340966218728646      
   4.33691374655130188777876713480223444         15.4549065870651398084343594108534344         19.9528298102874469399090916854010073      
   4.55603947350611092793602533974962145         16.1445523297388446902741255744332376         20.5694215480327650876679492656709229      
   4.76359157058922554619270735380861961         16.8004100103411182435011534217418278         21.1505542510849167312228512450493739      
   4.95889233524311915935748686008748094         17.4197716905531678770792630018885851         21.7000253757095797089775515882301803      
   5.14158910405058451903033470733835687         18.0010149325311136800618300432201064         22.2212303173322212550971774311467639      
   5.31160216911139207106156752739817353         18.5434445456590282847993529988229067         22.7172044731977101428132804513212488      
   5.46907418734306120249271772034148948         19.0471337410364565988079077762508594         23.1906608073864283679097514496791825      
   5.61432317934538766532349574665116154         19.5127729856735189215240495943316667         23.6440235054506432968593561663743229      
   5.74780036215973684013752943310813743         19.9415318351275987945588416575736532         24.0794581748318246574816079695322080      
   5.87005340467350620858351789167554066         20.3349366389937531589771227893268024         24.4988989629721506991304807489886135      
   5.98169521804155896499112146149491799         20.6947652299706546190576605835729001         24.9040729086384344819076661905597727      
   6.08337806881120243532163304413473582         21.0229584490067728510527321452576081         25.2965218019791193874282040141539222      
   6.17577259903250990856033613486242243         21.3215475321682185446945874583488341         25.6776217985071932038190625464063898      
   6.25955122647729436808527437644599930         21.5925958939949581219081342135407342         26.0486010076809026513884303651197183      
   6.33537535376391240672712040904306252         21.8381536006035039534665458596954180         26.4105552558675601009658349955399033      
   6.40388581676774736654873835291118508         22.0602227603870125372485728844759424         26.7644622050250056196841081510416453      
   6.46569603378299592590711033423160400         22.2607321121294529304250951214832217         27.1111939917694705805796654424516159      
   6.52138736516975516395627969071557638         22.4415192146865309985759587583770335         27.4515285362661265389983157471081763      
   6.57150624979963713313203037998121664         22.6043188060179356417384159487670524         27.7861596563860041743911221904570416      
   6.61656274339893013717417997911319544         22.7507560789936023039809503006135869         28.1157061097062904794723531008458403      
   6.65703014090667523593136876982423643         22.8823438014246856069797385838451522         28.4407196741135897937502753521990392      
   6.69334541782169952526908509885735810         23.0004823783605978718741978500269798         28.7616923669403941739993589618573588      
   6.72591027294279646010714752962862628         23.1064621102317433524614056182859993         29.0790628926676206159896758606372563      
   6.75509259642112441882088769834704319         23.2014670382408821658038898768829404         29.3932224002051449380863848919715805      
   6.78122822266341090002060760799984714         23.2865798878355368506886305272318138         29.7045196225616221048172341717405779      
   6.80462285768122587011874269649163860         23.3627877227137098490155635126350079         30.0132654642778053703097242659089914      
