   2.00000000000000000000000000000000000         1.00000000000000000000000000000000000        -11355.1371119330240588730966137278490      
   2.00000000000000000000000000000000000         1.00000000000000000000000000000000000        -11355.1371119330240588730966137278490      
   2.00000000000000000000000000000000000         1.00000000000000000000000000000000000        -11355.1371119330240588730966137278490      
   2.00000000000000000000000000000000000         1.00000000000000000000000000000000000        -11355.1371119330240588730966137278490      
   2.00000000000000000000000000000000000         1.00000000000000000000000000000000000        -11355.1371119330240588730966137278490      
   2.00000000000000000000000000000000000         1.00000000000000000000000000000000000        -11355.1371119330240588730966137278490      
   2.00000000000000000000000000000000000         1.00000000000000000000000000000000000        -11355.1371119330240588730966137278490      
   2.00000000000000000000000000000000000         1.00000000000000000000000000000000000        -11355.1371119330240588730966137278490      
   2.00000000000000000000000000000000000         1.00000000000000000000000000000000000        -11355.1371119330240588730966137278490      
   2.00000000000000000000000000000000000         1.00000000000000000000000000000000000        -11355.1371119330240588730966137278490      
   2.00000000000000000000000000000000000         1.00000000000000000000000000000000000        -11355.1371119330240588730966137278490      
   2.00000000000000000000000000000000000         1.00000000000000000000000000000000000        -11355.1371119330240588730966137278490      
   2.00000000000000000000000000000000000         1.00000000000000000000000000000000000        -11158.2318673992253629688211127089175      
   2.00000000000000000000000000000000000         1.00000000000000000000000000000000000        -9944.17804658757249373466182606790259      
   2.00000000000000000000000000000000000         1.00000000000000000000000000000000000        -8862.12013934823739044625037589986062      
   2.00000000000000000000000000000000000         1.00000000000000000000000000000000000        -7897.70371391005129030342551255499420      
   2.00000000000000000000000000000000000         1.00000000000000000000000000000000000        -7038.13536949058319101983330906961278      
   2.00000000000000000000000000000000000         1.00000000000000000000000000000000000        -6272.01297564057046771993193378430850      
   2.00000000000000000000000000000014329         1.00000000000000000000000000000000000        -5589.17437290038446059552148903652186      
   2.00000000000000000000000000037690410         1.00000000000000000000000000000000000        -4980.56252711816641005846488429408309      
   2.00000000000000000000000042073965444         1.00000000000000000000000000000000000        -4438.10534810936282434987469014789806      
   2.00000000000000000000021895384439109         1.00000000000000000000000000000000000        -3954.60857792429020484890493034664648      
   2.00000000000000000005771548798974856         1.00000000000000000000000000000000000        -3523.66032741611697676453357052615100      
   2.00000000000000000829769060517029972         1.00000000000000000000000000000000000        -3139.54599436751991782833866667990112      
   2.00000000000000069498922706310308960         1.00000000000000000000000000000000000        -2797.17243419124852417389331418204018      
   2.00000000000003596434840835819185574         1.00000000000000000000000000000000000        -2492.00037699586499272074134930421426      
   2.00000000000121166326659369018254237         1.00000000000000000000000000000000000        -2219.98419423218365406239987143705850      
   2.00000000002784687308531488260889557         1.00000000000000000000000000000000000        -1977.51821566041378321700982017431750      
   2.00000000045511437714141717791251949         1.00000000000000000000000000000000058        -1761.38888429691771853334512405079710      
   2.00000000548927059666188201832877696         1.00000000000000000000000000000274021        -1568.73211446721808619020435856558635      
   2.00000005050194828014771874056675130         1.00000000000000000000000000460968231        -1396.99528714285290653253076737938925      
   2.00000036499758193886109024646946577         1.00000000000000000000000349260561791        -1243.90337831899709149748320289366283      
   2.00000212744514575728932600241095722         1.00000000000000000000130179782385947        -1107.42877120403445359532989748984398      
   2.00001023698132884407510967020943586         1.00000000000000000025807555503168711        -985.764352354662894399411514874747073      
   2.00004152259562726692102900779215525         1.00000000000000002915231394360692292        -877.299536450372289781713157022037910      
   2.00014463233705593920968227174821574         1.00000000000000199392595461774333709        -780.598904636063386700030392683442575      
   2.00043985182500042395747818973350350         1.00000000000008713034533799529233038        -694.383176959333163467499580860637565      
   2.00118526957852843374690276587061642         1.00000000000255110331833567039997393        -617.512269308885872752625035029225664      
   2.00286754498512927266448700670191354         1.00000000005221611311802834655202947        -548.970208498227358837821947772695727      
   2.00630198096132875435211580060046779         1.00000000077605289466424704756678469        -487.851696387211720188690225022740367      
   2.01271321582363059263716212019197332         1.00000000866593193738061064650184036        -433.350128108855273310846758262902604      
   2.02376236622684705974945209502126127         1.00000007497863410724242629761773944        -384.746884867165556034087012435411166      
   2.04149398691332991564692916817954452         1.00000051677414247072390124110886532        -341.401742101396757113694636573939252      
   2.06819572713872007473222970359870949         1.00000290896001456848089597415658014        -302.744260292831946899717564018028367      
   2.10618838011174991900859279570131170         1.00001367590510857887016721892663859        -268.266055946558545014578559862267084      
   2.15758585555272375591162519867202020         1.00005477893043715594282453180637857        -237.513878380665174937298182045244611      
   2.22407802402906092308425953475357393         1.00019028031387580244492861688553811        -210.083436317889605398396145705235304      
   2.30679352151704306097616474393194153         1.00058222077843151030889406229891855        -185.613921864415462591187550767190137      
   2.40629619843152190810883625571655037         1.00159103447817064182450526912960186        -163.783170430203790595295450908678858      
   2.52275860672158311481192752588124180         1.00393041661754505974484031434435108        -144.303383951215632781786690720273700      
   2.65633649996734118549681706786644539         1.00887178360279312759974100089472665        -126.917345375576651908438343941080767      
   2.80773689104638239249956072390412668         1.01847199181899808842652207890264945        -111.395073722343414395996830411303092      
   2.97893018535735450644600002883271131         1.03577905060420877455654038180794264        -97.5309071630103017526850638674678366      
   3.17391362702576576817516864148315363         1.06496735109568618223428103706618984        -85.1410349278834283951304064059261202      
   3.39940538788004429631391514668910471         1.11137684939600462419257446495258208        -74.0614905624898859880624467140044268      
   3.66535476250882297492768612369712487         1.18147895321022103603053287092901011        -64.1465386481551280416438252076973187      
   3.98520514710519380965241165841284515         1.28284925523746209314354502550301797        -55.2672573804876146857010831802736411      
   4.37593307388993885614451411503127362         1.42426727466298197785738886999814659        -47.3100456135908960583227458571825066      
   4.85796936653577869424276071627352963         1.61606364469524050286952564534470726        -40.1748795794543495701373071023093830      
   5.45512959701187532286266514420866289         1.87078983436163895151950410342746812        -33.7733846984739187754727097399470062      
   6.19460034890751815771682878070153097         2.20420518252635930623735571462949358        -28.0269833583049900709398023509855503      
   7.10686411027374428771541956253961004         2.63647804057918460561351598639079604        -22.8653768747192440800718095261150236      
   8.22528407988091439412752538096616942         3.19339822670864175835658629797344676        -18.2254595322312724591856050767238413      
   9.58501810137612220576723755587203323         3.90731256245440522960293686626663109        -14.0505955379747819776992974311511674      
   11.2210487315927249050711064455415427         4.81744457757473710048221762165245288        -10.2901113281694008731507797176128618      
   13.1653748051187792671224664141254552         5.96926982245471134406258117532873836        -6.89886375246740253799476140998680084      
   15.4437042417607219159711225797656818         7.41271369393307184113427505348491190        -3.83679620442605225553620485531875726      
   18.0721967716764100958621339129099350         9.19912556727206791461638581565726467        -1.06845291317745900348991703708694385      
   21.0548511391585287469396794660141465         11.3772347250363788462138948301239918         1.43753495391990399394849500012014493      
   24.3820090969233074203814199302718150         13.9885484855856733300593333532254825         3.70895764545007217699771236945385370      
   28.0302143090101437114320420101921456         17.0628330296748441061020637663599123         5.77049690296440111533169849246161302      
   31.9634007297875848969256455947426458         20.6143605822926475936660772488223996         7.64413774542297319305657773732757644      
   36.1351654035064679623305355017174405         24.6394944517419929884760688787243681         9.34951642209786728414504707072559799      
   40.4917476410838174559842783454730461         29.1159486144101085541753379797911407         10.9042093324194015198051961254182640      
   44.9752986639438816160670706045285496         34.0037689946345409130709968575990249         12.3239726089265137202089669503612671      
   49.5270660136293242733881777046933983         39.2478144938490891108905658837939600         13.6229428497750155615878285501619950      
   54.0902059336783831188928478496175202         44.7813241143679082722464923666468240         14.8138081019249507954792513736252017      
   58.6120444557879083193818477577785856         50.5300678544884519284217919876079357         15.9079561122286492712264012604695737      
   63.0457104897532569177318615835732160         56.4165885658993797283971277009610984         16.9156048906893128202473449865771558      
   67.3511474083684554912167038690595629         62.3641242230121151199087548684194209         17.8459190763215187116554165995151446      
   71.4955675694244177522629546800675805         68.2999216486806183936738691088703217         18.7071144939851657124456909986479600      
   75.4534473653942582548479636512213675         74.1577826675230524635592459425311167         19.5065525605961391314017229464606009      
   79.2061728700522959162473298097413087         79.8797992782688197217462005147708249         20.2508257376762072953017772751786189      
   82.7414435752434340397321074392988648         85.4173231605212480817354908292459249         20.9458349440495941874078425244506372      
   86.0525296538230211377123173489567920         90.7312728625812047848583008789196929         21.5968596706800155719862489194466122      
   89.1374613326535552175406680958254515         95.7919117197664610540932662519746320         22.2086214339074491485367050707197049      
   91.9982107904855186392464304636224484         100.578236653982320278272716271181115         22.7853411350025051598170268999291638      
   94.6399097960953992370006111420933807         105.077109321541082352437583492374683         23.3307908457624285226203706258293893      
   97.0701313599622362529886161321035591         109.282243005065254434324294117003450         23.8483405019707744450728253915931906      
   99.2982515306296375697032657763510909         113.193136376365756925695686627685634         24.3409999536157441183560126002324252      
   101.334898167447871786111631437825542         116.814022522979864892031182542221523         24.8114567901584071481936392830198344      
   103.191486810833462478325503607572649         120.152880795288961010181332858980535         25.2621103297024281666652677827179709      
   104.879839250524683888924664801684982         123.220541343840584399993020659169576         25.6951021322693519441680512140594693      
   106.411877619686787734639437806049434         126.029898117154853039811172512940142         26.1123433695344712958269967080240826      
   107.799385395807945236020120369949194         128.595235489296133659074308885765745         26.5155393564863952851033151052925547      
   109.053826198264840479828085151308818         130.931666192764924844100868104586438         26.9062115247308138905472695146683721      
   110.186211432771200691784769253609148         133.054673319258247306043793192932230         27.2857170927348175488040850550806759      
   111.207008406184912097076447977587399         134.979746266447908782426563453917740         27.6552666653264218269214940604532529      
   112.126081342632530288023426424145674         136.722099140592452801010219696211747         28.0159399732990081115891199305055176      
   112.952658645396656368249109559581034         138.296459832149942217327963434668646         28.3686999440512048575575663905786501      
   113.695320680801100920148584529543446         139.716918407300784815060911593841066         28.7144052758106375116393403206941847      
