   4.00000000000000000000000000000000000         5.00000000000000000000000000000000000        -11355.1371119330240588730966137278490      
   4.00000000000000000000000000000000000         5.00000000000000000000000000000000000        -11355.1371119330240588730966137278490      
   4.00000000000000000000000000000000000         5.00000000000000000000000000000000000        -11355.1371119330240588730966137278490      
   4.00000000000000000000000000000000000         5.00000000000000000000000000000000000        -11355.1371119330240588730966137278490      
   4.00000000000000000000000000000000000         5.00000000000000000000000000000000000        -11355.1371119330240588730966137278490      
   4.00000000000000000000000000000000000         5.00000000000000000000000000000000000        -11355.1371119330240588730966137278490      
   4.00000000000000000000000000000000000         5.00000000000000000000000000000000000        -11355.1371119330240588730966137278490      
   4.00000000000000000000000000000000000         5.00000000000000000000000000000000000        -11355.1371119330240588730966137278490      
   4.00000000000000000000000000000000000         5.00000000000000000000000000000000000        -11355.1371119330240588730966137278490      
   4.00000000000000000000000000000000000         5.00000000000000000000000000000000000        -11355.1371119330240588730966137278490      
   4.00000000000000000000000000000000000         5.00000000000000000000000000000000000        -11355.1371119330240588730966137278490      
   4.00000000000000000000000000000000000         5.00000000000000000000000000000000000        -11355.1371119330240588730966137278490      
   4.00000000000000000000000000000000000         5.00000000000000000000000000000000000        -11355.1371119330240588730966137278490      
   4.00000000000000000000000000000000000         5.00000000000000000000000000000000000        -11355.1371119330240588730966137278490      
   4.00000000000000000000000000000000000         5.00000000000000000000000000000000000        -11355.1371119330240588730966137278490      
   4.00000000000000000000000000000000000         5.00000000000000000000000000000000000        -11355.1371119330240588730966137278490      
   4.00000000000000000000000000000000000         5.00000000000000000000000000000000000        -11355.1371119330240588730966137278490      
   4.00000000000000000000000000000000000         5.00000000000000000000000000000000000        -11355.1371119330240588730966137278490      
   4.00000000000000000000000000000000000         5.00000000000000000000000000000000000        -11355.1371119330240588730966137278490      
   4.00000000000000000000000000000000000         5.00000000000000000000000000000000000        -11355.1371119330240588730966137278490      
   4.00000000000000000000000000000000000         5.00000000000000000000000000000000000        -11355.1371119330240588730966137278490      
   4.00000000000000000000000000000000000         5.00000000000000000000000000000000000        -11355.1371119330240588730966137278490      
   4.00000000000000000000000000000000000         5.00000000000000000000000000000000000        -10836.8343645492310937175172459194316      
   4.00000000000000000000000000000000000         5.00000000000000000000000000000000000        -9657.31956994027098457943196871833105      
   4.00000000000000000000000000000000000         5.00000000000000000000000000000000000        -8606.04460220631182221599889971435043      
   4.00000000000000000000000000000000000         5.00000000000000000000000000000000000        -7669.06350048080636602285459664623099      
   4.00000000000000000000000000000000000         5.00000000000000000000000000000000000        -6833.94691405826788506324677923972669      
   4.00000000000000000000000000000000000         5.00000000000000000000000000000000000        -6089.61717246203799854616299093758349      
   4.00000000000000000000000000000000000         5.00000000000000000000000000000000000        -5426.20129148745842857750561667487169      
   4.00000000000000000000000000000000000         5.00000000000000000000000000000000000        -4834.89996469994783351002479976662574      
   4.00000000000000000000000000000000000         5.00000000000000000000000000000000000        -4307.87080198475928906099775953958520      
   4.00000000000000000000000000000000000         5.00000000000000000000000000000000000        -3838.12426579491378670883699233666051      
   4.00000000000000000000000000000000000         5.00000000000000000000000000000000000        -3419.43092423454524663901978351502688      
   4.00000000000000000000000000000000000         5.00000000000000000000000000000000000        -3046.23879028242274822425049025087274      
   4.00000000000000000000000000000000000         5.00000000000000000000000000000000000        -2713.59965029736785409440101173655278      
   4.00000000000000000000000000000000000         5.00000000000000000000000000000000000        -2417.10340422959408506220981328038025      
   4.00000000000000000000000000000000000         5.00000000000000000000000000000000000        -2152.81954627246556368400765079925216      
   4.00000000000000000000000000000000000         5.00000000000000000000000000000000000        -1917.24500943847792998157898199793652      
   4.00000000000000000000000000000000000         5.00000000000000000000000000000000000        -1707.25768198867256929454453466834397      
   4.00000000000000000000000000000000000         5.00000000000000000000000000000000000        -1520.07497890674423667456088939070891      
   4.00000000000000000000000000000000000         5.00000000000000000000000000000000000        -1353.21691868647397895945188751505925      
   4.00000000000000000000000000000000000         5.00000000000000000000000000000000000        -1204.47321548388981486922679894037825      
   4.00000000000000000000000000000000000         5.00000000000000000000000000000000000        -1071.87394996700797859082555810981488      
   4.00000000000000000000000000000000000         5.00000000000000000000000000000000000        -953.663429683150137537565006351051931      
   4.00000000000000000000000000000000000         5.00000000000000000000000000000000000        -848.276892086792391161769675412001901      
   4.00000000000000000000000000000000000         5.00000000000000000000000000000000000        -754.319741091280015403003221066538049      
   4.00000000000000000000000000000000000         5.00000000000000000000000000000000000        -670.549041626064337167590415287234448      
   4.00000000000000000000000000000000000         5.00000000000000000000000000000000000        -595.857026643479518376430012418369738      
   4.00000000000000000000000000000000000         5.00000000000000000000000000000000000        -529.256397723059731240112250953446137      
   4.00000000000000000000000000000000000         5.00000000000000000000000000000000000        -469.867224221346841593912145223969484      
   4.00000000000000000000000000000000000         5.00000000000000000000000000000000000        -416.905267126866157009557417162613414      
   4.00000000000000000000000000000000000         5.00000000000000000000000000000000000        -369.671572684919776634889316403668267      
   4.00000000000000000000000000000000000         5.00000000000000000000000000000000000        -327.543197705921092488455571482853725      
   4.00000000000000000000000000000000000         5.00000000000000000000000000000000000        -289.964943487747012507526618117786255      
   4.00000000000000000000000000000000000         5.00000000000000000000000000000000000        -256.441988666279692955089646227702242      
   4.00000000000000000000000000000000000         5.00000000000000000000000000000000000        -226.533323236540485912418502343433001      
   4.00000000000000000000000000000000000         5.00000000000000000000000000000000000        -199.845896617865803635146262056667815      
   4.00000000000000000000000000000000000         5.00000000000000000000000000000000000        -176.029402111505210125451371137884683      
   4.00000000000000000000000000000000000         5.00000000000000000000000000000000000        -154.771628543562843917295902366273435      
   4.00000000000000000000000000000000000         5.00000000000000000000000000000000000        -135.794317412408180515845513799857957      
   4.00000000000000000000000000000000000         5.00000000000000000000000000000000000        -118.849470567419324604882589573640951      
   4.00000000000000000000000000000000000         5.00000000000000000000000000000000000        -103.716059424199078056408056677520896      
   4.00000000000000000000000000000000000         5.00000000000000000000000000000000000        -90.1970920495490642891159085558125592      
   4.00000000000000000000000000000000000         5.00000000000000000000000000000000000        -78.1169991982014500443378293412842745      
   4.00000000000000000000000000000000000         5.00000000000000000000000000000000000        -67.3193046156038452673062722087272643      
   4.00000000000000000000000000000000000         5.00000000000000000000000000000000000        -57.6645486930907775519776027355289027      
   4.00000000000000000000000000000000000         5.00000000000000000000000000000000000        -49.0284379236073795889842981189465428      
   4.00000000000000000000000000000000000         5.00000000000000000000000000000000000        -41.3001956023870675704162337934080917      
   4.00000000000000000000000000000000000         5.00000000000000000000000000000000000        -34.3810918873832587173324336082637244      
   4.00000000000000000000000000000000000         5.00000000000000000000000000000000000        -28.1831337142501396132603989966640760      
   4.00000000000000000000000000000000000         5.00000000000000000000000000000000000        -22.6278971818402410153729021518764828      
   4.00000000000000000000000000000000000         5.00000000000000000000000000000000000        -17.6454869146837728384540680373299621      
   4.00000000000000000000000000000000000         5.00000000000000000000000000000000000        -13.1736085938220742843586695065965210      
   4.00000000000000000000000000000000000         5.00000000000000000000000000000000000        -9.15674234904283614681375013143778742      
   4.00000000000000000000000000000000000         5.00000000000000000000000000000000000        -5.54540604393427405211802890377739482      
   4.00000000000000000000000000000000000         5.00000000000000000000000000000000000        -2.29549867799852320839889047669847963      
   4.00000000000000000000000000000000000         5.00000000000000000000000000000000000        0.632284806830775158780357590630028703      
   4.00000000000000000000000000000000000         5.00000000000000000000000000000000000         3.27297508042866464920187072116033091      
   4.00000000000000000000000000000000000         5.00000000000000000000000000000000000         5.65779326018473140946944163697345100      
   4.00000000000000000000000000000000000         5.00000000000000000000000000000000000         7.81456519626202788906650453226698954      
   4.00000000000000000000000000000000000         5.00000000000000000000000000000000000         9.76809070372274361961482099354067772      
   4.00000000000000000000000000000000000         5.00000000000000000000000000000000000         11.5404726410065984139142983218046557      
   4.00000000000000000000000000000000000         5.00000000000000000000000000000000000         13.1514102014334299300955371726275209      
   4.00000000000000000000000000000000000         5.00000000000000000000000000000000000         14.6184603095300214940253691327323217      
   4.00000000000000000000000000000000000         5.00000000000000000000000000000000000         15.9572705907516121111805488846400130      
   4.00000000000000000000000000000000000         5.00000000000000000000000000000000000         17.1817870059647490221654398706118415      
   4.00000000000000000000000000000000000         5.00000000000000000000000000000000000         18.3044389058749189579167943709220545      
   4.00000000000000000000000000000000000         5.00000000000000000000000000000000000         19.3363039609587802992256248421279154      
   4.00000000000000000000000000000000000         5.00000000000000000000000000000000000         20.2872551554209913239860288992943316      
   4.00000000000000000000000000000000000         5.00000000000000000000000000000000000         21.1660917956961333738452563991062861      
   4.00000000000000000000000000000000000         5.00000000000000000000000000000000000         21.9806562718989533730860301222370372      
   4.00000000000000000000000000000000000         5.00000000000000000000000000000000000         22.7379381215764303302299375723436706      
   4.00000000000000000000000000000000000         5.00000000000000000000000000000000000         23.4441667766244303250915014640690216      
   4.00000000000000000000000000000000000         5.00000000000000000000000000000000000         24.1048942240641842782980174402368786      
   4.00000000000000000000000000000000000         5.00000000000000000000000000000000000         24.7250686775368706272196136016549080      
   4.00000000000000000000000000000000000         5.00000000000000000000000000000000000         25.3091002370922758510435514830147900      
   4.00000000000000000000000000000000000         5.00000000000000000000000000000000000         25.8609194085370358272135003283996379      
   4.00000000000000000000000000000000000         5.00000000000000000000000000000000000         26.3840292588586549157076756801046596      
   4.00000000000000000000000000000000000         5.00000000000000000000000000000000000         26.8815518997960917311864568103379580      
   4.00000000000000000000000000000000000         5.00000000000000000000000000000000000         27.3562699163656515185981871385193017      
   4.00000000000000000000000000000000000         5.00000000000000000000000000000000000         27.8106632900735532311050428232986613      
