   2.00000000000000000000000046828911641         1.00000000000000000000000000000000000        -153.809413917170767736836946496855981      
   2.00000000000000000000024824790089558         1.00000000000000000000000000000000000        -136.851817254733143862396112163019454      
   2.00000000000000000006671518917648388         1.00000000000000000000000000000000000        -121.707042824750648868469174331569744      
   2.00000000000000000978075662185670339         1.00000000000000000000000000000000000        -108.177947910113498407195903768524352      
   2.00000000000000083512246946706835846         1.00000000000000000000000000000000000        -96.0888288792513619711122614798829012      
   2.00000000000004402770261540769476716         1.00000000000000000000000000000000000        -85.2830897056936969237919691921610382      
   2.00000000000150987590759702035661778         1.00000000000000000000000000000000000        -75.6211640339412869203394245114231026      
   2.00000000003528593278201688523162198         1.00000000000000000000000000000000000        -66.9786632187383762437841321931781055      
   2.00000000058578524143110144742465643         1.00000000000000000000000000000000000        -59.2447257635360291773938907935070475      
   2.00000000716875944177145829321324144         1.00000000000000000000000000000000000        -52.3205462580741047952666539666540768      
   2.00000006684757357972350381950880882         1.00000000000000000000000000000000000        -46.1180643088392854685679765563291304      
   2.00000048921857866819833748101313624         1.00000000000000000000000000000000000        -40.5587961413259136635277687223718699      
   2.00000288530329865651892161805143110         1.00000000000000000000000000000000000        -35.5727936854233602434104129073159344      
   2.00001404345667301098843705279402376         1.00000000000000000000000000000000000        -31.0977183342693588345724881809929910      
   2.00005763126786869706522615017603331         1.00000000000000000000000000000000000        -27.0780195544216639251683007709459273      
   2.00020331962910482805384502455402054         1.00000000000000000000000000000000000        -23.4642121657140475963159710887901052      
   2.00062767233617644788442140774290234         1.00000000000000000000000000000000000        -20.2122496582774823674886782424434281      
   2.00172351030385032189550766050236058         1.00000000000000000000000000000000000        -17.2829930606825332819508397015979731      
   2.00427461893213348728630905173705760         1.00000000000000000000000000000000424        -14.6417754721166179712906191540731283      
   2.00972101156810955246853809749833414         1.00000000000000000000000000001803402        -12.2580658884354219177542041538597148      
   2.02058787522214102918807491988212973         1.00000000000000000000000003069079491        -10.1052559834995692177417065751835931      
   2.04129887327285085522109762487503784         1.00000000000000000000002350009211346        -8.16065330571517250982295728142523552      
   2.07990941630179779664043100240674176         1.00000000000000000000885105775234013        -6.40587307483333038033253043875291535      
   2.15176510177519892027862142951889299         1.00000000000000000177553550613773739        -4.82788690038946618211834822719956293      
   2.28648393952936963819622352252258822         1.00000000000000020360707120276350597        -3.42066093149965950432817036473419203      
   2.53949136840394728383849829390000850         1.00000000000001421014416561742198154        -2.18599476345027114419675645290167188      
   3.00811144695556243233950913239669442         1.00000000000063789507567531953622774        -1.13011001658030821124019461562272726      
   3.84992732248560612744371298377382768         1.00000000001933494945834105455808656       -0.253560927336902827458459816037209178      
   5.29857507494031947285905123868906047         1.00000000041295558773439794433709603        0.459489981785783658130994490402303728      
   7.67069311429124972927306545408940984         1.00000000645273489250793630737229957         1.04097971407005050691121160903200927      
   11.3585428943756236245532008698104757         1.00000007627059210794389564339146327         1.52770564424941332157732593285734741      
   16.8059614083819859744778233768925449         1.00000070274649028412491281161707730         1.95091040107940569405245685328251273      
   24.4697434059953284686157915143841024         1.00000518822219765091634419159922608         2.33285235276665749148579035538450492      
   34.7726064360065177200567064594097954         1.00003148354335116401885336242682546         2.68803504950382044568507591365308340      
   48.0561306529953825577761671226349328         1.00016078246093699376797594363284719         3.02563740540055345965070123223976126      
   64.5419069760373129502097073253663339         1.00070597952851268311669386192945740         3.35166619500764508689446443085309926      
   84.3069313441792001843624814541154796         1.00271569727290213755552482648357648         3.67078141733376621558003749354180505      
   107.276000734980740950504886597938776         1.00929501666061826234704332577843077         3.98840185162362222985866767372053526      
   133.230547048052272897892494449905906         1.02865404903032002159579332738172164         4.31401480877695891250616111454835451      
   161.830762527588451770083485416344248         1.08029483977001969120624419041068448         4.66621071546837178567643489851021436      
   192.646388432683101123931625094274740         1.20597149581965930765719426338972007         5.07681803570270957130777083016822502      
   225.191163834839272100834335319732594         1.48644422437538908733458729268884749         5.58434695176362270132745118156279432      
   258.956448307701704841649733278711051         2.06316074026799241422163242082337985         6.20888167107248349711660471401567646      
   293.440627608298034277712999452409974         3.16107242937964982086163030504024005         6.93077429149222770101804735486256247      
   328.172257691316286480098966522178870         5.10597884270868747408625229507818976         7.70424789729237204835983439858882851      
   362.726211237930841439010230900948688         8.32870986783000666290828088055900888         8.48643692120750168449257025973289017      
   396.733151132785003668535495312177541         13.3502079034725627614503894977530228         9.25020889420837534435445316493473536      
   429.883355522821518003882148745977625         20.7459623931752665480243635122048580         9.98214847950955640731196004923011130      
   461.926247671300740754038826399282842         31.0937620339105845043161158076895489         10.6771970008189160360408344612275727      
   492.667005811071379483455842786790568         44.9133194930965476004125360774160733         11.3346826185338419572400975191870134      
   521.961448015428282555086436578531676         62.6084225980843852641905264233303933         11.9560575306695593951288817647462241      
   549.710111798652247142442950156132353         84.4214140099307175836248037569856711         12.5437190552399980320528004696496849      
   575.852162227107493549569782679167416         110.406635598284024189764382463848955         13.1004132490814011759408080780145757      
   600.359517615848999982058345268075428         140.425251516124836646187409804719525         13.6289363492270559861872744961936122      
   623.231399798695997275193017263556123         174.159869261440203342923724962452688         14.1319875906635370077253975990682798      
   644.489396193564913934575393997187236         211.144499090998889346746081151214731         14.6120998694534791582627047390950293      
   664.173051505915931997603386001811172         250.803976237472688265302706504372839         15.0716110892768953527317961930990365      
   682.335972443728637578783834439040362         292.496904477379216228441395897070108         15.5126570277653916586983490092836952      
   699.042415225728674868518845654757518         335.557080566628504016775665014214447         15.9371755839806127669396329112979203      
   714.364322539593404371600957968349649         379.329766724198072873954909436475503         16.3469169004100554476184136596070951      
   728.378777414431781347998387424117640         423.200691689015107880789284669278263         16.7434562981893810311526406113077758      
   741.165842823282852155291209858723102         466.617003183768199549684176548023662         17.1282082946957112966909594166890137      
   752.806756453630524628081330149513158         509.100421583872647027624950475792727         17.5024407184985812983865844919999422      
   763.382449885183999908608719189861328         550.253519167597634040400543635503978         17.8672883665529053073619263825992733      
   772.972360803287183085602107058543556         589.760404702738708935359169968116670         18.2237659022452842811550405389002699      
   781.653506348785850924714081186986549         627.383197818325518369833550460460491         18.5727798453069218403880271225993305      
   789.499785640688227348490380900741681         662.955609277948004209998207555317047         18.9151395969937838902288370656497380      
   796.581480107668210861803434437000603         696.374772582235034391220381552565384         19.2515674998293350639143367558498435      
   802.964921565147407899506021791040984         727.592255272757440533303145487893525         19.5827079644226289230817485283501183      
   808.712299894934655102403931262409946         756.604954399588047626612609330236806         19.9091357147738651833833247630759635      
   813.881584575900077104445319261560832         783.446374483597996968847627078424969         20.2313632132571877323328844697170603      
   818.526537004743077318418446567286133         808.178610819503874502158872050885472         20.5498473304324127874466617419575808      
   822.696793369726975377028598592908117         830.885220622164756006666236208787533         20.8649953251255513009298618951291231      
   826.438000655509410827754232727792302         851.665058454014917714608126172336610         21.1771701982382165266684986073100718      
   829.791991054012132191484510053667572         870.627076728022449196131252993749293         21.4866954804274272004319603202292986      
   832.796982557647864232647432439612181         887.886041686840947160386151268175463         21.7938595097545953516882983844863987      
   835.487795769911431623557962989790658         903.559084720139269935219252909034581         22.0989192510398801146305692843605752      
   837.896078961713528026590809478433162         917.762993212709635604353192492410322         22.4021037042377582860309073797179742      
   840.050535126147751961465896350911891         930.612140047187718889197761905164348         22.7036169448373761094962970003644203      
   841.977146249369760825440676041638613         942.216952962167950501337549948806432         23.0036408351873737012437535959850579      
   843.699391239477307853336607545634612         952.682831519493685992760820452541658         23.3023374418056182824050262180598401      
   845.238454962322296751683256626959382         962.109428485849726497596564029138101         23.5998511901863170002509495696977213      
   846.613426648903116777032769598957729         970.590222579280701353606455728123049         23.8963107853675494878947931563285966      
   847.841486589429057856546037902232542         978.212319820189002830190308491120603         24.1918309235661545749012883204749480      
   848.938080539228818910766173393003611         985.056430552675413489338077436021336         24.4865138175112507501118659078612866      
   849.917081654335624386507534099504815         991.196978212253207844555828368979784         24.7804505556951944894099166786417315      
   850.790940070365541475170017749331545         996.702303934784433836018765457801384         25.0737223135920164030092335704450691      
   851.570820455200679923133465813072847         1001.63493807456958832790558643410340         25.3664014329481160452660850843483557      
   852.266728019458334191382614200673379         1006.05191565026252363358616719848146         25.6585523835082393254844179672186730      
   852.887623571859198095654956063805512         1010.00511773564048078219928009459991         25.9502326199822935894459976904429831      
   853.441528270331783927775069181329363         1013.54162495284974272660113291401649         26.2414933456672903935317213017727488      
   853.935618753022194067786161617046737         1016.70407261300991377837570580429896         26.5323801928968669544319789724090198      
   854.376313343673297815433922483229306         1019.53099978765627614010061748799040         26.8229338293830197775731483759437270      
   854.769350019031190113931963304401511         1022.05718678347027225647045306745289         27.1131904985268529561368447598316327      
   855.119856806770412917215781754467326         1024.31397722228921209057773317595549         27.4031825008945850161994751713023465      
   855.432415254648875232271978672073563         1026.32958227840001771940585656695047         27.6929386232703044398615705808165093      
   855.711117578135509892293194758156624         1028.12936566491703528642936697549662         27.9824845209977058812421372877156622      
   855.959618056857000992783085011334275         1029.73610874974524048129602824307883         28.2718430587000317243458868674193669      
   856.181179211602791542405672070502932         1031.17025576898811163737742619089879         28.5610346139124122824607215530028938      
   856.378713254595581238553246239762973         1032.45013953305488419161289816376591         28.8500773476663467825927021095148688      
   856.554819267219339609781600413680246         1033.59218832222939877150011711634169         29.1389874456255931426764582190615815      
