   5.00000000000000000000000000000000000         4.00000000000000000000000000000000000        -11355.1371119330240588730966137278490      
   5.00000000000000000000000000000000000         4.00000000000000000000000000000000000        -11355.1371119330240588730966137278490      
   5.00000000000000000000000000000000000         4.00000000000000000000000000000000000        -11355.1371119330240588730966137278490      
   5.00000000000000000000000000000000000         4.00000000000000000000000000000000000        -11355.1371119330240588730966137278490      
   5.00000000000000000000000000000000000         4.00000000000000000000000000000000000        -11355.1371119330240588730966137278490      
   5.00000000000000000000000000000000000         4.00000000000000000000000000000000000        -11355.1371119330240588730966137278490      
   5.00000000000000000000000000000000000         4.00000000000000000000000000000000000        -11355.1371119330240588730966137278490      
   5.00000000000000000000000000000000000         4.00000000000000000000000000000000000        -11355.1371119330240588730966137278490      
   5.00000000000000000000000000000000000         4.00000000000000000000000000000000000        -11355.1371119330240588730966137278490      
   5.00000000000000000000000000000000000         4.00000000000000000000000000000000000        -11355.1371119330240588730966137278490      
   5.00000000000000000000000000000000000         4.00000000000000000000000000000000000        -11355.1371119330240588730966137278490      
   5.00000000000000000000000000000000000         4.00000000000000000000000000000000000        -11355.1371119330240588730966137278490      
   5.00000000000000000000000000000000000         4.00000000000000000000000000000000000        -11355.1371119330240588730966137278490      
   5.00000000000000000000000000000000000         4.00000000000000000000000000000000000        -11355.1371119330240588730966137278490      
   5.00000000000000000000000000000000000         4.00000000000000000000000000000000000        -11355.1371119330240588730966137278490      
   5.00000000000000000000000000000000000         4.00000000000000000000000000000000000        -11355.1371119330240588730966137278490      
   5.00000000000000000000000000000000000         4.00000000000000000000000000000000000        -11355.1371119330240588730966137278490      
   5.00000000000000000000000000000000000         4.00000000000000000000000000000000000        -11355.1371119330240588730966137278490      
   5.00000000000000000000000000000000000         4.00000000000000000000000000000000000        -11355.1371119330240588730966137278490      
   5.00000000000000000000000000000000000         4.00000000000000000000000000000000000        -11355.1371119330240588730966137278490      
   5.00000000000000000000000000000000000         4.00000000000000000000000000000000000        -11355.1371119330240588730966137278490      
   5.00000000000000000000000000000000000         4.00000000000000000000000000000000000        -11355.1371119330240588730966137278490      
   5.00000000000000000000000000000000000         4.00000000000000000000000000000000000        -11338.5477375669088192109178422151912      
   5.00000000000000000000000000000000000         4.00000000000000000000000000000000000        -10104.5206176202559184173121599553407      
   5.00000000000000000000000000000000000         4.00000000000000000000000000000000000        -9004.66148878922610889379196050003541      
   5.00000000000000000000000000000000000         4.00000000000000000000000000000000000        -8024.37970790751541499369804649612232      
   5.00000000000000000000000000000000000         4.00000000000000000000000000000000000        -7150.67135056518069512618222287430430      
   5.00000000000000000000000000000000000         4.00000000000000000000000000000000000        -6371.94665693243981106005621198826154      
   5.00000000000000000000000000000000000         4.00000000000000000000000000000000000        -5677.87624268825463319066433779325991      
   5.00000000000000000000000000000000000         4.00000000000000000000000000000000000        -5059.25403436615592639398508350768531      
   5.00000000000000000000000000000000000         4.00000000000000000000000000000000000        -4507.87511035262480214303154581430556      
   5.00000000000000000000000000000000000         4.00000000000000000000000000000000000        -4016.42682656229870596798540950298346      
   5.00000000000000000000000000000000000         4.00000000000000000000000000000000000        -3578.39178209386007566898972788935025      
   5.00000000000000000000000000000000000         4.00000000000000000000000000000000000        -3187.96133727981591526208506824462084      
   5.00000000000000000000000000000000000         4.00000000000000000000000000000000000        -2839.95853656723220437750185345131839      
   5.00000000000000000000000000000000000         4.00000000000000000000000000000000000        -2529.76941346287979404460099172410245      
   5.00000000000000000000000000000000000         4.00000000000000000000000000000000000        -2253.28176600115053720053583908362804      
   5.00000000000000000000000000000000000         4.00000000000000000000000000000000000        -2006.83059032240074040393790230575150      
   5.00000000000000000000000000000000000         4.00000000000000000000000000000000000        -1787.14944829845916364591482927516559      
   5.00000000000000000000000000000000000         4.00000000000000000000000000000000000        -1591.32712388323735354540687999434448      
   5.00000000000000000000000000000000000         4.00000000000000000000000000000000000        -1416.76899304454896266268319589218404      
   5.00000000000000000000000000000000000         4.00000000000000000000000000000000000        -1261.16259467960354728507591604552807      
   5.00000000000000000000000000000000000         4.00000000000000000000000000000000000        -1122.44694566114132870054494890194859      
   5.00000000000000000000000000000000000         4.00000000000000000000000000000000000        -998.785192843514208481732356637310728      
   5.00000000000000000000000000000000000         4.00000000000000000000000000000000000        -888.540239137449397389928312653128170      
   5.00000000000000000000000000000000000         4.00000000000000000000000000000000000        -790.253020226316497860466897214084854      
   5.00000000000000000000000000000000000         4.00000000000000000000000000000000000        -702.623143669121195734263290813249782      
   5.00000000000000000000000000000000000         4.00000000000000000000000000000000000        -624.491633482885277188198665685995353      
   5.00000000000000000000000000000000000         4.00000000000000000000000000000000000        -554.825551235504929261807454227842650      
   5.00000000000000000000000000000000000         4.00000000000000000000000000000000000        -492.704289580333228442687504760633143      
   5.00000000000000000000000000000000000         4.00000000000000000000000000000000000        -437.307356356018285878140126952643171      
   5.00000000000000000000000000000000000         4.00000000000000000000000000000000000        -387.903487154023846121183489282858234      
   5.00000000000000000000000000000000000         4.00000000000000000000000000000000000        -343.840941884218152951831897082843695      
   5.00000000000000000000000000000000000         4.00000000000000000000000000000000000        -304.538856579851906771689407079718747      
   5.00000000000000000000000000000000000         4.00000000000000000000000000000000000        -269.479535685631705543779061561736514      
   5.00000000000000000000000000000000000         4.00000000000000000000000000000000000        -238.201582552234634371036951350362953      
   5.00000000000000000000000000000000000         4.00000000000000000000000000000000000        -210.293776983099878547178412047663071      
   5.00000000000000000000000000000000000         4.00000000000000000000000000000000000        -185.389618592263068728066594331223892      
   5.00000000000000000000000000000000000         4.00000000000000000000000000000000000        -163.162463566907080912812262989513319      
   5.00000000000000000000000000000000000         4.00000000000000000000000000000000000        -143.321190302423069763309444022779186      
   5.00000000000000000000000000000000000         4.00000000000000000000000000000000000        -125.606336395592400535585051573911144      
   5.00000000000000000000000000000000000         4.00000000000000000000000000000000000        -109.786655736136028858372299550593594      
   5.00000000000000000000000000000000000         4.00000000000000000000000000000000000        -95.6560500113279768604671787975836272      
   5.00000000000000000000000000000000000         4.00000000000000000000000000000000000        -83.0308339066034346991338955324678286      
   5.00000000000000000000000000000000000         4.00000000000000000000000000000000000        -71.7472977130351234505014670953975928      
   5.00000000000000000000000000000000000         4.00000000000000000000000000000000000        -61.6595349989600033581033015128412835      
   5.00000000000000000000000000000000000         4.00000000000000000000000000000000000        -52.6375065202786430060309168341057865      
   5.00000000000000000000000000000000000         4.00000000000000000000000000000000000        -44.5653146786932210119724302827283474      
   5.00000000000000000000000000000000000         4.00000000000000000000000000000000000        -37.3396656309933560798812850982610823      
   5.00000000000000000000000000000000000         4.00000000000000000000000000000000000        -30.8684986425143558585172661128881404      
   5.00000000000000000000000000000000000         4.00000000000000000000000000000000000        -25.0697644971210314626105042934371539      
   5.00000000000000000000000000000000000         4.00000000000000000000000000000000000        -19.8703367539597573474628164878066579      
   5.00000000000000000000000000000000000         4.00000000000000000000000000000000000        -15.2050414040173578910756332291532322      
   5.00000000000000000000000000000000000         4.00000000000000000000000000000000000        -11.0157920506189031336093601901887376      
   5.00000000000000000000000000000000000         4.00000000000000000000000000000000000        -7.25081913823505287136630159973852258      
   5.00000000000000000000000000000000000         4.00000000000000000000000000000000000        -3.86398300193351561464006653994917715      
   5.00000000000000000000000000000000000         4.00000000000000000000000000000000000       -0.814161622058209892802188571027198619      
   5.00000000000000000000000000000000000         4.00000000000000000000000000000000000         1.93529503998730122856101723926870845      
   5.00000000000000000000000000000000000         4.00000000000000000000000000000000000         4.41705136548473014953847441209176073      
   5.00000000000000000000000000000000000         4.00000000000000000000000000000000000         6.66021951489496140394078034741716246      
   5.00000000000000000000000000000000000         4.00000000000000000000000000000000000         8.69074572853985846616524363095595808      
   5.00000000000000000000000000000000000         4.00000000000000000000000000000000000         10.5317546174473257733385428719396811      
   5.00000000000000000000000000000000000         4.00000000000000000000000000000000000         12.2038560128899611125810789858927137      
   5.00000000000000000000000000000000000         4.00000000000000000000000000000000000         13.7254184463242454681664313510562628      
   5.00000000000000000000000000000000000         4.00000000000000000000000000000000000         15.1128128886429067324816982334152785      
   5.00000000000000000000000000000000000         4.00000000000000000000000000000000000         16.3806299830122488811735388303229000      
   5.00000000000000000000000000000000000         4.00000000000000000000000000000000000         17.5418736538422150558328013368484255      
   5.00000000000000000000000000000000000         4.00000000000000000000000000000000000         18.6081336609625873946906740306381889      
   5.00000000000000000000000000000000000         4.00000000000000000000000000000000000         19.5897393886944040273518125877368937      
   5.00000000000000000000000000000000000         4.00000000000000000000000000000000000         20.4958969105041341889402385249261784      
   5.00000000000000000000000000000000000         4.00000000000000000000000000000000000         21.3348111480052967679829387455232673      
   5.00000000000000000000000000000000000         4.00000000000000000000000000000000000         22.1137947452832543189497315647382982      
   5.00000000000000000000000000000000000         4.00000000000000000000000000000000000         22.8393651032393244040404739292556503      
   5.00000000000000000000000000000000000         4.00000000000000000000000000000000000         23.5173308615410000192391252718040841      
   5.00000000000000000000000000000000000         4.00000000000000000000000000000000000         24.1528689757412151849154551695010946      
   5.00000000000000000000000000000000000         4.00000000000000000000000000000000000         24.7505934123331990500401027141320206      
   5.00000000000000000000000000000000000         4.00000000000000000000000000000000000         25.3146163732825597616759145496762119      
   5.00000000000000000000000000000000000         4.00000000000000000000000000000000000         25.8486028624489410132642591693577953      
   5.00000000000000000000000000000000000         4.00000000000000000000000000000000000         26.3558193179605140448140289252920863      
   5.00000000000000000000000000000000000         4.00000000000000000000000000000000000         26.8391769558633673097062835574766184      
   5.00000000000000000000000000000000000         4.00000000000000000000000000000000000         27.3012704001896871553807539244824884      
