   1.00000000000000000000000000000000000         2.00000000000000000000000000000000000        -11355.1371119330240588730966137278490      
   1.00000000000000000000000000000000000         2.00000000000000000000000000000000000        -11355.1371119330240588730966137278490      
   1.00000000000000000000000000000000000         2.00000000000000000000000000000000000        -11355.1371119330240588730966137278490      
   1.00000000000000000000000000000000000         2.00000000000000000000000000000000000        -11355.1371119330240588730966137278490      
   1.00000000000000000000000000000000000         2.00000000000000000000000000000000000        -11355.1371119330240588730966137278490      
   1.00000000000000000000000000000000000         2.00000000000000000000000000000000000        -11355.1371119330240588730966137278490      
   1.00000000000000000000000000000000000         2.00000000000000000000000000000000000        -11355.1371119330240588730966137278490      
   1.00000000000000000000000000000000000         2.00000000000000000000000000000000000        -11355.1371119330240588730966137278490      
   1.00000000000000000000000000000000000         2.00000000000000000000000000000000000        -11355.1371119330240588730966137278490      
   1.00000000000000000000000000000000000         2.00000000000000000000000000000000000        -11355.1371119330240588730966137278490      
   1.00000000000000000000000000000000000         2.00000000000000000000000000000000000        -11355.1371119330240588730966137278490      
   1.00000000000000000000000000000000000         2.00000000000000000000000000000000000        -11355.1371119330240588730966137278490      
   1.00000000000000000000000000000000000         2.00000000000000000000000000000000000        -11355.1371119330240588730966137278490      
   1.00000000000000000000000000000000000         2.00000000000000000000000000000000000        -11355.1371119330240588730966137278490      
   1.00000000000000000000000000000000000         2.00000000000000000000000000000000000        -11355.1371119330240588730966137278490      
   1.00000000000000000000000000000000000         2.00000000000000000000000000000000000        -11355.1371119330240588730966137278490      
   1.00000000000000000000000000000000000         2.00000000000000000000000000000000000        -11355.1371119330240588730966137278490      
   1.00000000000000000000000000000000000         2.00000000000000000000000000000000000        -11355.1371119330240588730966137278490      
   1.00000000000000000000000000000000000         2.00000000000000000000000000000000000        -11355.1371119330240588730966137278490      
   1.00000000000000000000000000000000000         2.00000000000000000000000000000000000        -11355.1371119330240588730966137278490      
   1.00000000000000000000000000000000000         2.00000000000000000000000000000000000        -11355.1371119330240588730966137278490      
   1.00000000000000000000000000000000000         2.00000000000000000000000000000000000        -10281.8880247079427313819202204030576      
   1.00000000000000000000000000000000000         2.00000000000000000000000000000000000        -9162.70331198517145017427463810947112      
   1.00000000000000000000000000000000000         2.00000000000000000000000000000000000        -8165.19758632996376872294931330557352      
   1.00000000000000000000000000000000000         2.00000000000000000000000000000000000        -7276.13837204988603553860974068723554      
   1.00000000000000000000000000000000000         2.00000000000000000000000000000000000        -6483.73221277022477475454527793590625      
   1.00000000000000000000000000000000000         2.00000000000000000000000000000000000        -5777.46817943317719945049478040672549      
   1.00000000000000000000000000000000000         2.00000000000000000000000000000000116        -5147.97839665531932978762600868448955      
   1.00000000000000000000000000000000000         2.00000000000000000000000000000559059        -4586.91373671285452262519591919973060      
   1.00000000000000000000000000000000000         2.00000000000000000000000001062072172        -4086.83303168935055633070063431062331      
   1.00000000000000000000000000000000000         2.00000000000000000000000888038532200        -3641.10433369847648481429388034730123      
   1.00000000000000000000000000000000000         2.00000000000000000000357297080519988        -3243.81691296488574161029223303130119      
   1.00000000000000000000000000000000000         2.00000000000000000074898169857338690        -2889.70282603124563639449508575337414      
   1.00000000000000000000000000000000000         2.00000000000000008780745247137610876        -2574.06701334917288200547454339961675      
   1.00000000000000000000000000000000000         2.00000000000000613255399868745731834        -2292.72499869157707125206991837730880      
   1.00000000000000000000000000000000000         2.00000000000026993081943220897021404        -2041.94736369546539944230774979340766      
   1.00000000000000000000000000000000000         2.00000000000787334461207314522165473        -1818.41026074612388314747162412965795      
   1.00000000000000000000000000000000000         2.00000000015914321581803070755816244        -1619.15130753866006471142768941695122      
   1.00000000000000000000000000000000000         2.00000000231982059636149930587892430        -1441.53027806385561405529004179380979      
   1.00000000000000000000000000000000000         2.00000002526920578551941575461829328        -1283.19406840555135108165858936454654      
   1.00000000000000000000000000000000000         2.00000021230284926145032839472627719        -1142.04547242766498063392756459913949      
   1.00000000000000000000000000000000000         2.00000141516807093304506537391217511        -1016.21535283193602536937503727058184      
   1.00000000000000000000000000000000000         2.00000767496445789773506757621683992        -904.037837606805986405439457320271252      
   1.00000000000000000000000000000000000         2.00003463387819323196392066240864581        -804.028210739009093796529037416774697      
   1.00000000000000000000000000000000000         2.00013266723424719349171945906875048        -714.863199473411503991594697547901598      
   1.00000000000000000000000000000000000         2.00043913862603118899201706692548770        -635.363389508689492344561199874003141      
   1.00000000000000000000000000000000000         2.00127617848945012785063234485234292        -564.477527011481764061967858926146041      
   1.00000000000000000000000000000000000         2.00330247580038988313658908370274923        -501.268495920380704485302558995099406      
   1.00000000000000000000000000000000000         2.00770663253278695485802820572327108        -444.900793068018450309757874697804506      
   1.00000000000000000000000000000000000         2.01640095527107245403918310796019047        -394.629360617548890849161001979596714      
   1.00000000000000000000000000000000000         2.03215177346106511034698148087995290        -349.789668993885797880978721971494287      
   1.00000000000000000000000000000000000         2.05858017338610771621559359896892552        -309.788964807207081710982573450633816      
   1.00000000000000000000000000000000000         2.09999152728111073025008629907308319        -274.098598489736719105707014009772308      
   1.00000000000000000000000000000000000         2.16103622991699790842639648576324955        -242.247321865928611079363151035186974      
   1.00000000000000000000000000000000000         2.24625090022830961721795832003130531        -213.815404860054426878464177451995590      
   1.00000000000000000000000000000000000         2.35956159775553237583291230662188390        -188.429387259248011779612232337975432      
   1.00000000000000000000000000000000000         2.50383843443593693085050142201013765        -165.757287051303501135715762051917088      
   1.00000000000000000000000000000000000         2.68057483514827348243005751983437030        -145.504144573520278242949516943509280      
   1.00000000000000000000000000000000000         2.88973312886311991333046973408681125        -127.407867910529392753459117357408125      
   1.00000000000000000000000000000000000         3.12976257874007601035808978280211447        -111.235413129553766588675237564716962      
   1.00000000000000000000000000000000000         3.39776607953929291098866530208070191        -96.7793516861422249370846239124716884      
   1.00000000000000000000000000000000000         3.68977300384165029056791130135247644        -83.8548522044147256694680353335831577      
   1.00000000000000000000000000000000000         4.00106905065363533104376871833052164        -72.2970635234401389504084016669929967      
   1.00000000000000000000000000000000000         4.32653724729872830748614576850431073        -61.9588554395710724025046227411054470      
   1.00000000000000000000000000000000000         4.66097382152381200271354935185802308        -52.7088615007649198517081104539554262      
   1.00000000000000000000000000000000000         4.99935480894219672254041687238587255        -44.4297705376952353212616100118514445      
   1.00000000000000000000000000000000000         5.33704112423551572465208503388967997        -37.0168227621443889824680129033709524      
   1.00000000000000000000000000000000000         5.66991964493157396758601601783326081        -30.3764764862570506444283030412549632      
   1.00000000000000000000000000000000000         5.99448489279558992878081959520987083        -24.4252200652590556120545375032799553      
   1.00000000000000000000000000000000000         6.30787015016656680214243315813588595        -19.0885098878069740542768763383959941      
   1.00000000000000000000000000000000000         6.60783875078184017945994981409034794        -14.2998194527845319753638238288686628      
   1.00000000000000000000000000000000000         6.89274644793270208303491715269579569        -9.99978735475670727185550205890263518      
   1.00000000000000000000000000000000000         7.16148480115331166926908869205613664        -6.13545386545954972772751895456994176      
   1.00000000000000000000000000000000000         7.41341395648406510602490227831824710        -2.65957711123686088445497964182627586      
   1.00000000000000000000000000000000000         7.64829141462490850582644325731594947        0.469979162916839406294589372069556221      
   1.00000000000000000000000000000000000         7.86620164638054762431353990240731150         3.29079344860408705147334387793557638      
   1.00000000000000000000000000000000000         8.06748987694296706332648390718682187         5.83637646463588005819213705108976371      
   1.00000000000000000000000000000000000         8.25270208910302881554856876565524117         8.13660918449293650849970193496462850      
   1.00000000000000000000000000000000000         8.42253230430185181628967676383584065         10.2181342435824725697081262431569089      
   1.00000000000000000000000000000000000         8.57777746987212968681497329481980199         12.1047055573397178887846712315709492      
   1.00000000000000000000000000000000000         8.71929977409666281493774138806564686         13.8175005112035279473121369788705338      
   1.00000000000000000000000000000000000         8.84799588507016055875208492898844213         15.3753986525545781991443232872504956      
   1.00000000000000000000000000000000000         8.96477242294839248168492047772518025         16.7952304207301838452459392504359588      
   1.00000000000000000000000000000000000         9.07052689080463221570321830456460459         18.0919990922358545238648525490926539      
   1.00000000000000000000000000000000000         9.16613327600475272918856844908449285         19.2790787922037979825928044702039439      
   1.00000000000000000000000000000000000         9.25243156723255115438453294261781251         20.3683911278446322837523753174360004      
   1.00000000000000000000000000000000000         9.33022049346005863559811920629178859         21.3705627328761139437600039070901963      
   1.00000000000000000000000000000000000         9.40025286675328686961116121744594721         22.2950657714546186248524520131726664      
   1.00000000000000000000000000000000000         9.46323299143189914987365232142551880         23.1503432337825331056723525118306365      
   1.00000000000000000000000000000000000         9.51981568155054051460234836445268179         23.9439206611974530959439775783815362      
   1.00000000000000000000000000000000000         9.57060650311175724160731301202969612         24.6825057641542782338230614967888536      
   1.00000000000000000000000000000000000         9.61616292474453628134466603911053594         25.3720772402013962089836017697347865      
   1.00000000000000000000000000000000000         9.65699611986865203906708923037030470         26.0179639590742817691126275623502810      
   1.00000000000000000000000000000000000         9.69357321448369684489548193019871785         26.6249155567687501866369039864277176      
   1.00000000000000000000000000000000000         9.72631981803798422557471728588413508         27.1971653684324804557794930418578129      
   1.00000000000000000000000000000000000         9.75562271099483605756622644500651192         27.7384865297790675734327571317727089      
   1.00000000000000000000000000000000000         9.78183259250775044906061665017189948         28.2522419872599052762587847185641641      
   1.00000000000000000000000000000000000         9.80526681586748661542173383020542954         28.7414290773181403068967316608691885      
   1.00000000000000000000000000000000000         9.82621205889801494610687867348462293         29.2087192636961451882265588333070893      
   1.00000000000000000000000000000000000         9.84492689200234236213248933961050510         29.6564935580730361269593774756964406      
   1.00000000000000000000000000000000000         9.86164421876563686272494500417600744         30.0868740924620883500490123620858066      
