   2.00000000000000000000000000000000000         1.00000000000000000000000000000000000        -7553.19814900854391359885435585809676      
   2.00000000000000000000000000000000000         1.00000000000000000000000000000000000        -6731.56396902118814352378802573154536      
   2.00000000000000000000000000000000000         1.00000000000000000000000000000000000        -5999.25043480861529587765136216168076      
   2.00000000000000000000000000000000000         1.00000000000000000000000000000000000        -5346.54400993752970169758174195438935      
   2.00000000000000000000000000000000000         1.00000000000000000000000000000000000        -4764.78749594916027951110040666536541      
   2.00000000000000000000000000000000000         1.00000000000000000000000000000000000        -4246.26515659551728703280866765975339      
   2.00000000000000000000000000000000000         1.00000000000000000000000000000000000        -3784.10033470718732060300088152035091      
   2.00000000000000000000000000000000000         1.00000000000000000000000000000000000        -3372.16420313070653714276272081055916      
   2.00000000000000000000000000000000000         1.00000000000000000000000000000000000        -3004.99443891589071332329595894112297      
   2.00000000000000000000000000000000000         1.00000000000000000000000000000000000        -2677.72274160899867155226027703238112      
   2.00000000000000000000000000000000000         1.00000000000000000000000000000000000        -2386.01023386351664826710121101689985      
   2.00000000000000000000000000000000000         1.00000000000000000000000000000000000        -2125.98988717391699521267085183993137      
   2.00000000000000000000000000000000000         1.00000000000000000000000000000000000        -1894.21520875685825991981898904908906      
   2.00000000000000000000000000000000000         1.00000000000000000000000000000000000        -1687.61450868591618909734551437659943      
   2.00000000000000000000000000000000000         1.00000000000000000000000000000000000        -1503.45014043250919121645750701378305      
   2.00000000000000000000000000000000000         1.00000000000000000000000000000000000        -1339.28217395976033103179598903135603      
   2.00000000000000000000000000000000000         1.00000000000000000000000000000000000        -1192.93601933332233567953889749145825      
   2.00000000000000000000000000000000000         1.00000000000000000000000000000000000        -1062.47357123415199811886290071253635      
   2.00000000000000000000000000000000000         1.00000000000000000000000000000000000        -946.167491478450057889105627537167114      
   2.00000000000000000000000000000000000         1.00000000000000000000000000000000000        -842.478288289431183940194955231733482      
   2.00000000000000000000000000000000000         1.00000000000000000000000000000000000        -750.033888176786263205568972444615510      
   2.00000000000000000000000000000000000         1.00000000000000000000000000000000000        -667.611429355088856058610315393308422      
   2.00000000000000000000000000000000000         1.00000000000000000000000000000000000        -594.121035110869741154544624997669955      
   2.00000000000000000000000000000000000         1.00000000000000000000000000000000000        -528.591351800799351597085638938288353      
   2.00000000000000000000000000000000000         1.00000000000000000000000000000000000        -470.156659579000579238985481370734464      
   2.00000000000000000000000000000000000         1.00000000000000000000000000000000000        -418.045384820674449851704283431521285      
   2.00000000000000000000000000000000000         1.00000000000000000000000000000000000        -371.569861808879623069271480778929059      
   2.00000000000000000000000000000000000         1.00000000000000000000000000000000000        -330.117207828269714583795640669297896      
   2.00000000000000000000000000000000000         1.00000000000000000000000000000000000        -293.141190583826302062396940443701984      
   2.00000000000000000000000000000000000         1.00000000000000000000000000000000000        -260.154980030175267745841348214176088      
   2.00000000000000000000000000000000000         1.00000000000000000000000000000000000        -230.724688432665235277873417573975944      
   2.00000000000000000000000000000000000         1.00000000000000000000000000000000000        -204.463612940743439832978357617627148      
   2.00000000000000000000000000000000000         1.00000000000000000000000000000000000        -181.027104276075736164241147299891077      
   2.00000000000000000000000000000000000         1.00000000000000000000000000000000000        -160.107993446019698942541775793989776      
   2.00000000000000000000000000000000000         1.00000000000000000000000000000000000        -141.432515797717169015000951019056343      
   2.00000000000000000000000000000000000         1.00000000000000000000000000000000000        -124.756678327480452857082775182161650      
   2.00000000000000000000000000000000000         1.00000000000000000000000000000000000        -109.863022041874823182405041989519884      
   2.00000000000000000000000000000000000         1.00000000000000000000000000000013289        -96.5577364089959592868854182729756369      
   2.00000000000000000000000000000000000         1.00000000000000000000000000041436941        -84.6680876104639351244576669163723178      
   2.00000000000000000000000000000000000         1.00000000000000000000000053968394110        -74.0401264686002175901145751079074664      
   2.00000000000000000000000000000000000         1.00000000000000000000032287734643875        -64.5366456343738953771996304528811945      
   2.00000000000000000000000000000000000         1.00000000000000000009655159256349756        -56.0353589292423245229555119938812993      
   2.00000000000000000000000000000000000         1.00000000000000001556245522853759337        -48.4272786818585828776310152796915500      
   2.00000000000000000000000000000000000         1.00000000000000144651662660660827493        -41.6152695278897123514789212570317042      
   2.00000000000000000000000000000000000         1.00000000000008237433852486929762115        -35.5127594827479240483949832023267035      
   2.00000000000000000000000000000000000         1.00000000000303458241925075827896680        -30.0425911839505287621341180817245061      
   2.00000000000000000000000000000000000         1.00000000007593912193943277566648925        -25.1359980597363114049215105312007938      
   2.00000000000000000000000000000000000         1.00000000134877579732923700441300189        -20.7316918374406537424388129526316203      
   2.00000000000000000000000000000000000         1.00000001768320011997803788033474276        -16.7750492737000581836363013390285156      
   2.00000000000000000000000000000000000         1.00000017721084382374790254502186921        -13.2173872358454964542508013525276752      
   2.00000000000000000000000000000000000         1.00000140002763461405579032103300636        -10.0153160303168366136284887785596024      
   2.00000000000000000000000000000000000         1.00000895978156863287832357820155718        -7.13016009844805147621387860564298561      
   2.00000000000000000000000000000000000         1.00004756906416904475791791379921422        -4.52742980082808400911330568642231731      
   2.00000000000000000000000000000000000         1.00021394464896763794366084644133986        -2.17631154102737218757365756872715931      
   2.00000000000000000000000000000000000         1.00083025455696808235420743357041312        -4.91069649150582344178016253837552715E-0002
   2.00000000000000000000000000000000000         1.00282540430649082148333227504911602         1.87950911533830083966971706675380988      
   2.00000000000000000000000000000000000         1.00855243680415107071018909730142981         3.63361021841491856503688790153606467      
   2.00000000000000000000000000000000000         1.02331618967128219219838471017820281         5.23771205278269500159813023938670696      
   2.00000000000000000000000000000000000         1.05787750738404521941179815720114947         6.71893378478484714736966015799273977      
   2.00000000000000000000000000000000000         1.13205285197302406736497657299932337         8.10853884043268062339067467859715916      
   2.00000000000000000000000000000000000         1.27920349025707444054749291448545555         9.44013269010646165627104209454300258      
   2.00000000000000000000000000000000000         1.55094220666387899128545754312598795         10.7419271940957736021445953926147989      
   2.00000000000000000000000000000000000         2.02091482627718676879412918341961100         12.0264637134667458195494502641537685      
   2.00000000000000000000000000000000000         2.78625278889258955230829052377225409         13.2878527653037328807261257279871164      
   2.00000000000000000000000000000000000         3.96544082580677782975612534742376509         14.5100640142910176001789053269437262      
   2.00000000000000000000000000000000000         5.69196521978244174521880410501272082         15.6775602087955557702855058558264039      
   2.00000000000000000000000000000000000         8.10406495925331608142117791415359740         16.7805705569478778006349559152260625      
   2.00000000000000000000000000000000000         11.3318989532356315961741450946112806         17.8152978843836902766257314413673569      
   2.00000000000000000000000000000000000         15.4841350550740798447540682845536142         18.7821972520091946128590663025621150      
   2.00000000000000000000000000000000000         20.6361440384465843812242801754051193         19.6842324112098297101784339499147779      
   2.00000000000000000000000000000000000         26.8216218372857195687661998284563100         20.5256444763393882700383211356663915      
   2.00000000000000000000000000000000000         34.0287214826930176788912259106125722         21.3111967068096093697748663973870018      
   2.00000000000000000000000000000000000         42.2008977093239713796425588108049962         22.0457432747557075858196665674951061      
   2.00000000000000000000000000000000000         51.2418868102434844052693900089562004         22.7339950941109680252371692972297889      
   2.00000000000000000000000000000000000         61.0237158867349778430873242950223030         23.3804000501512566900313825598862588      
   2.00000000000000000000000000000000000         71.3964103834805493335541634311972777         23.9890883498077523657375028260491172      
   2.00000000000000000000000000000000000         82.1981126993259830185580360869120043         24.5638545665176072918748111360696550      
   2.00000000000000000000000000000000000         93.2645549761174587718370482017006525         25.1081601180466877638248142799499701      
   2.00000000000000000000000000000000000         104.437151102190630854418148384194063         25.6251468450283724736896742690505126      
   2.00000000000000000000000000000000000         115.569305526462524550961591326157769         26.1176562939413379732179672567745291      
   2.00000000000000000000000000000000000         126.530824706087494139683554986434146         26.5882515617382335210374826324004793      
   2.00000000000000000000000000000000000         137.210533191486220563032771950781452         27.0392398668752829894274430978314431      
   2.00000000000000000000000000000000000         147.517334704531917226650216074069111         27.4726947820246040903700865915132133      
   2.00000000000000000000000000000000000         157.380027574661731736392076910999729         27.8904775248447453920681853907626212      
   2.00000000000000000000000000000000000         166.746199101499660329020266512582914         28.2942569827785834786057031324353326      
   2.00000000000000000000000000000000000         175.580501978846589749215188814142830         28.6855283189516674890172791527935651      
   2.00000000000000000000000000000000000         183.862573295741511013568582369140704         29.0656301112717294054962616063072473      
   2.00000000000000000000000000000000000         191.584804982045661067999484238405006         29.4357600409029266843600347873863603      
   2.00000000000000000000000000000000000         198.750122404298163614235145256700584         29.7969891845872767576404026171032182      
   2.00000000000000000000000000000000000         205.369880391142846815765689428179655         30.1502749871687904574013109343703178      
   2.00000000000000000000000000000000000         211.461945950476890981808408445710523         30.4964730020226957751471653666101205      
   2.00000000000000000000000000000000000         217.049005181504647757842250649486068         30.8363474916624633751357760347890862      
   2.00000000000000000000000000000000000         222.157108071763867349933190031239299         31.1705809810325242311589633049493294      
   2.00000000000000000000000000000000000         226.814448048509843705611131264583989         31.4997828535004869382147385859200417      
   2.00000000000000000000000000000000000         231.050362100765477600966251251309163         31.8244970754058489931447283928952132      
   2.00000000000000000000000000000000000         234.894530745607962380373694238423906         32.1452091299151695710832447156510652      
   2.00000000000000000000000000000000000         238.376353927881500525048458739471919         32.4623522353531085732901682256510075      
   2.00000000000000000000000000000000000         241.524478135750351541904750216254763         32.7763129174422004169787442601699983      
   2.00000000000000000000000000000000000         244.366450795052031142124677038076693         33.0874359992008303425340201276613346      
   2.00000000000000000000000000000000000         246.928479765089189939108038945524965         33.3960290667532466076127312751162662      
   2.00000000000000000000000000000000000         249.235278048728510511663256478481175         33.7023664640808280925554804410568627      
