   4.00000000000000000000000000000000000         5.00000000000000000000000000000000000        -11355.1371119330240588730966137278490      
   4.00000000000000000000000000000000000         5.00000000000000000000000000000000000        -11355.1371119330240588730966137278490      
   4.00000000000000000000000000000000000         5.00000000000000000000000000000000000        -11355.1371119330240588730966137278490      
   4.00000000000000000000000000000000000         5.00000000000000000000000000000000000        -11355.1371119330240588730966137278490      
   4.00000000000000000000000000000000000         5.00000000000000000000000000000000000        -11355.1371119330240588730966137278490      
   4.00000000000000000000000000000000000         5.00000000000000000000000000000000000        -11355.1371119330240588730966137278490      
   4.00000000000000000000000000000000000         5.00000000000000000000000000000000000        -11355.1371119330240588730966137278490      
   4.00000000000000000000000000000000000         5.00000000000000000000000000000000000        -11355.1371119330240588730966137278490      
   4.00000000000000000000000000000000000         5.00000000000000000000000000000000000        -11355.1371119330240588730966137278490      
   4.00000000000000000000000000000000000         5.00000000000000000000000000000000000        -11355.1371119330240588730966137278490      
   4.00000000000000000000000000000000000         5.00000000000000000000000000000000000        -11355.1371119330240588730966137278490      
   4.00000000000000000000000000000000000         5.00000000000000000000000000000000000        -11355.1371119330240588730966137278490      
   4.00000000000000000000000000000000000         5.00000000000000000000000000000000000        -11355.1371119330240588730966137278490      
   4.00000000000000000000000000000000000         5.00000000000000000000000000000000000        -11355.1371119330240588730966137278490      
   4.00000000000000000000000000000000000         5.00000000000000000000000000000000000        -11355.1371119330240588730966137278490      
   4.00000000000000000000000000000000000         5.00000000000000000000000000000000000        -11355.1371119330240588730966137278490      
   4.00000000000000000000000000000000000         5.00000000000000000000000000000000000        -11355.1371119330240588730966137278490      
   4.00000000000000000000000000000000000         5.00000000000000000000000000000015947        -10159.9349449707786085303695797173483      
   4.00000000000000000000000000000000000         5.00000000000000000000000000035648655        -9054.18882969924382395660713820066469      
   4.00000000000000000000000000000000000         5.00000000000000000000000034433637458        -8068.66026662965243172800612596652390      
   4.00000000000000000000000000000000000         5.00000000000000000000015751178822137        -7190.27570974018561357884665249735675      
   4.00000000000000000000000000000000000         5.00000000000000000003701134031130878        -6407.38334887416265092269253845216570      
   4.00000000000000000000000000000025191         5.00000000000000000480297329972340522        -5709.59849729848554882761825885304262      
   4.00000000000000000000000000057779824         5.00000000000000036718057224976143406        -5087.66579322005565816437065265380987      
   4.00000000000000000000000057101065228         5.00000000000001751598443601059911099        -4533.33638675800657947918267534170404      
   4.00000000000000000000026657728367222         5.00000000000054884304447418807737060        -4039.25848271749160265745502092610586      
   4.00000000000000000006378688031267511         5.00000000001182420231013224576761269        -3598.87978673413447748830828658797506      
   4.00000000000000000841270283529728995         5.00000000018243098403439639014257280        -3206.36056030872852310157867882678967      
   4.00000000000000065248347713188165893         5.00000000209025422852028900842674194        -2856.49613102511094287274497757631804      
   4.00000000000003152880910296463024554         5.00000001837107486634546202052104852        -2544.64782970745192566308539398681216      
   4.00000000000099930298043911315843804         5.00000012748269084673445237730266418        -2266.68143808766205520267150986727046      
   4.00000000002174981592859595042270409         5.00000071674047161104935642865536039        -2018.91233019238353236791592656393310      
   4.00000000033863669554290851153329773         5.00000334132179887828753646361560230        -1798.05657942425788879824569456550689      
   4.00000000391158965090545938230852539         5.00001318783533488956312518902943902        -1601.18738236319703230547601748136487      
   4.00000003462690778905406153084423441         5.00004490869572174778989839390804337        -1425.69622071468552906884127493982395      
   4.00000024181442258963463791098489648         5.00013423489672427030939526809428080        -1269.25824559942699364856098251064587      
   4.00000136697015647726917946301972372         5.00035778073099686329811192991707929        -1129.80142447240250222126611771684439      
   4.00000640068517610124207700728627286         5.00086264679130171352755094204359480        -1005.47904120966511227348276723375909      
   4.00002533851713639007220098420929023         5.00190625514271246521804772459414899        -894.645184930094956849665994140851728      
   4.00008636790958017178227608833787486         5.00390601491233901561229366092064823        -795.832903337677652597654640905190439      
   4.00025763626897992553284651995894786         5.00749811234400268515298231003386639        -707.734732039862246925331075986696825      
   4.00068240681048116326555097468904186         5.01360433293601794692219443855649967        -629.185342637884433972973116754721986      
   4.00162582911832741682708539313795737         5.02350432666022384449928703223912370        -559.146079765861851779075411564165770      
   4.00352455762565245199276541738061928         5.03890721538392372384417320955850144        -496.691181438764227018065192353987716      
   4.00702411182683305762758005367804409         5.06201062556838595423402986857611497        -440.995499181132440112516341052345019      
   4.01298701403675893320477550723896708         5.09552826306356613009755725795791673        -391.323555377625888509063771543566487      
   4.02245950251738777871303114743699674         5.14266236413725313753763512478104144        -347.019795062015952407994398809289102      
   4.03659489884031701288071827837411816         5.20699941287405222886691789938720206        -307.499906707798984098025421267978812      
   4.05654366415335181806565472819162746         5.29231940121286772906376496469339680        -272.243099925059139027049634201729127      
   4.08332930434499568147230577486790428         5.40232886315525944267607168617583366        -240.785236803855681745261696110368536      
   4.11773260147601148505189915390172377         5.54034922483780836430508305036627220        -212.712719427695019870034322777110623      
   4.16020376341670146936785789788093450         5.70900650977049912532438248728233941        -187.657041727733337718499352022485609      
   4.21081484837859246427222065757019224         5.90997131001821001613646148408767737        -165.289922045748658931491268679895521      
   4.26925618151441442344435983034808845         6.14379030289353981845257949337082985        -145.318944261622661204092047255004258      
   4.33487323918061329285328417056906458         6.40983799913280421371518131841138714        -127.483648527717704063387386054588937      
   4.40673636582374880062097935425957955         6.70640518723201879904774868881211170        -111.552024898021508170870860274837886      
   4.48373481325386556723304342361938439         7.03092941841142539372773636659278757        -97.3173725686138263962931010502356884      
   4.56468737644244613661198387446729775         7.38035849767161615468696207531290889        -84.5954937460108435126791258772599289      
   4.64846190334655062893093473091163891         7.75161544791900318655244218999868255        -73.2221949982668348734512846693443743      
   4.73409353744068223964846440423937625         8.14210390776206606432555201917561056        -63.0510709950412655566483704958400226      
   4.82088738868939549795938651212638043         8.55016626882440644800465044707632302        -53.9515461505375141550465871889759554      
   4.90848840135972857044212822081095433         8.97539753814448141124980157829661020        -45.8071491552107675230641338052172733      
   4.99690288065911907547616056021271540         9.41873626588866805706668495323844131        -38.5139942997750105398529709414602849      
   5.08646378955759979513160740833162103         9.88229876846718103069258109136363573        -31.9794426810390901904914613359668429      
   5.17774367371211725643973177634293302         10.3689809145299123462107955840797724        -26.1209166446399625402214096848843973      
   5.27143081470449527822923513110052910         10.8819035824671551561970707076421402        -20.8648427065690005918436037456185210      
   5.36819183476086057449908261993765721         11.4238074285929138168179032380905648        -16.1457017887257055060343887773488415      
   5.46854538362828142942012561554810082         11.9965034991062000269636055527822786        -11.9051704547716886694200812956192152      
   5.57276769329791690262341733786883031         12.6004627955306080503514724462319101        -8.09134211439221438677928366565254835      
   5.68084625385560289943388770470064374         13.2345911118343271570132231844360511        -4.65802218492362941139626730420123633      
   5.79250177222831259907499855978029734         13.8961972533651104243619906383055650        -1.56409615390250509629078881307290087      
   5.90732472464034995657556838539512444         14.5811318988888823981375948313070413         1.22702418616296254185645127335399688      
   6.02513345238185651173190094268266629         15.2840549811154312658314031049090308         3.74786179425747711016900636141071181      
   6.14674894430592068610633738658818875         15.9987816385473094627588137209913973         6.02721740911515013498976901729306582      
   6.27544981573210321791380818475883958         16.7186582342551519057833909806712249         8.09036479990622339624159129948050856      
   6.41933261261427238963394574841535630         17.4369274800512574939443804528567106         9.95908515760785016837195386510316540      
   6.59457695950061283535141666868056997         18.1470523251793522666840243089296620         11.6515822641227624679546929278921011      
   6.82920418172638129689696156784840356         18.8429795689131739900000046699631687         13.1824217613742479618386644110771345      
   7.16645383744529789128533082303137983         19.5193344885052457295479549316093400         14.5627654686719611204093626858761025      
   7.66661013427417043663013217263427417         20.1715461838419951327786508434098802         15.8012332607629318245104932583911313      
   8.40619028080081981143141274876417308         20.7959094379970979114617766673818429         16.9055426110508604987757307869463947      
   9.47391120211322921239601026708621030         21.3895927024652532855469059913978061         17.8845450020669129175332793718152232      
   10.9636365217682926489300408038764584         21.9506036288660167551405566987710491         18.7497131307711267959281413288480609      
   12.9652985795514255373144576627387553         22.4777238165060816314392769160520379         19.5152188527346878915413786004743857      
   15.5553175553786261640588596986717971         22.9704235960438395682182235473963113         20.1966401675451436674160216060092381      
   18.7881471306117809070589755638818913         23.4287661582926829104412417004957476         20.8091868635536130126277038041793343      
   22.6902734093204593496073290917946681         23.8533085230684596953995970730998693         21.3663490632485209121751602345665363      
   27.2574217013326195980424138552780697         24.2450049931848878038903159844953017         21.8793017982628391853212582820389954      
   32.4550779902761144422306437553943462         24.6051170305004781382158668357635162         22.3569142777353990518924169412521049      
   38.2218788276041603979918101716204314         24.9351320244986028422991350847967525         22.8060700172657964319056723544949959      
   44.4750665496068985953348269193500805         25.2366922400188397663621597797017035         23.2320723313558584137248433359372910      
   51.1170707219386338600798527994541826         25.5115343289269277896395508596396997         23.6390186758105728686434285736969294      
   58.0423276454361865690477104290494987         25.7614391447340125003265749452092166         24.0301038051760929540177919434393535      
   65.1436237775807069771888068453287152         25.9881911704653095262081903756002128         24.4078498982238551724231512114919532      
   72.3174782086683581468750455068103027         26.1935466153047980971690405252213719         24.7742757692928368909055338487462557      
   79.4683087795562498978910035487851459         26.3792091131422323436499682587512635         25.1310196734319006539859616834476963      
   86.5113205043938896462913749447160308         26.5468119293296690592351586753459327         25.4794282920398132007879861698386546      
   93.3741971897074339254012866168617063         26.6979056201019043453116846236594533         25.8206215802783672115423467557832404      
   99.9977656436001007870829556927116723         26.8339501680102239230848360660130193         26.1555405116421334796120302021786259      
   106.335843801417678698110629902055936         26.9563107180596985729948479343571886         26.4849826919368281576852339640818688      
   112.354490721190417930810630740692780         27.0662561498131050119185964359099925         26.8096293141708280187242271877145815      
