   4.00000000000000000000000000000000000         1.00000000000000000000000000000000000        -11355.1371119330240588730966137278490      
   4.00000000000000000000000000000000000         1.00000000000000000000000000000000000        -11355.1371119330240588730966137278490      
   4.00000000000000000000000000000000000         1.00000000000000000000000000000000000        -11355.1371119330240588730966137278490      
   4.00000000000000000000000000000000000         1.00000000000000000000000000000000000        -11355.1371119330240588730966137278490      
   4.00000000000000000000000000000000000         1.00000000000000000000000000000000000        -11355.1371119330240588730966137278490      
   4.00000000000000000000000000000000000         1.00000000000000000000000000000000000        -11355.1371119330240588730966137278490      
   4.00000000000000000000000000000000000         1.00000000000000000000000000000000058        -11355.1371119330240588730966137278490      
   4.00000000000000000000000000000000000         1.00000000000000000000000000000251257        -10863.9998557013880212842488580953977      
   4.00000000000000000000000000000000000         1.00000000000000000000000000468773910        -9682.17537171897336038845813693273107      
   4.00000000000000000000000000000000000         1.00000000000000000000000385574186674        -8628.84189116412528584132079584867535      
   4.00000000000000000000000000000000000         1.00000000000000000000152838664774886        -7690.02613795584224378250385462599896      
   4.00000000000000000000000000000022418         1.00000000000000000031609296594882071        -6853.27441667812977213958320575767072      
   4.00000000000000000000000000056116668         1.00000000000000003660826124262934418        -6107.48735960825088025903173817142630      
   4.00000000000000000000000059989587053         1.00000000000000252877940468856611374        -5442.77264485062480808725899772969091      
   4.00000000000000000000030037302397616         1.00000000000011020903271773357416960        -4850.31373123549411076189462012635393      
   4.00000000000000000007650132364665907         1.00000000000318603472421952268727426        -4322.25286817421490394860042054293847      
   4.00000000000000001066662887451277158         1.00000000006388490442044790633901780        -3851.58682808298523128717399146009153      
   4.00000000000000086934713688458964848         1.00000000092457138781289224787564140        -3432.07397780708382204818948474816357      
   4.00000000000004390725261514745233709         1.00000001000647384411903301814873085        -3058.15145593511906898597447534922597      
   4.00000000000144770706169973539324170         1.00000008359049169912146645864490543        -2724.86135696581379145930280632190783      
   4.00000000003264506354859906796153284         1.00000055440637757034474403505032112        -2427.78494268741385089219756941927138      
   4.00000000052479148977160314402289425         1.00000299401997704301494234183242533        -2162.98400724841115812712505600863513      
   4.00000000624211206333674076554154131         1.00001346657270726926095258689277315        -1926.94861632677252074463652483303334      
   4.00000005679645772464680852918516122         1.00005148293794478260901799654162630        -1716.55052356883504339601868922578844      
   4.00000040732467301551822650211888711         1.00017038607527434764759298631260178        -1529.00164058812149831619484134033676      
   4.00000236506431035950043865850609309         1.00049632072633736896530507616208280        -1361.81700273560517584509477744346435      
   4.00001138850138228580913525801678412         1.00129164618999248036021914139698776        -1212.78173450918439401485906841525422      
   4.00004646485758606230902873788784185         1.00304380289407602155163054028524012        -1079.92157798408409213778841622240878      
   4.00016371019302030630193784573867443         1.00657330355880263203884401281330438        -961.476605459740796999006946649774367      
   4.00050651392760413437135237784195649         1.01314684939552989684634214139979342        -855.877792889044465991046543174554314      
   4.00139646705163934414726137425227104         1.02457525782116346368816884103775136        -761.726182216140906806521344303120434      
   4.00347479273810801567992451878453214         1.04327194982853101689158890331181344        -677.774404794630301513664192917648889      
   4.00789040103098580865748207040499004         1.07224794414203270736303769610262344        -602.910365153873391173213549719109020      
   4.01650972006647154197966565005149990         1.11502661667404737192882200549089544        -536.142880184453692744640369561024599      
   4.03210251584061692853816650576650632         1.17547757244352701938669880078804564        -476.589026425748618411300505992692747      
   4.05844769923432110080622850673742899         1.25759045518078325020425687466868571        -423.462888857769187180007614029210024      
   4.10031168393776131904856235116051012         1.36522742828826603072061293416985298        -376.065382980636110350281432075652935      
   4.16327868117974411060422658364444987         1.50189773336237318139100820524357755        -333.774888612082263170995999302337561      
   4.25344719180657870794372007794992292         1.67058575809585598316684622051355347        -296.038577598359409388068109117500901      
   4.37703545842806843359666350704539677         1.87364132281339140689927947945793732        -262.364459336317834734055243733555297      
   4.53995064585430749312346156640039678         2.11271900207589618846802799691077107        -232.314229638799892912286263135524483      
   4.74737155571053080055836628939833063         2.38874224480250581898818182572795341        -205.496979257526175639169811253211824      
   5.00338049522012199575037376092465642         2.70187106635461579098558738384658060        -181.563745513807163220347998860912472      
   5.31066611119073599672220476753468933         3.05146555325998373561222332720801780        -160.202825240396437882728925270680536      
   5.67031096150685063032982718846539886         3.43605484132162380585533468605033560        -141.135732706753885031174774355130842      
   6.08167470423148314643077264924762172         3.85333742598054414130813550669098685        -124.113681103607908163552010830786216      
   6.54238194116997956592060735305151686         4.30025119537746104598478793768316627        -108.914480099613386069734381182426282      
   7.04841959788669858897642299561197586         4.77315896034329000022358044582916447        -95.3397647917695962942523330059284422      
   7.59434272490115897700840271929839325         5.26819486190492867081495919195246200        -83.2124957859229393880943505788838032      
   8.17358451322514737831971178141282230         5.78180579417319318025222777576817887        -72.3746917547759423358991666893373521      
   8.77887216046085175684611072768741652         6.31149897375061529038985144612877296        -62.6853725591578851772965623874907421      
   9.40276579816290293951837445676660158         6.85677310400941754837621224182393842        -54.0187026426440942706556218815310087      
   10.0383517035561483198678995162122404         7.42016554975280623085476095461551449        -46.2623317845245801759239774346347571      
   10.6801106421160616017946879732720269         8.00828895475290105981028075884571235        -39.3159342406792844068499936025438005      
   11.3249272078926977507776565369874173         8.63266277414668687612865539992746720        -33.0899473683823888596732165812376477      
   11.9731104990482156982965809873696921         9.31009229831860894341761088910336720        -27.5045049333762015074399842753610558      
   12.6291990939281671065247530112586979         10.0623497012482472589672981774037307        -22.4885461038750418103072664662557445      
   13.3022817167918231737961702015922880         10.9150002520865539891747652429087195        -17.9790594456863380178009895213123369      
   14.0056206555891654271536894832168679         11.8953880200758266523839120456446938        -13.9203997175167180190425300908676745      
   14.7555140066826019429409160663747811         13.0300012270081848201355354055839394        -10.2636082210999936838762557209316336      
   15.5695245237377791303193654275379683         14.3416064787162211627976574438254418        -6.96568740988462197152949249259612340      
   16.4643664176015551284753851656222471         15.8466137479745488818453692127997030        -3.98882518461953522174316028419001740      
   17.4538211584825287011976391309126588         17.5530890465471120091697978900859364        -1.29961252793189191603197671469312908      
   18.5470310215432487370571144292344987         19.4596912825632380347984381354393983         1.13167706757890032562253732005928553      
   19.7474148703783787594597015055174084         21.5556236265770636577904434713353325         3.33168827520612630070806946133569536      
   21.0523069072451498068693146366575011         23.8215119285776176834666302497513195         5.32444104517618991089145575135295303      
   22.4532802056888543729125440970470262         26.2309930214747464732925621560065066         7.13165675630655607623316011682550279      
   23.9370142458644290856868371110162615         28.7527312724379642725549539647964358         8.77298768394254419632967699972829888      
   25.4865124893677370669041759750435453         31.3525790846031585748802736577543343         10.2661878329314514874934763835951363      
   27.0824693825219503789036562184731437         33.9956398031586598137038884053791401         11.6272551290758891312685349584634508      
   28.7046135557114700434563630046105661         36.6480587885949183571103854067353822         12.8705631525819973771561553491402675      
   30.3328998607372747879087655128019359         39.2784414569446023011300457807540150         14.0089904650202631338248395414305472      
   31.9484734675266913139519415527879747         41.8588624418381776025742094345414538         15.0540490985544940613001561525249573      
   33.5343748311086388953834408712553762         44.3654804289577394173870267632587966         16.0160106584816569937075323224653597      
   35.0759897264485235549386214074705689         46.7788065352656903511088816060275696         16.9040276189660079352364193177635171      
   36.5612722114981427301296266933521615         49.0836917368637219052759825610992697         17.7262476818816584838991322533813599      
   37.9807812558256703743514165737947978         51.2691040147017650878581785580443855         18.4899197780319937913657892599219848      
   39.3275760741085034203528237084385196         53.3277623605434309255429964311003250         19.2014910186177117446228653625218347      
   40.5970135105305719001162125939678454         55.2556860653743379543259254714078440         19.8666944879499095411166609989778936      
   41.7864855147570521537222871319029903         57.0517066096292949981078794104486845         20.4906281709987744439941514670200642      
   42.8951277415844809008631672708307279         58.7169779962366834101309276023839823         21.0778255536770815140722386729283364      
   43.9235229558075568983253602290995190         60.2545107791853485166769233947380912         21.6323185591199165451861597693516181      
   44.8734160910105015579438300418707563         61.6687460124780748429709695881338841         22.1576935275887221613176695470748888      
   45.7474519549704237149076965603247036         62.9651781184564461824741571609898356         22.6571409411375621048299843575789881      
   46.5489418666402766206193933706472489         64.1500302143489000808638967494207517         23.1334995584044821185525298330697420      
   47.2816619357937569845975383532455439         65.2299815479364006297285061839054312         23.5892955742265254992503850925106001      
   47.9496831363733804165405053152242682         66.2119441132716472031610759503051816         24.0267773622982743406191681614047844      
   48.5572316105611158261009109563744923         67.1028839675440044183911999014911819         24.4479463022085154807795375278424782      
   49.1085765946485433307225701503548197         67.9096819922913781928497510829530220         24.8545841379045453167602741820616544      
   49.6079428139980278556049521930296974         68.6390286143786550264599538865003841         25.2482772644480058271610805668620920      
   50.0594440098652775878579398516208557         69.2973471444662131248805621954943504         25.6304382944300068870018743252727764      
   50.4670343194462339025448178141984691         69.8907407637231336700766919987356996         26.0023252146728480555038950634658348      
   50.8344744421539190011832103495339890         70.4249586899564598447294268851669970         26.3650584076438820604974251658552449      
   51.1653098229011023082658058261731551         70.9053776087448621135348904516351677         26.7196357799894054625157180315618848      
   51.4628584194066012146756831027020921         71.3369950139462698665944793959341843         27.0669462123561930575002080908517151      
   51.7302059628892022112709421830287600         71.7244316335409460001572120999812652         27.4077815197944324249300673124869182      
   51.9702069492488893226240208788717682         72.0719406028848509156373368577272977         27.7428470901383468738748903033167905      
   52.1854898988055845162787976822382896         72.3834214791633687150912671863045699         28.0727713484824595717498523280992925      
   52.3784656907754203573240073678671914         72.6624375655787230867592205439953539         28.3981141788918547125751904062463933      
   52.5513380119347381956165070420123740         72.9122353330797958560319420560573395         28.7193744195202994044754582685723933      
   52.7061151580322521463210013872890756         73.1357649951862078289799219958994855         29.0369965341115767094996782241152778      
