   2.00000000000000000000000000000000000         1.00000000000000000000000000000000000        -1678.12670220156334822458823639152824      
   2.00000000000000000000000000000000000         1.00000000000000000000000000000000000        -1495.40103045168506552062645117968060      
   2.00000000000000000000000000000000000         1.00000000000000000000000000000000000        -1332.51530358739591227364139715107674      
   2.00000000000000000000000000000000000         1.00000000000000000000000000000000000        -1187.31194621490987728075387173215840      
   2.00000000000000000000000000000000000         1.00000000000000000000000000000000000        -1057.86801724042089262166358010951694      
   2.00000000000000000000000000000000000         1.00000000000000000000000000000000000        -942.469693610098369496651472261910895      
   2.00000000000000000000000000000000000         1.00000000000000000000000000000000000        -839.589528919420554972295223515598522      
   2.00000000000000000000000000000000000         1.00000000000000000000000000000000000        -747.866185127408420176430203188848322      
   2.00000000000000000000000000000000000         1.00000000000000000000000000000000000        -666.086368427922250310674535096992357      
   2.00000000000000000000000000000000000         1.00000000000000000000000000000000000        -593.168729578008161778826910745293278      
   2.00000000000000000000000000000000000         1.00000000000000000000000000000000000        -528.149515050433290307466840666077027      
   2.00000000000000000000000000000000000         1.00000000000000000000000000000000000        -470.169778609921639342237687961198564      
   2.00000000000000000000000000000000000         1.00000000000000000000000000000000000        -418.463983618477028045746116275075211      
   2.00000000000000000000000000000000000         1.00000000000000000000000000000000000        -372.349844829309606702900368784411326      
   2.00000000000000000000000000000002003         1.00000000000000000000000000000000000        -331.219274876143107664334788470712448      
   2.00000000000000000000000000006490731         1.00000000000000000000000000000000000        -294.530315323316528853352768886731092      
   2.00000000000000000000000008705689530         1.00000000000000000000000000000000000        -261.799945206617505000888473161112534      
   2.00000000000000000000005380879212997         1.00000000000000000000000000000000000        -232.597671638553499234851334198320704      
   2.00000000000000000001665899929246963         1.00000000000000000000000000000000000        -206.539817429286883100620539772526786      
   2.00000000000000000278238812736083511         1.00000000000000000000000000000000000        -183.284429923434351062592981830380398      
   2.00000000000000026784374659784240637         1.00000000000000000000000000000000000        -162.526743496088206802064233796879908      
   2.00000000000001576393537110467672670         1.00000000000000000000000000000000000        -143.995135498138556140261843490429257      
   2.00000000000059792445065989467926434         1.00000000000000000000000000000000000        -127.447521988748101756368958399260019      
   2.00000000001532024258457670823235487         1.00000000000000000000000000000001887        -112.668145428545029276695110931452698      
   2.00000000027655874520145874251872947         1.00000000000000000000000000007165827        -99.4647117082649199226329674938947765      
   2.00000000365203626282181060784191099         1.00000000000000000000000011153702452        -87.6658385239585762278322979780297717      
   2.00000003648353097174363793867011250         1.00000000000000000000007833538499218        -77.1187812483447118256916536150205049      
   2.00000028412437880532810420445719405         1.00000000000000000002705795523159139        -67.6874061700020821989675097986944430      
   2.00000177180740408582232287255769856         1.00000000000000000496335338342756374        -59.2503844209327653866297191906320902      
   2.00000906200235613968319638404645162         1.00000000000000051775700805130250167        -51.6995833580671293657517698264976999      
   2.00003883491147106851260668511410641         1.00000000000003264787471784164394826        -44.9386359686240860150055314613304169      
   2.00014213691787685112366470406486319         1.00000000000131402628562164803034500        -38.8816731502762853599938500600019098      
   2.00045194435348319683757603959657877         1.00000000003543782361625867435157448        -33.4522077088510500736259414159171722      
   2.00126756873790149710551034045279199         1.00000000066876885603544809313705873        -28.5821606433027291725120257772761518      
   2.00317892159067506728101261329701962         1.00000000918047537642972712447002379        -24.2110174318395495707745879119548823      
   2.00721620328399419179984095458049157         1.00000009491068347413102638166409641        -20.2850939769836472878297172400948974      
   2.01499101561264191956978303658701682         1.00000076239350823490206573564609368        -16.7568814228868519222641325385854546      
   2.02878630715581124543353159384792564         1.00000489425060422752025614736314355        -13.5844321106423930235563088223110499      
   2.05156804878339499765984137651343501         1.00002575789241252829594696785859359        -10.7307516700345367128307247361038574      
   2.08693716870740354942931122435512044         1.00011373626983842183693606658184077        -8.16317724324627092588498466162340836      
   2.13911220366094523607656404266472111         1.00043028398452470631426181143225983        -5.85274467915919515855236909591076601      
   2.21311869141569258074027448783482965         1.00142129144431876237789494675185746        -3.77356477396936114930988010439003325      
   2.31543776000268023974300800045825466         1.00416887890334420719597907143498801        -1.90221874273789363759146451302728899      
   2.45539399783051155234744618700182431         1.01102242387697649947972190104290684       -0.217126826697453632483925059665263802      
   2.64748472262391703933152717349208668         1.02662111776561563440896442210664458         1.30224539843446554223664724168339468      
   2.91462062947499355454978442433238947         1.05942959550165862239748505499712269         2.67650160522560541133211390673054176      
   3.29187017828051981126966300058124714         1.12394210422909752080075702421817784         3.92764357355629229013160550573169606      
   3.82987949874807747071746874858860783         1.24379592768352142761610068549086722         5.07977011716337046834053174769419690      
   4.59685387090651767032266052934847910         1.45614053885838289210880941435178471         6.15759593472057410801431466848218289      
   5.67800975422532236570592720511728519         1.81758959873692347192512776946364036         7.18221033886855879059123093035819236      
   7.17181040797954916534777986046822463         2.41171410308979312887636016028074767         8.16661655876404023261248779693554246      
   9.18300055805778684546002146029019845         3.35719363040059213826212689217006799         9.11493059453783195560921860330832826      
   11.8132426005424167150806218414855714         4.81462283242784278280871738787923564         10.0256186170759005254150955871978178      
   15.1507740399000972659379373231251151         6.98911436015734902532971720767377700         10.8955705811792955813187535611070575      
   19.2607641878281781024310881522979078         10.1258715580616608541799185832597938         11.7225425671785698204055433686583051      
   24.1778922199319319401734014630836298         14.4971192137385608560868883549027283         12.5058647456864714091172953568780949      
   29.9021804750556700989384005957096543         20.3808960438113993509867782577810180         13.2462686586577168538672782574409765      
   36.3984648091283733168388949828761299         28.0344773730458822543160564965301578         13.9454781985482372268744119996575018      
   43.5992506672647647337975769533878596         37.6667746989654497264024817682164986         14.6058315911004279644859613923861435      
   51.4102272373026633182215457218384252         49.4144279175476373500254768936576727         15.2299972554424980801635968201262455      
   59.7174577595550336070290557714627484         63.3254433625333891935845025313928689         15.8207765012824580874426986800412889      
   68.3952275154353626697721649169790267         79.3525369023070908846156482506061998         16.3809720601852080685121307047860824      
   77.3136611604537637183388097677067826         97.3564022877115117213095238006894368         16.9133035582914706787390519937676117      
   86.3454478705405928736258271257144011         117.117467011217360723166107144312162         17.4203557395927163786059663191356195      
   95.3712698023472401673303684043656871         138.353637674791004998513440631646194         17.9045492665599491868957869972782913      
   104.283766884431975131668973318943361         160.741151432541218502987409767781254         18.3681268873805805630870694884770405      
   112.990059901580392349694120210982506         183.935833822809595383184097151368944         18.8131498788733386933797951850957935      
   121.412983599059793796398704054053275         207.592617839966510772549256150116143         19.2415011872520050058443068966280786      
   129.491254723378067154555232069222834         231.381894678649115088433558023543347         19.6548927695487665514968806829375125      
   137.178826658435506891292163616879044         255.001974199380901000670461281916014         20.0548754088343824490283083211463352      
   144.443675551696193559496519998184826         278.187525289314504135380154057470046         20.4428498231862281453655008623021506      
   151.266235117526925698541157891060224         300.714294634247792697883814764561541         20.8200782743797287829591291301616201      
   157.637659102223687616206810274762769         322.400663551398638317530782990211097         21.1876961531245908503693069816849705      
   163.558049403219459423898445996431969         343.106720343758722089715983294278155         21.5467232064370665030314431528591245      
   169.034749098695276570944277429263628         362.731536018823099744716531857189472         21.8980742033193315699399752555096131      
   174.080765994620585190229880295056363         381.209271235544137523850660680212264         22.2425689244296838766066253218590646      
   178.713364919902352847114669452376670         398.504644005921277412583378881886406         22.5809414220748849073736936595474855      
   182.952845980836563247114553032965488         414.608175316963675642538616785844971         22.9138485372933189401652748923340917      
   186.821510754534718500835120694741812         429.531519925629368678540809907642551         23.2418776871417705975758239947540964      
   190.342808069009274224072294477336644         443.303091825700355928598792567337733         23.5655539518620150456858831017797322      
   193.540644602588977985139933644267856         455.964112851372162837129698674711109         23.8853465014207346290320721474468736      
   196.438842098139156107663035074555950         467.565149588852932672117065436529514         24.2016744061197559289104260623134993      
   199.060721705065914441606456177388823         478.163157065828346007328587571395341         24.5149118780591219706233364655086239      
   201.428796155872204034186431012301367         487.819015298998980907837462179005284         24.8253929902505071169118834613959274      
   203.564551621792574604087861940049519         496.595524006795799817752138688263302         25.1334159188543724186976467469286395      
   205.488302773906279929700535669484391         504.555808976176789381053972350523235         25.4392467518597459619602404866227278      
   207.219106514314736577006413655058386         511.762088328221923898139662410770391         25.7431229048922775547022153454038537      
   208.774721838728678787528129363402517         518.274746265274814321870729787287118         26.0452561819652478231169729582005623      
   210.171605218803690692160622809991141         524.151664220373045852725414736324268         26.3458355160425002080890257359744657      
   211.424932672948182775147824764157768         529.447763465439731428689827673549550         26.6450294213699180636462749974585967      
   212.548641288078813886731937289156249         534.214718292480260241958864428952609         26.9429881867226712076658698758617618      
   213.555484347167730459843249410945129         538.500804251714529980492053925650704         27.2398458360516604487641793232556542      
   214.457095410201748556277234313191853         542.350851208785132993671194515777231         27.5357218805183442591332535318126397      
   215.264057701265078778806367513517948         545.806275921403573885590036173366423         27.8307228835935216370726008728470955      
   215.985975989342230880148651792447559         548.905173297359892387630042855954996         28.1249438587650266703714848104862097      
   216.631548835043350316689558668319534         551.682449421758414199325347567310093         28.4184695174482293572643070444837882      
   217.208639630108126100441773529141608         554.169982824290759077267582751814220         28.7113753829145815391994466193983020      
   217.724345300703637504489746870090529         556.396803322260164270987023248054066         29.0037287844377838979978095596919840      
   218.185061897059206183875149088407426         558.389280165360354216842587078335529         29.2955897443938258805528282876093616      
   218.596546566797730549061405849949990         560.171313176244377680591009754943688         29.5870117697289738005567894992179737      
   218.963975621302825103497092534089494         561.764522181613728782707734833800073         29.8780425580175039861310458005468960      
