   4.00000000000000000000000000000000000         1.00000000000008947662816351426169428        -3231.57710061058355717202369919822700      
   4.00000000000000000000000000000000000         1.00000000000264597317872831483699337        -2879.99053448358364832018752438791098      
   4.00000000000000000000000000000010015         1.00000000005413833557146936176280444        -2566.60737709153231633955779659029638      
   4.00000000000000000000000000027306451         1.00000000079774319151698426810244769        -2287.27304357376233366752826119832296      
   4.00000000000000000000000031571579065         1.00000000877331043824779468216966891        -2038.28475626968115919199739182107909      
   4.00000000000000000000016954103777811         1.00000007434019266502126023475224045        -1816.34241107105431243266699146735437      
   4.00000000000000000004597059498067660         1.00000049929733557525886982823790320        -1618.50478683856277361387945926788595      
   4.00000000000000000678104869918429148         1.00000272614238963208152729436484069        -1442.15051629901385193999040878581274      
   4.00000000000000058164485156355594632         1.00001237603843968214375916137450799        -1284.94329907550858291943055284192423      
   4.00000000000003079176765884249855669         1.00004766472737407083487231450600682        -1144.80089206035708566948548197598403      
   4.00000000000106114170286632642777013         1.00015856564543883345428900326159392        -1019.86746040034026119838761046712838      
   4.00000000002496767158679946812397139         1.00046304858842508955356980533101457        -908.488916175013718476450248097059347      
   4.00000000041854615980166937476093263         1.00120437826746994431362708485040003        -809.190914224444028750318124417682912      
   4.00000000519216264521601771482469666         1.00282703962831959543815233158293606        -720.659217099142769247518193914121581      
   4.00000004929722925331278638867777466         1.00606071466943272532977902218876568        -641.722182413698044128834291673366334      
   4.00000036906311186222493339976324558         1.01199656527615046251040175219610235        -571.335162284099223818363132814889764      
   4.00000223653504911991014977055136189         1.02214124956426407496991639195594492        -508.566632956774308462763086231468964      
   4.00001122684723521944050355513108704         1.03844023845698494364619303590339388        -452.585893313706982147836056321397185      
   4.00004763619597956933344436180143058         1.06326771264057555353304429503326246        -402.652185796767649277582739868727839      
   4.00017391827891342992660551625695464         1.09938116943141579220179285387624340        -358.105102227314620206982645394853253      
   4.00055501981614502967069805249863269         1.14983601533328814751013187343492422        -318.356135207977530005372261400690271      
   4.00156994848673268791197446621319780         1.21785518042153430971558586472381991        -282.881219511222491018878996961647522      
   4.00398552951814151260744773525243271         1.30665697839588478427872782093950148        -251.214085737377073972987594327941365      
   4.00918271480998515691399305839250479         1.41926022345697602403926280346186345        -222.940244908199435498863170409494723      
   4.01939685788984824473305122825601555         1.55830041063055602588058598327979543        -197.691459822356502096476374608488290      
   4.03790954082454698766905793974295276         1.72589371579351055836521964454655340        -175.140630482280798713730909603064907      
   4.06912561823861240530951282031189078         1.92357179421030301493911869732873138        -154.997089546599758353547726014297303      
   4.11849068245924566439636040615449277         2.15228534974880145427048546566419106        -137.002334045156100970587488574000613      
   4.19224254003827720832261015321668867         2.41245091274681514599196132979397614        -120.926208534970886840728681968362440      
   4.29702814763317364772532300907812897         2.70400480303967331535172555533749401        -106.563527663905849368558362312322708      
   4.43944010467886711774816409161211386         3.02643440472125450053126849483516935        -93.7311081465095665755434526628950742      
   4.62553049040857036698786117697389167         3.37877428835198242594352943907600239        -82.2651782942495258593363534463696630      
   4.86035114361016887295295227208509443         3.75957393699761591046374047487760909        -72.0191383402875727857971775287418077      
   5.14755826716698269085486856100613707         4.16685742985671038051414259823311805        -62.8616450353092528434882492578012437      
   5.48911191211578526635593808011629044         4.59810141840488538150532317067323898        -54.6749853328558407205694084628451728      
   5.88509869717637187611703208309502000         5.05025914361330103191094094641525932        -47.3536917237651805658543539568292514      
   6.33370744203838393323480290286339660         5.51986008201201640178366377519588179        -40.8033446648537254097567712852216649      
   6.83138987825960819661871928087597493         6.00321986414337575505964218498271432        -34.9395105989854299305823254008607583      
   7.37323824271525625257560065528322917         6.49680026515661795214751879980463259        -29.6867758467251341538136308450788169      
   7.95360078258390849770537849906478723         6.99775408739464646993136048079781927        -24.9778518625720067542843204400499427      
   8.56692584343125847763955882294441768         7.50466120730413036716120912214848375        -20.7527411330993240971749961120126372      
   9.20877251008165043053707922105267698         8.01840302454567117578959954178338152        -16.9579632170067107908356075866208891      
   9.87686341824516072531610483402000598         8.54304341727365039348109173980845158        -13.5458471295288700777110399054602877      
   10.5720116040352398964633219826436977         9.08651561255490861716825747567276665        -10.4738997925035148207153004774409604      
   11.2987569065295879924819371492729120         9.66089523881557968251889583482392373        -7.70425982631461720162396090069680073      
   12.0656050645058165030139811492160340         10.2820954518616687060289606648774168        -5.20323984831581366288048045708418252      
   12.8848476441269223580446754692663548         10.9689423025190190118923599930136479        -2.94094810113984773452847816690656085      
   13.7720088158809171964688709844536112         11.7417349479608227517598290288963841       -0.890964946577162470698816605857697242      
   14.7449862063806883602495274385502463         12.6205101597968703782546558060700621        0.969960809840006998123608520350634336      
   15.8229354072340129977721005351117190         13.6232750614213692741885723802530387         2.66222849417662849850646420738836637      
   17.0249282937998836654261790783803596         14.7644428254439865938885483841711985         4.20373050922773798247206093326521859      
   18.3684291916126750964935922300539330         16.0536308334142147738599312715664874         5.61021633276125608198188552138662941      
   19.8676859665383233820921272794029309         17.4948970745239979528497665760121727         6.89564684393211983742802572332639491      
   21.5321989726855989473139523625066657         19.0864248522420879107325724226075869         8.07250577513268988808732253697387849      
   23.3654706921171537041838866145586533         20.8206254927951874915809883469870587         9.15204571793968957088469988210119066      
   25.3642263504673464593292091854232409         22.6846069256541368181221151485387331         10.1444640288437546907653516121767350      
   27.5182297446446402858047449677484470         24.6609423647546732165357643640491317         11.0590196977709264741661458339482640      
   29.8107202858559063396233807926712035         26.7286616818016926510816675471819898         11.9041101851471117798991189907444564      
   32.2193973753012037375015130614679995         28.8643782829615578064925231616479469         12.6873271700610960256968184236850750      
   34.7178027321926563719990039648968143         31.0434597207706418641649881288109528         13.4155051927636202604056664029048214      
   37.2769138067982616978394738337617423         33.2411541017786663579637463565476600         14.0947709426588526252793391929745178      
   39.8667622551367670871626887479871766         35.4335973574017594467008663217657159         14.7305958322501600471063921380242526      
   42.4579215420137851237256840307443752         37.5986466359387792535757968417160397         15.3278513576480141161984721212262657      
   45.0227540330295180799914855982112245         39.7165087307685279104207757151718504         15.8908653838919672792379074956467113      
   47.5363580093980061687851221141588969         41.7701555872691631211528740748586986         16.4234773068601338035178134779115676      
   49.9771997377286304543449165168899014         43.7455383784510859658854489060586282         16.9290904436472472626866453226236460      
   52.3274499475019870981011545380748812         45.6316256278154432272302135575288251         17.4107205810649467053526902370181352      
   54.5730662695221071177559505280712670         47.4202989674387995924561213136121128         17.8710401472529259028684399747134382      
   56.7036743106458145358210187101060094         49.1061429505846195850539253496126939         18.3124178789961922348205420937713077      
   58.7123023663099514256909440572315792         50.6861640701437539212715109050545224         18.7369541276254916252084068953216252      
   60.5950210064473580617114394242939425         52.1594701274596309475111542465939319         19.1465121026533351342076328806293914      
   62.3505314340253287307492363040580917         53.5269356137914293889101365547233021         19.5427454262306496086679181776304511      
   63.9797376391165830375606307095611378         54.7908728225471696916015668709178601         19.9271223917331201215524358233736040      
   65.4853284022080346919670395494572743         55.9547227193966327481121269390723222         20.3009473081882061851030372189060407      
   66.8713870431922954980673399588252625         57.0227745936140883441139288162644976         20.6653792839295965004730265706068987      
   68.1430399349700141230190717086940070         57.9999194037325502539102098203138022         21.0214487674401371309123087396495442      
   69.3061493556685609557278010585227094         58.8914385555766696090921903081409497         21.3700721265155774904594338121476196      
   70.3670521908558006295249472854166485         59.7028275476275611547645745124247182         21.7120645117417332119032396467072229      
   71.3323431527821326554762748349518640         60.4396523671217805764171829279514154         22.0481512182928042274409292322643397      
   72.2086993444330282406310373649706557         61.1074355779688965412979764995356073         22.3789777317391886234252440532976363      
   73.0027419419192615803431053007736883         61.7115685670791242370073828190548023         22.7051186188862069903407499822616978      
   73.7209302971219486161274308656901282         62.2572462817424460508619058478238113         23.0270854033784284062504440711357464      
   74.3694837009530007266003344944711164         62.7494208902935181467522756003056043         23.3453335475201024173037214108005349      
   74.9543262569368966229240297219202286         63.1927710462028997657773833815783101         23.6602686460819896732858189509781315      
   75.4810506880577454009051625119308314         63.5916837672059574330695717518909444         23.9722519244118823683343827254195746      
   75.9548973581992284910050667102849987         63.9502463091434050502950148897433552         24.2816051216039066720815988600094801      
   76.3807452776613802310703883170015507         64.2722457864306754953733060344913003         24.5886148295195760952982662882814191      
   76.7631123432302536500069723968732223         64.5611746464724844937760538087762497         24.8935363498450401994442009266132213      
   77.1061625141282410568461108096362045         64.8202404314136581602259043946571227         25.1965971239073480508403383897136095      
   77.4137180330840526748046020672109944         65.0523785510467448565297252214039248         25.4979997834854185404752011380432026      
   77.6892751610620576221942022829893719         65.2602670434133836276848088211643394         25.7979248651952292503667452416924230      
   77.9360222039859654534307362394894988         65.4463425153605292424431364448257630         26.0965332260838683322464150973715032      
   78.1568588722038827999759558184177969         65.6128166364678917648431928392124638         26.3939681937335739153929320093206337      
   78.3544162323405458598100097877005529         65.7616927096986321331842840488897957         26.6903574803708618986809334137918313      
   78.5310766913003001510574383428730671         65.8947819645811278895172576258307480         26.9858148871266632002869675707556269      
   78.6889935985222491215974820668916603         66.0137193174825863208557609833369102         27.2804418216412334898962833998721129      
   78.8301101700382335294042423504092285         66.1199784221808028546691688503782579         27.5743286496015580804727333151917497      
   78.9561775310018500739576161734773616         66.2148858957679276188999605380331057         27.8675558984955255643522166006480179      
   79.0687717462472946449491712901667270         66.2996346528544739065696929455931399         28.1601953298288952798860235966978948      
   79.1693097647067575474556062881109945         66.3752963176273130159133170538756214         28.4523108942457773461519035937695669      
   79.2590642462720761133827604064216260         66.4428327107273334781270773476966448         28.7439595823930392480028459272803618      
