   10.0000000000000000000000000000000000         9.00000000000000000000000000000000000        -2384.03254531501137400903046963520933      
   10.0000000000000000000000000000000000         9.00000000000000000000000000000000000        -2124.47635411225261007450657831613095      
   10.0000000000000000000000000000000000         9.00000000000000000000000000000000000        -1893.11535470828074258809352735395046      
   10.0000000000000000000000000000000000         9.00000000000000000000000000000000000        -1686.88334644583858469242642827963871      
   10.0000000000000000000000000000000000         9.00000000000000000000000000000000000        -1503.04757511263936146179011942725252      
   10.0000000000000000000000000000000000         9.00000000000000000000000000000000000        -1339.17247095329353995829219786607623      
   10.0000000000000000000000000000000000         9.00000000000000000000000000000000000        -1193.08733013842002182798182737995598      
   10.0000000000000000000000000000000000         9.00000000000000000000000000000000000        -1062.85751084367238926939825177957862      
   10.0000000000000000000000000000000000         9.00000000000000000000000000000000000        -946.758761728149116483983013695358687      
   10.0000000000000000000000000000000000         9.00000000000000000000000000000000000        -843.254342166693349928778456122606763      
   10.0000000000000000000000000000000000         9.00000000000000000000000000000000000        -750.974630635465805297182869046133997      
   10.0000000000000000000000000000000000         9.00000000000000000000000000000000000        -668.698950666456550333147729467765355      
   10.0000000000000000000000000000000000         9.00000000000000000000000000000000000        -595.339373212393945899038057786576257      
   10.0000000000000000000000000000000000         9.00000000000000000000000000000000000        -529.926280489274191625660441329121022      
   10.0000000000000000000000000000000000         9.00000000000000000000000000000000000        -471.595499737472736994032957601117901      
   10.0000000000000000000000000000000000         9.00000000000000000000000000000000000        -419.576836174264573582577555464799051      
   10.0000000000000000000000000000000000         9.00000000000000000000000000000000000        -373.183852977000321330122221757005649      
   10.0000000000000000000000000000000000         9.00000000000000000000000000000000000        -331.804762683524172755404332954241819      
   10.0000000000000000000000000000000000         9.00000000000000000000000000000000000        -294.894309144251301100256462523692560      
   10.0000000000000000000000000000000000         9.00000000000000000000000000000000000        -261.966532304341035633207978252214436      
   10.0000000000000000000000000000000000         9.00000000000000000000000000000000000        -232.588319809021102139215825795769853      
   10.0000000000000000000000000000000000         9.00000000000000000000000000000000000        -206.373659865783395606311412625210028      
   10.0000000000000000000000000000000000         9.00000000000000000000000000000000000        -182.978519102424378718218083490339957      
   10.0000000000000000000000000000000000         9.00000000000000000000000000000000000        -162.096277453218332789199349544256651      
   10.0000000000000000000000000000000000         9.00000000000000000000000000000000000        -143.453659496936580326683694620366208      
   10.0000000000000000000000000000000000         9.00000000000000000000000000000000000        -126.807108258040168036881878425596572      
   10.0000000000000000000000000000000000         9.00000000000000000000000000000000000        -111.939553353590986084398817338332562      
   10.0000000000000000000000000000000000         9.00000000000000000000000000000000000        -98.6575306011543926890884357396428357      
   10.0000000000000000000000000000000000         9.00000000000000000000000000000000000        -86.7886148666402352710948878925687588      
   10.0000000000000000000000000000000000         9.00000000000000000000000000000000000        -76.1791320875328284761224080966416800      
   10.0000000000000000000000000000000000         9.00000000000000000000000000000000000        -66.6921201114482438735108253503423937      
   10.0000000000000000000000000000000000         9.00000000000000000000000000000000000        -58.2055112915854882376552873538535581      
   10.0000000000000000000000000000000000         9.00000000000000000000000000000000000        -50.6105127232173976547922961470827089      
   10.0000000000000000000000000000000000         9.00000000000000000000000000000000000        -43.8101626279435920880025104626850833      
   10.0000000000000000000000000000000000         9.00000000000000000000000000000000000        -37.7180437298016164853877380512328318      
   10.0000000000000000000000000000000000         9.00000000000000000000000000000000000        -32.2571365505189700047901737989489605      
   10.0000000000000000000000000000000000         9.00000000000000000000000000000000000        -27.3587974078307146400926163895176304      
   10.0000000000000000000000000000000000         9.00000000000000000000000000000000000        -22.9618475555212696431688034705892778      
   10.0000000000000000000000000000000000         9.00000000000000000000000000000000000        -19.0117613786321523382019923888823065      
   10.0000000000000000000000000000000000         9.00000000000000000000000000000000000        -15.4599428716792956520451199230825310      
   10.0000000000000000000000000000000000         9.00000000000000000000000000000000000        -12.2630807991854721631938806387860818      
   10.0000000000000000000000000000000000         9.00000000000000000000000000000000000        -9.38257398189987137045141528307806531      
   10.0000000000000000000000000000000000         9.00000000000000000000000000000000000        -6.78401908260213954219005833093913116      
   10.0000000000000000000000000000000000         9.00000000000000000000000000000000000        -4.43675409471970480983616089767878936      
   10.0000000000000000000000000000000000         9.00000000000000000000000000000000000        -2.31345147612969942413257136663775413      
   10.0000000000000000000000000000000000         9.00000000000000000000000000000000000       -0.389755529278228055700365708508798804      
   10.0000000000000000000000000000000000         9.00000000000000000000000000000000000         1.35604078412852027899996443886961541      
   10.0000000000000000000000000000000000         9.00000000000000000000000000000000000         2.94328388233400975798302663739054356      
   10.0000000000000000000000000000000000         9.00000000000000000000000000000000000         4.38921627874725563923440546074995591      
   10.0000000000000000000000000000000000         9.00000000000000000000000000000000000         5.70920537961982645818367747899465419      
   10.0000000000000000000000000000000000         9.00000000000000000000000000000000000         6.91694740019011505789685979227657276      
   10.0000000000000000000000000000000000         9.00000000000000000000000000000000000         8.02464910513822076093443763057746290      
   10.0000000000000000000000000000000000         9.00000000000000000000000000000000000         9.04318978493685995867276078990652112      
   10.0000000000000000000000000000000000         9.00000000000000000000000000000000000         9.98226561742607065480376339699827825      
   10.0000000000000000000000000000000000         9.00000000000000000000000000000000000         10.8505183302020983545172646767954949      
   10.0000000000000000000000000000000000         9.00000000000000000000000000000000000         11.6556498710921931420290451406758710      
   10.0000000000000000000000000000000000         9.00000000000000000000000000000000000         12.4045246083228488179508249202710066      
   10.0000000000000000000000000000000000         9.00000000000000000000000000000000000         13.1032604165156234570952302508158192      
   10.0000000000000000000000000000000000         9.00000000000000000000000000000000000         13.7573098571663653270439353976385099      
   10.0000000000000000000000000000000000         9.00000000000000000000000000000000000         14.3715325308234811351116466828704788      
   10.0000000000000000000000000000000000         9.00000000000000000000000000000000000         14.9502595610346936234487946499521147      
   10.0000000000000000000000000000000000         9.00000000000000000000000000000000000         15.4973510657250838421750652241749086      
   10.0000000000000000000000000000000000         9.00000000000000000000000000000000000         16.0162473786166871644532249580407905      
   10.0000000000000000000000000000000000         9.00000000000000000000000000000000000         16.5100147003667607771406387400188169      
   10.0000000000000000000000000000000000         9.00000000000000000000000000000000000         16.9813857851875914551630217317749111      
   10.0000000000000000000000000000000000         9.00000000000000000000000000000000000         17.4327962028345687314582663362397974      
   10.0000000000000000000000000000000000         9.00000000000000000000000000000000000         17.8664166571370737043803233896296332      
   10.0000000000000000000000000000000000         9.00000000000000000000000000000000000         18.2841817899194527917306536481337128      
   10.0000000000000000000000000000000000         9.00000000000000000000000000000000000         18.6878158525226075193078155691216457      
   10.0000000000000000000000000000000000         9.00000000000000000000000000000000000         19.0788555855716947406547668095981061      
   10.0000000000000000000000000000000000         9.00000000000000000000000000000000000         19.4586706105905537400781090795782885      
   10.0000000000000000000000000000000000         9.00000000000000000000000000000000000         19.8284816040471944498338909020603724      
   10.0000000000000000000000000000000000         9.00000000000000000000000000000000000         20.1893764949888885090597472566452651      
   10.0000000000000000000000000000000000         9.00000000000000000000000000000000000         20.5423249011996397181248715560064355      
   10.0000000000000000000000000000000000         9.00000000000000000000000000000000000         20.8881909954390726275482457226381461      
   10.0000000000000000000000000000000000         9.00000000000000000000000000000000000         21.2277449724899122457514478076781738      
   10.0000000000000000000000000000000000         9.00000000000000000000000000000000000         21.5616732691748079527956498242896820      
   10.0000000000000000000000000000000000         9.00000000000000000000000000000000000         21.8905876729559155561621143959961480      
   10.0000000000000000000000000000000000         9.00000000000000000000000000000000000         22.2150334399828198826090089493304116      
   10.0000000000000000000000000000000000         9.00000000000000000000000000000000000         22.5354965303103616028678041165055986      
   10.0000000000000000000000000000000000         9.00000000000000000000000000000000000         22.8524100562933129911535429518657517      
   10.0000000000000000000000000000000000         9.00000000000000000000000000000000000         23.1661600297241821524781940479400233      
   10.0000000000000000000000000000000000         9.00000000000000000000000000000000000         23.4770904839751726241580340599786044      
   10.0000000000000000000000000000000000         9.00000000000000000000000000000000000         23.7855080391120101248787994768283988      
   10.0000000000000000000000000000000000         9.00000000000000000000000000000000000         24.0916859705559233321330618146559985      
   10.0000000000000000000000000000000000         9.00000000000000000000000000000000000         24.3958678352824511992146103137544777      
   10.0000000000000000000000000000000000         9.00000000000000000000000000000000000         24.6982707036745318359588400577454487      
   10.0000000000000000000000000000000000         9.00000000000000000000000000000000000         24.9990880399145998841458971222478518      
   10.0000000000000000000000000000000000         9.00000000000000000000000000000000000         25.2984922691367454963556373529986354      
   10.0000000000000000000000000000000000         9.00000000000000000000000000000000000         25.5966370654034843579423565156982717      
   10.0000000000000000000000000000000000         9.00000000000000000000000000000000000         25.8936593908672003973367147813482799      
   10.0000000000000000000000000000000000         9.00000000000000000000000000000000000         26.1896813131746946077643170022484791      
   10.0000000000000000000000000000000000         9.00000000000000000000000000000000000         26.4848116252306941531389266763589639      
   10.0000000000000000000000000000000000         9.00000000000000000000000000000000000         26.7791472888135994134974631449470681      
   10.0000000000000000000000000000000000         9.00000000000000000000000000000000000         27.0727747211993728438918246002622306      
   10.0000000000000000000000000000000000         9.00000000000000000000000000000000000         27.3657709418662869451641688474182227      
   10.0000000000000000000000000000000000         9.00000000000000000000000000000000000         27.6582045944966066553206130877313678      
   10.0000000000000000000000000000000000         9.00000000000000000000000000000000000         27.9501368578365475551092835835540052      
   10.0000000000000000000000000000000000         9.00000000000000000000000000000000000         28.2416222575010681272059970775394215      
   10.0000000000000000000000000000000000         9.00000000000000000000000000000000000         28.5327093894956524386839006329089314      
   10.0000000000000000000000000000000000         9.00000000000000000000000000000000000         28.8234415650557777169644985550969360      
