   11.0809928503690272149692539159113468         10.0157866865375026534791015494016911        -270.036248280124799242380773439852839      
   11.1471252292804310620398987910265839         10.0337444519693144790530033594268907        -240.378863457388750909144043463411905      
   11.2514297210865009378503827276351931         10.0666216085830289245319948553824215        -213.917726458831511386595732139288598      
   11.4072791545961001367494200855710090         10.1226358190348024871363714647669714        -190.305735152995120330870095281925934      
   11.6295016492054776499907362755777262         10.2122437061932335180051724075709393        -169.233390440044609208234263411919578      
   11.9337959595800709218377046386733565         10.3478986221009465065715408981672733        -150.424635646813573361082234315594973      
   12.3360768825129896858512708315328363         10.5435494581113779718949404376905678        -133.633178384764640505687625640557293      
   12.8517509522289170290912511373941720         10.8139062051211842559216089438006594        -118.639254773429583130918442715805244      
   13.4949228557268960031939342025279846         11.1735155932466011558545809976804132        -105.246792646015620359480066751800014      
   14.2775887677579328563729065996396781         11.6357159519961689852876697760298408        -93.2809252020932391541603445586422955      
   15.2089798455090581708682058774899917         12.2115819798826921952877269193393441        -82.5858020991194630673637063889841798      
   16.2953443967678128844384397581119856         12.9090239806034797645653006754794936        -73.0226445447260632751530767093227295      
   17.5405428127654226691696138084991196         13.7322588780840987414461797154808459        -64.4679964627020400128631705885108727      
   18.9478063164892293040684949419665048         14.6819001484220485586639377104640799        -56.8121337839956728906837011819976989      
   20.5228293843491142256027764732989067         15.7558921927272527093233154050908121        -49.9576044845685056542996418309332760      
   22.2780368618460584358340476810002370         16.9514142450033006319080419916930167        -43.8178800921334876358672129032903923      
   24.2374829814579177747256597411221960         18.2676912954732480011728883434160337        -38.3161049735475141929009629999289705      
   26.4415487806790871339193455092412201         19.7094055351186654272474070011643592        -33.3839351481400554855629027143445525      
   28.9505413656762089804485060095823106         21.2901770484004517830689456573923569        -28.9604661589896071121272181996756639      
   31.8465214921201123440231676780192084         23.0354760747570351545857610583593784        -24.9912602658977847611517812059109181      
   35.2331630440333075407382351254148380         24.9844214027287132749488301429245464        -21.4274940489191477928950039005745395      
   39.2340820501949835514554786063978412         27.1902282875915310467370804494248503        -18.2252517126746363253281185232618693      
   43.9907364199884405962186446993977272         29.7195271839500234878715936725737118        -15.3449795738106609708855908389096773      
   49.6616167371997396379309131962325579         32.6512362374867441885887629094187724        -12.7510937184301131474814154142316269      
   56.4253133420702071969589058655390376         36.0759530660944064410661851635946468        -10.4117121430551653622668631296083119      
   64.4926255515981250711441772570212945         40.0967876153334796066981647908081865        -8.29849583585842685545095493786116324      
   74.1412635039640145851396960250108901         44.8321697877650959411392862629655845        -6.38665861629727476448208475839035051      
   85.8089433700108830535503259670318794         50.4206133814695587170716558383631367        -4.65533896450834275109712903378188811      
   100.327853190380008034546550339076790         57.0270570525757190886337334869316157        -3.08863428610999009760325351368530438      
   119.463143256392005770633399196917546         64.8506312652793132209086520251312873        -1.67742600522887505920388273550223042      
   147.021240902847784800853858540045006         74.1348477345526022533376558459609347       -0.421154045554961738314643044757549078      
   190.879975396723984624575801275859825         85.1837940087910941255435080854433007        0.673405444502068596962785320506469693      
   266.286100569142352770545232052326459         98.3937522299502071412720609839048133         1.60033214806453123992720396323079119      
   400.578811671770105744294598706772035         114.323994986650498516826784997123300         2.36770972603239143346578231621007425      
   639.083693788011195082219310304302578         133.864063883112434205370775537174972         3.00379202322595968897239358923404298      
   1051.33676950767648032326415485687742         158.622165133671912589183644967956406         3.54961583215935673169353396312756347      
   1736.22483924079042996867170058397613         191.768710655642918758278580774059990         4.04790010014266093830726124465984000      
   2824.31956886091392427408091340094924         239.702993685803859932396425438998301         4.53782160181644497784810035430020010      
   4475.84777527848274186180763184019249         315.005768705273098795632447453735402         5.05332158713443277922275028502897257      
   6873.42966208625865802015017300341045         441.083509308337533482812995683504763         5.61861380314167443090643443251579057      
   10209.7793777648213223936625195639058         658.577629554449509325662854065529430         6.24118086956473998017631555112180005      
   14671.6981517724015760648628393742563         1032.95478343197330124511711378628983         6.91026318781943727317136288464773400      
   20422.5676118019773252126698641843918         1661.83599089058470695574209880900927         7.60465927577350514729005956115397526      
   27585.9284306460667671518079168930033         2679.88738067353953402997103001732875         8.30299267284754493080360541307229925      
   36232.5312545404098602963935497308866         4258.89774734979807915405343358692788         8.98934987193394231580861627520504807      
   46372.5675065920355186962615975849780         6601.28688498825546795128475893939689         9.65401218906501053160986196638858876      
   57953.8384151781968918143218345494549         9926.66944359204594436557275691680054         10.2920375642533792670330877065093106      
   70865.6477798926042629516629361245542         14452.8292443016527306806648722723950         10.9016042162204766223841028217142183      
   84947.4136479469300606324540473975526         20373.9472492123364667669184816016404         11.4827551393483702548125310616549937      
   100000.506724502919527545432163514637         27839.6757894836075726596607043818087         12.0365795140491040494352450646720339      
   115801.664787810674092884206990834940         36938.4648163428528870307104897929241         12.5647120815649846587627939011849699      
   132116.453170517659667604783445595319         47687.5650274310751169225409886871092         13.0690355233394107124830020748536062      
   148711.550041910557969895912206714322         60030.7279762689623902989314599335774         13.5515061751607188346202998448853750      
   165365.031352590616525539656889313259         73843.2171765620583867374802607678264         14.0140535393223018449970188972141202      
   181874.228416800336547650106333366187         88942.6633026559640915567049603635200         14.4585239621906284771488959997938849      
   198061.072690321074917641784988011003         105103.700358234953835971209967152729         14.8866508969125226510166252698538808      
   213775.097448224858058738204004181884         122074.206371795779981208557051721227         15.3000412549646881100620206607659782      
   228894.428543002265901492792202256922         139591.231383965067418800380236600069         15.7001714980666660459384856024225059      
   243325.175946461902554279571005532914         157395.172614076179193240616990168978         16.0883895731760293435411161958060644      
   256999.652352922864037048818906436347         175241.304740247816338531388267732309         16.4659202648439527494219897751489560      
   269873.814996305377392418662173199133         192908.282347023353945269628236557920         16.8338724390414294958052519613647811      
   281924.270574204498748226381735743266         210203.637785954592722491727046477933         17.1932472130928470772088970787894700      
   293145.115653674363973666235812510189         226966.577542396565824137776708604517         17.5449464415233415274448364422635943      
   303544.816773070334405322404541964333         243068.539136843368792452586427889886         17.8897811359551884992275431100964364      
   313143.272329192409580114366935112266         258412.030308473163347695708813549629         18.2284795856192869472780885863616087      
   321969.145741920458436980334523468934         272928.260425101966808828865905886110         18.5616950422373026084480396426878107      
   330057.517501058811446281160388617496         286574.017545427796037218735997548183         18.8900128968361613173864765477879455      
   337447.872197273679523041669648205287         299328.165552568658033221447670019237         19.2139573178266948286758078621844692      
   344182.414339233239580060721229294989         311188.050628560307955297050682868695         19.5339973467522350704077250793626415      
   350304.692098403694912626775823853845         322166.025724384166478732708619031764         19.8505524653140224248461562998766343      
   355858.499469803187110514494159286501         332286.231581635684447258985473842962         20.1639976578212532092617204506284803      
   360887.023178956940255295024389296000         341581.715787681619489770327491543550         20.4746679992590317357214976194395010      
   365432.199702822231278652615099796739         350091.927485622036129041087385090715         20.7828628021891946357593159221173396      
   369534.248950347915261588008923563188         357860.593534061346157020898516852421         21.0888493567046368688738147712441949      
   373231.353649174846906663953579435622         364933.960272404545506151635924143273         21.3928662973405994256115508903361590      
   376559.456702406824669367489632579600         371359.371552419559349033624359482042         21.6951266296843748181762256995028869      
   379552.152282994044825711405006318554         377184.146394802322073098116948140037         21.9958204477475682368540835564066169      
   382240.649932503739859360334068817386         382454.716811309193950730495597914874         22.2951173711988376558452346058698497      
   384653.794241999443632385452356460864         387215.986590778550479229642070762236         22.5931687294543967443075410059509863      
   386818.125709850851462516668905895537         391510.874076761537723551711383206869         22.8901095174926012937467197147015447      
   388757.971044366461109023577633892306         395380.005336134200142362535975487809         23.1860601461664340528248242379449563      
   390495.553495484772120309956474393275         398861.528034895570295472887739679146         23.4811280077776775529494274586935279      
   392051.115770719448567073544641829767         401991.020388857388922971704015812952         23.7754088757757340316936453993787022      
   393443.049741729554314371369100714997         404801.473476275414414228184046425105         24.0689881556670945952167939788445655      
   394688.028512257420881219640057808377         407323.328826417581215082300463770551         24.3619420025747620088885170455411965      
   395801.137531446786620384485312776344         409584.556448562994936531326959524131         24.6543383193712455410230269837191826      
   396796.002334140307417846485450811045         411610.761308268057118876540869564227         24.9462376479210816281911861475440121      
   397684.911204970336213443178303104321         413425.308694477719158978275348375282         25.2376939647037978960053099102543573      
   398478.931626116034454953350491128288         415049.460975772467716977793027814427         25.5287553909389822012719367785645427      
   399188.019806195040379878285755236324         416502.519951907814480365470266885037         25.8194648262940045255211109223875870      
   399821.122922992241843700421069453649         417801.970408172191643429175052461345         26.1098605143140011126477334485721337      
   400386.273965275836897044869271134776         418963.621616242587175036913490260048         26.3999765468649883934768839396219941      
   400890.679245341866079135944369033646         420001.744435736639639439723622817390         26.6898433141166493698205865423123149      
   401340.798787892923872491647577159037         420929.202391925653519685030499784822         26.9794879059039831997700375201271080      
   401742.419893685509034108320544807994         421757.575669534812384675785726211665         27.2689344696896041406662100360062149      
   402100.724237274748530234298573528226         422497.277398512605004647792028367090         27.5582045297944566358686025039478932      
   402420.348894581257203558487971554937         423157.661939344509909659879494801015         27.8473172720679990064083460406388407      
   402705.441713864861424902248576055744         423747.125123388324593660562635826018         28.1362897977239009299739302934475758      
   402959.711447757006200314650827848635         424273.196584899186834884604846677580         28.4251373496688717169339482951274155      
   403186.473058021588342462134758343096         424742.624449991281696915535025449471         28.7138735142957093190676569154729609      
   403388.688591613202713741639920667580         425161.452735283366138147351347316581         29.0025104013927809181766133128791691      
