   2.00000000000000000000000000000000000         1.00000000000000000000000000000000000        -11355.1371119330240588730966137278490      
   2.00000000000000000000000000000000000         1.00000000000000000000000000000000000        -11355.1371119330240588730966137278490      
   2.00000000000000000000000000000000000         1.00000000000000000000000000000000000        -11355.1371119330240588730966137278490      
   2.00000000000000000000000000000000000         1.00000000000000000000000000000000000        -11355.1371119330240588730966137278490      
   2.00000000000000000000000000000000000         1.00000000000000000000000000000000000        -11355.1371119330240588730966137278490      
   2.00000000000000000000000000000000000         1.00000000000000000000000000000000000        -11355.1371119330240588730966137278490      
   2.00000000000000000000000000000000000         1.00000000000000000000000000000000000        -11355.1371119330240588730966137278490      
   2.00000000000000000000000000000000000         1.00000000000000000000000000000000000        -11355.1371119330240588730966137278490      
   2.00000000000000000000000000000000000         1.00000000000000000000000000000000000        -11355.1371119330240588730966137278490      
   2.00000000000000000000000000000000000         1.00000000000000000000000000000000000        -11355.1371119330240588730966137278490      
   2.00000000000000000000000000000000000         1.00000000000000000000000000000000000        -11355.1371119330240588730966137278490      
   2.00000000000000000000000000000000000         1.00000000000000000000000000000000000        -11355.1371119330240588730966137278490      
   2.00000000000000000000000000000000000         1.00000000000000000000000000000000000        -11355.1371119330240588730966137278490      
   2.00000000000000000000000000000000000         1.00000000000000000000000000000000000        -11355.1371119330240588730966137278490      
   2.00000000000000000000000000000000000         1.00000000000000000000000000000000000        -11355.1371119330240588730966137278490      
   2.00000000000000000000000000000000000         1.00000000000000000000000000000000000        -11355.1371119330240588730966137278490      
   2.00000000000000000000000000000000000         1.00000000000000000000000000000000000        -11355.1371119330240588730966137278490      
   2.00000000000000000000000000000000000         1.00000000000000000000000000000000000        -10443.6290962921947520142245028292534      
   2.00000000000000000000000000000000000         1.00000000000000000000000000000000000        -9307.13115396500078401387126257567829      
   2.00000000000000000000000000000000000         1.00000000000000000000000000000000000        -8294.19499618272644694142166363698226      
   2.00000000000000000000000000000000000         1.00000000000000000000000000000000000        -7391.38339479359147042399210519402958      
   2.00000000000000000000000000000000000         1.00000000000000000000000000000000000        -6586.72040760140451292159578489804886      
   2.00000000000000000000000000000000000         1.00000000000000000000000000000000000        -5869.53246488877453252352369341731206      
   2.00000000000000000000000000000000000         1.00000000000000000000000000000000000        -5230.30673763184082597571519658392817      
   2.00000000000000000000000000000000000         1.00000000000000000000000000000000000        -4660.56490803878161876249953858360724      
   2.00000000000000000000000000000000000         1.00000000000000000000000000000000000        -4152.75066742383972851178258920304199      
   2.00000000000000000000000000000000000         1.00000000000000000000000000000000000        -3700.12944858200589668453251733812420      
   2.00000000000000000000000000000000000         1.00000000000000000000000000000000000        -3296.69906217389086504931390470585905      
   2.00000000000000000000000000000000000         1.00000000000000000000000000000000000        -2937.11005131990759086616019803118006      
   2.00000000000000000000000000000000000         1.00000000000000000000000000000000000        -2616.59470755761810329510844449526709      
   2.00000000000000000000000000000000000         1.00000000000000000000000000000000000        -2330.90380624712636336325432714901456      
   2.00000000000000000000000000000000000         1.00000000000000000000000000000000000        -2076.25022194178399931215961379771278      
   2.00000000000000000000000000000000000         1.00000000000000000000000000000000000        -1849.25867553443546975608263068541004      
   2.00000000000000000000000000000000000         1.00000000000000000000000000000000000        -1646.92094635436516743015711786541280      
   2.00000000000000000000000000000000000         1.00000000000000000000000000000000000        -1466.55595490668448216051065177763358      
   2.00000000000000000000000000000000000         1.00000000000000000000000000000000000        -1305.77418657636279152627280172678312      
   2.00000000000000000000000000000000000         1.00000000000000000000000000000000000        -1162.44598422106975749760099650919587      
   2.00000000000000000000000000000000000         1.00000000000000000000000000000000000        -1034.67328891480023467642157848464827      
   2.00000000000000000000000000000000000         1.00000000000000000000000000000000000        -920.764453859119007736934230420636941      
   2.00000000000000000000000000000000000         1.00000000000000000000000000000000000        -819.211797257929743890237246488116435      
   2.00000000000000000000000000000000000         1.00000000000000000000000000000000000        -728.671596296054416099042266605169101      
   2.00000000000000000000000000000000000         1.00000000000000000000000000000000000        -647.946256753873890209350610536917701      
   2.00000000000000000000000000000000000         1.00000000000000000000000000000000000        -575.968421659649062030091377350193769      
   2.00000000000000000000000000000000000         1.00000000000000000000000000000000000        -511.786808110993861235858503628202959      
   2.00000000000000000000000000000000000         1.00000000000000000000000000000000000        -454.553584328726110375084913789518819      
   2.00000000000000000000000000000000000         1.00000000000000000000000000000000000        -403.513119444270091210561194812810296      
   2.00000000000000000000000000000000000         1.00000000000000000000000000000000000        -357.991956737124877888384163587665939      
   2.00000000000000000000000000000000000         1.00000000000000000000000000000000000        -317.389877273351544585410278285788333      
   2.00000000000000000000000000000000000         1.00000000000000000000000000000000000        -281.171935364991387027642883579668112      
   2.00000000000000000000000000000000000         1.00000000000000000000000000000000000        -248.861360165800608131085684187424877      
   2.00000000000000000000000000000000000         1.00000000000000000000000000000000000        -220.033229211789603998448248414147621      
   2.00000000000000000000000000000000000         1.00000000000000000000000000000000000        -194.308829958293537453886753040365046      
   2.00000000000000000000000000000000000         1.00000000000000000000000000000000000        -171.350634494596854358827030690483184      
   2.00000000000000000000000000000000000         1.00000000000000000000000000000000000        -150.857820753627993986782455369831468      
   2.00000000000000000000000000000000000         1.00000000000000000000000000000000000        -132.562280785898095320365784722401548      
   2.00000000000000000000000000000000000         1.00000000000000000000000000000000000        -116.225063129904096117489975678664533      
   2.00000000000000000000000000000000000         1.00000000000000000000000000000000000        -101.633202071412962575170771118253600      
   2.00000000000000000000000000000000000         1.00000000000000000000000000000000000        -88.5968917178241801536008052771470550      
   2.00000000000000000000000000000000000         1.00000000000000000000000000000000000        -76.9469673892942273202000464320939347      
   2.00000000000000000000000000000000000         1.00000000000000000000000000000000000        -66.5326609062134707960783240001898917      
   2.00000000000000000000000000000000000         1.00000000000000000000000000000000000        -57.2195999870641078775068019732431486      
   2.00000000000000000000000000000000000         1.00000000000000000000000000000000000        -48.8880252098842251490856123277660495      
   2.00000000000000000000000000000000000         1.00000000000000000000000000000000000        -41.4312008774999121917076649704416466      
   2.00000000000000000000000000000000000         1.00000000000000000000000000000000000        -34.7539986996725619728323535595905646      
   2.00000000000000000000000000000000000         1.00000000000000000000000000000000000        -28.7716354984839567473029705370701705      
   2.00000000000000000000000000000000000         1.00000000000000000000000000000000000        -23.4085481870765246913985746007473333      
   2.00000000000000000000000000000000000         1.00000000000000000000000000000000000        -18.5973910934001732197288474395808989      
   2.00000000000000000000000000000000000         1.00000000000000000000000000000000000        -14.2781423240610097499794348707411493      
   2.00000000000000000000000000000000000         1.00000000000000000000000000000000000        -10.3973073102631638547506713614771391      
   2.00000000000000000000000000000000000         1.00000000000000000000000000000000000        -6.90720896738225582564292738360082320      
   2.00000000000000000000000000000000000         1.00000000000000000000000000000000000        -3.76535504901932527292715976762110966      
   2.00000000000000000000000000000000000         1.00000000000000000000000000000000000       -0.933874300707888479018986191590854128      
   2.00000000000000000000000000000000000         1.00000000000000000000000000000000000         1.62098606862360996993901008204931630      
   2.00000000000000000000000000000000000         1.00000000000000000000000000000000000         3.92930826568232614659549165276648156      
   2.00000000000000000000000000000000000         1.00000000000000000000000000000000000         6.01790308541714615268918275616146304      
   2.00000000000000000000000000000000000         1.00000000000000000000000000000000000         7.91066567397837621242878769918715886      
   2.00000000000000000000000000000000000         1.00000000000000000000000000000000000         9.62889260278931970611273219388024296      
   2.00000000000000000000000000000000000         1.00000000000000000000000000000000000         11.1915644611100280877217528166428837      
   2.00000000000000000000000000000000000         1.00000000000000000000000000000000000         12.6155977169248535105138527398001882      
   2.00000000000000000000000000000000000         1.00000000000000000000000000000000000         13.9160691881947593023780490216425858      
   2.00000000000000000000000000000000000         1.00000000000000000000000000000000000         15.1064161030715257336872252629892491      
   2.00000000000000000000000000000000000         1.00000000000000000000000000000000000         16.1986144037513441459813682661889385      
   2.00000000000000000000000000000000000         1.00000000000000000000000000000000000         17.2033376599516055811711870405733927      
   2.00000000000000000000000000000000000         1.00000000000000000000000000000000000         18.1300987006961707425107422203104810      
   2.00000000000000000000000000000000000         1.00000000000000000000000000000000000         18.9873758437768614045157045612145116      
   2.00000000000000000000000000000000000         1.00000000000000000000000000000000000         19.7827253978794347495581681934987877      
   2.00000000000000000000000000000000000         1.00000000000000000000000000000000000         20.5228819302089000361771649482674137      
   2.00000000000000000000000000000000000         1.00000000000000000000000000000000000         21.2138476301046465226041302438033933      
   2.00000000000000000000000000000000000         1.00000000000000000000000000000000000         21.8609719544462612515790306333817808      
   2.00000000000000000000000000000000000         1.00000000000000000000000000000000000         22.4690226116961821939418290698214005      
   2.00000000000000000000000000000000000         1.00000000000000000000000000000000000         23.0422488264943053886654298700713626      
   2.00000000000000000000000000000000000         1.00000000000000000000000000000000000         23.5844377242872792075082712663263745      
   2.00000000000000000000000000000000000         1.00000000000000000000000000000000000         24.0989645841822591918560949323423938      
   2.00000000000000000000000000000000000         1.00000000000000000000000000000000000         24.5888376268499609489737671280660976      
   2.00000000000000000000000000000000000         1.00000000000000000000000000000000000         25.0567379317852730890351602770575844      
   2.00000000000000000000000000000000000         1.00000000000000000000000000000000000         25.5050550136032262344611448100121461      
   2.00000000000000000000000000000000000         1.00000000000000000000000000000000000         25.9359185294461507232815632981334489      
   2.00000000000000000000000000000000000         1.00000000000000000000000000000000000         26.3512265382400517008944893990617047      
   2.00000000000000000000000000000000000         1.00000000000000000000000000000000000         26.7526706867833643826257234300294239      
   2.00000000000000000000000000000000000         1.00000000000000000000000000000000000         27.1417586568721851012641670968656531      
   2.00000000000000000000000000000000000         1.00000000000000000000000000000000000         27.5198341713216918838471087596523086      
