   5.00000000000000000000000000000000000         4.00000000000000000000000000000000000        -11355.1371119330240588730966137278490      
   5.00000000000000000000000000000000000         4.00000000000000000000000000000000000        -11355.1371119330240588730966137278490      
   5.00000000000000000000000000000000000         4.00000000000000000000000000000000000        -11355.1371119330240588730966137278490      
   5.00000000000000000000000000000000000         4.00000000000000000000000000000000000        -11355.1371119330240588730966137278490      
   5.00000000000000000000000000000000000         4.00000000000000000000000000000000000        -11355.1371119330240588730966137278490      
   5.00000000000000000000000000000000000         4.00000000000000000000000000000000000        -11355.1371119330240588730966137278490      
   5.00000000000000000000000000000000000         4.00000000000000000000000000000000000        -11355.1371119330240588730966137278490      
   5.00000000000000000000000000000000000         4.00000000000000000000000000000000000        -11355.1371119330240588730966137278490      
   5.00000000000000000000000000000000000         4.00000000000000000000000000000000000        -11355.1371119330240588730966137278490      
   5.00000000000000000000000000000000000         4.00000000000000000000000000000000000        -11355.1371119330240588730966137278490      
   5.00000000000000000000000000000000000         4.00000000000000000000000000000000000        -11355.1371119330240588730966137278490      
   5.00000000000000000000000000000000000         4.00000000000000000000000000000000000        -11355.1371119330240588730966137278490      
   5.00000000000000000000000000000000000         4.00000000000000000000000000000000000        -11355.1371119330240588730966137278490      
   5.00000000000000000000000000000000000         4.00000000000000000000000000000000000        -11355.1371119330240588730966137278490      
   5.00000000000000000000000000000000000         4.00000000000000000000000000000000000        -11355.1371119330240588730966137278490      
   5.00000000000000000000000000000000000         4.00000000000000000000000000000000000        -11355.1371119330240588730966137278490      
   5.00000000000000000000000000000000000         4.00000000000000000000000000000000000        -11355.1371119330240588730966137278490      
   5.00000000000000000000000000000000000         4.00000000000000000000000000000000000        -11355.1371119330240588730966137278490      
   5.00000000000000000000000000000000000         4.00000000000000000000000000000000000        -11355.1371119330240588730966137278490      
   5.00000000000000000000000000000000000         4.00000000000000000000000000000000000        -11355.1371119330240588730966137278490      
   5.00000000000000000000000000000000000         4.00000000000000000000000000000000000        -11355.1371119330240588730966137278490      
   5.00000000000000000000000000000000000         4.00000000000000000000000000000000000        -11355.1371119330240588730966137278490      
   5.00000000000000000000000000000000000         4.00000000000000000000000000000000000        -11355.1371119330240588730966137278490      
   5.00000000000000000000000000000000000         4.00000000000000000000000000000000000        -11355.1371119330240588730966137278490      
   5.00000000000000000000000000000000000         4.00000000000000000000000000000000000        -11355.1371119330240588730966137278490      
   5.00000000000000000000000000000000000         4.00000000000000000000000000000000000        -11355.1371119330240588730966137278490      
   5.00000000000000000000000000000000000         4.00000000000000000000000000000000000        -11355.1371119330240588730966137278490      
   5.00000000000000000000000000000000000         4.00000000000000000000000000000000000        -10248.3995095588966986675508313185171      
   5.00000000000000000000000000000000000         4.00000000000000000000000000000000000        -9132.76848422281833900016987455906347      
   5.00000000000000000000000000000000000         4.00000000000000000000000000000000000        -8138.42998578483478239238672468074301      
   5.00000000000000000000000000000000000         4.00000000000000000000000000000000000        -7252.19356573339078271373276895182194      
   5.00000000000000000000000000000000000         4.00000000000000000000000000000000000        -6462.30322445815785948510983590546701      
   5.00000000000000000000000000000000000         4.00000000000000000000000000000000000        -5758.28141627773080759339506905897439      
   5.00000000000000000000000000000000000         4.00000000000000000000000000000000000        -5130.79001877421806392366788209634282      
   5.00000000000000000000000000000000000         4.00000000000000000000000000000000000        -4571.50642158226601273592118895304134      
   5.00000000000000000000000000000000000         4.00000000000000000000000000000000000        -4073.01309040603160936627465524972581      
   5.00000000000000000000000000000000000         4.00000000000000000000000000000000000        -3628.69914084570550870192615141195286      
   5.00000000000000000000000000000000000         4.00000000000000000000000000000000000        -3232.67261597806388865241382397578516      
   5.00000000000000000000000000000000000         4.00000000000000000000000000000000000        -2879.68230366783990089451096742531066      
   5.00000000000000000000000000000000000         4.00000000000000000000000000000000000        -2565.04805617313765782991059322537927      
   5.00000000000000000000000000000000000         4.00000000000000000000000000000000000        -2284.59868742838791889828032024077558      
   5.00000000000000000000000000000000000         4.00000000000000000000000000000000000        -2034.61662393952169145540368777861179      
   5.00000000000000000000000000000000000         4.00000000000000000000000000000000000        -1811.78857484236883953330378761788479      
   5.00000000000000000000000000000000000         4.00000000000000000000000000000000000        -1613.16156654592776101641643407764334      
   5.00000000000000000000000000000000000         4.00000000000000000000000000000000000        -1436.10375856693410264187621859118430      
   5.00000000000000000000000000000000000         4.00000000000000000000000000000000000        -1278.26952060566013936200474861987078      
   5.00000000000000000000000000000000000         4.00000000000000000000000000000000000        -1137.56830745695859751594140834757262      
   5.00000000000000000000000000000000000         4.00000000000000000000000000000000000        -1012.13691874553096594894812761902117      
   5.00000000000000000000000000000000000         4.00000000000000000000000000000000000        -900.314775388961299842758007904422966      
   5.00000000000000000000000000000000000         4.00000000000000000000000000000000000        -800.621884722201114042527668877938893      
   5.00000000000000000000000000000000000         4.00000000000000000000000000000000000        -711.739201894094883935210249266394859      
   5.00000000000000000000000000000000000         4.00000000000000000000000000000000000        -632.491126943609761472895931923106097      
   5.00000000000000000000000000000000000         4.00000000000000000000000000000000000        -561.829905302605226144272431199806148      
   5.00000000000000000000000000000000000         4.00000000000000000000000000000000000        -498.821724729292121637847688464890935      
   5.00000000000000000000000000000000000         4.00000000000000000000000000000000000        -442.634324187135086379620995111908848      
   5.00000000000000000000000000000000000         4.00000000000000000000000000000000000        -392.525950246549815903204317702925249      
   5.00000000000000000000000000000000000         4.00000000000000000000000000000000000        -347.835514467555375697317443280495336      
   5.00000000000000000000000000000000000         4.00000000000000000000000000000000000        -307.973821157829383552914186498227219      
   5.00000000000000000000000000000000000         4.00000000000000000000000000000000000        -272.415749103845154637671876804527851      
   5.00000000000000000000000000000000000         4.00000000000000000000000000000000000        -240.693283531413100191759815345882660      
   5.00000000000000000000000000000000000         4.00000000000000000000000000000000000        -212.389305833976296159144764008770289      
   5.00000000000000000000000000000000000         4.00000000000000000000000000000000000        -187.132058662127843275405076723901961      
   5.00000000000000000000000000000000000         4.00000000000000000000000000000000000        -164.590212929450727943743062669177255      
   5.00000000000000000000000000000000000         4.00000000000000000000000000000000000        -144.468471276844789952602303276501097      
   5.00000000000000000000000000000000000         4.00000000000000000000000000000000000        -126.503649655983593975696257689203211      
   5.00000000000000000000000000000000000         4.00000000000000000000000000000000000        -110.461185036894367508257086653419886      
   5.00000000000000000000000000000000000         4.00000000000000000000000000000000000        -96.1320228990623831841987285875380551      
   5.00000000000000000000000000000000000         4.00000000000000000000000000000000000        -83.3298432049577898880473764760309351      
   5.00000000000000000000000000000000000         4.00000000000000000000000000000000000        -71.8885880463389931379763404659191126      
   5.00000000000000000000000000000000000         4.00000000000000000000000000000000000        -61.6602581567011444185012825246187216      
   5.00000000000000000000000000000000000         4.00000000000000000000000000000000000        -52.5129490509286912683175165248123270      
   5.00000000000000000000000000000000000         4.00000000000000000000000000000000000        -44.3291007329183488826340607518314485      
   5.00000000000000000000000000000000000         4.00000000000000000000000000000000000        -37.0039377458560652103196866408494698      
   5.00000000000000000000000000000000000         4.00000000000000000000000000000000000        -30.4440788655629246202251883287059543      
   5.00000000000000000000000000000000000         4.00000000000000000000000000000000000        -24.5662979883853909549504949547557563      
   5.00000000000000000000000000000000000         4.00000000000000000000000000000000000        -19.2964197713650337678568031752054052      
   5.00000000000000000000000000000000000         4.00000000000000000000000000000000000        -14.5683353705037596078160916943104230      
   5.00000000000000000000000000000000000         4.00000000000000000000000000000000000        -10.3231252165693302539237419774316319      
   5.00000000000000000000000000000000000         4.00000000000000000000000000000000000        -6.50827718820907722294748696940969184      
   5.00000000000000000000000000000000000         4.00000000000000000000000000000000000        -3.07698980800404163890425678489318373      
   5.00000000000000000000000000000000000         4.00000000000000000000000000000000000         1.24487847014689038092723874700428856E-0002
   5.00000000000000000000000000000000000         4.00000000000000000000000000000000000         2.79721432484814433163526515460883035      
   5.00000000000000000000000000000000000         4.00000000000000000000000000000000000         5.31043972107768600425349059873336249      
   5.00000000000000000000000000000000000         4.00000000000000000000000000000000000         7.58165470930010994281959057665293766      
   5.00000000000000000000000000000000000         4.00000000000000000000000000000000000         9.63717769434805967996221917403471641      
   5.00000000000000000000000000000000000         4.00000000000000000000000000000000000         11.5004649792188124661581603162650407      
   5.00000000000000000000000000000000000         4.00000000000000000000000000000000000         13.1924220159638410380160201615051906      
   5.00000000000000000000000000000000000         4.00000000000000000000000000000000000         14.7316808083361305070831794113079357      
   5.00000000000000000000000000000000000         4.00000000000000000000000000000000000         16.1348471471598403215423070509710925      
   5.00000000000000000000000000000000000         4.00000000000000000000000000000000000         17.4167209590854553329418368837531190      
   5.00000000000000000000000000000000000         4.00000000000000000000000000000000000         18.5904926926245307874122375223857497      
   5.00000000000000000000000000000000000         4.00000000000000000000000000000000000         19.6679183473873951654326071383358145      
   5.00000000000000000000000000000000000         4.00000000000000000000000000000000000         20.6594754690554536721160685880860301      
   5.00000000000000000000000000000000000         4.00000000000000000000000000000000000         21.5745021800465978705775424579523614      
   5.00000000000000000000000000000000000         4.00000000000000000000000000000000000         22.4213210907261813765570358339993702      
   5.00000000000000000000000000000000000         4.00000000000000000000000000000000000         23.2073497353900472347184290506063983      
   5.00000000000000000000000000000000000         4.00000000000000000000000000000000000         23.9391989984380047901745242373478903      
   5.00000000000000000000000000000000000         4.00000000000000000000000000000000000         24.6227608367932778650157832476877652      
   5.00000000000000000000000000000000000         4.00000000000000000000000000000000000         25.2632864625911333075654327871419413      
   5.00000000000000000000000000000000000         4.00000000000000000000000000000000000         25.8654560235734670054217798442455813      
   5.00000000000000000000000000000000000         4.00000000000000000000000000000000000         26.4334407058058481991451568001338975      
