   4.00000000000000000000000000000000000         5.00000000000000000000000000000000000        -4371.51359077251865948472724654275885      
   4.00000000000000000000000000000000000         5.00000000000000000000000000000000000        -3895.78497589019086494212857636607628      
   4.00000000000000000000000000000151224         5.00000000000000000000000000000000000        -3471.76010108315759212424626826348468      
   4.00000000000000000000000000285322130         5.00000000000000000000000000000000000        -3093.81623312325389653670684479294701      
   4.00000000000000000000000237017019699         5.00000000000000000000000000000000000        -2756.94210574600198794479613499987427      
   4.00000000000000000000094784391135771         5.00000000000000000000000000000000000        -2456.67142319194804525937941117483916      
   4.00000000000000000019757577855513650         5.00000000000000000000000000000000000        -2189.02359517549608097385416755452603      
   4.00000000000000002304314986774230134         5.00000000000000000000000000000000000        -1950.45091687028259718222133361318301      
   4.00000000000000160171978542118560926         5.00000000000000000000000000000000000        -1737.79149302158950996297167022062049      
   4.00000000000007019571524830054252433         5.00000000000000000000000000000000000        -1548.22728151736870476225830174584695      
   4.00000000000203938262606389445711464         5.00000000000000000000000000000000000        -1379.24669968155734165631935696741367      
   4.00000000004107395209341349830103578         5.00000000000000000000000000000000000        -1228.61129709792233411309913029596972      
   4.00000000059678530672569656179598020         5.00000000000000000000000000000000000        -1094.32605273314213828477688602972511      
   4.00000000648150674479024977383668725         5.00000000000000000000000000000000000        -974.612902220768593611173515417875290      
   4.00000005431068277803281379453684577         5.00000000000000000000000000000000000        -867.887144034224205002805563817421081      
   4.00000036115730558632699328851219316         5.00000000000000000000000000000000000        -772.736411497394658288333387048509715      
   4.00000195446368862547895779490266738         5.00000000000000000000000000000000000        -687.901931693698078390896566446438567      
   4.00000880257487510469251592440613015         5.00000000000000000000000000000000000        -612.261822843490567816641956068930591      
   4.00003366010039464529173584469782159         5.00000000000000000000000000000000000        -544.816209062617272501658487258966526      
   4.00011124337077781413748040589425844         5.00000000000000000000000000000000000        -484.673955868238832151561349855382849      
   4.00032283071478952808556559321763614         5.00000000000000000000000000000000000        -431.040851398919006142539268023086638      
   4.00083436732388499646212854516162589         5.00000000000000000000000000000000000        -383.209076953381108758945044044509415      
   4.00194488319608016979616952984727420         5.00000000000000000000000000000000000        -340.547826182269220523618322655865635      
   4.00413485742857946491246950059464664         5.00000000000000000000000000000000000        -302.494945641127402204975300065669454      
   4.00809850676635597537225744514449817         5.00000000000000000000000000000000000        -268.549481479895176839669827229918057      
   4.01474350286659312942749605199515379         5.00000000000000000000000000000000000        -238.265028921153237167648450718107947      
   4.02514782134022948102334535501435435         5.00000000000000000000000000000000000        -211.243793471898834761786249324033838      
   4.04047447093378313812490932512799886         5.00000000000000000000000000000000000        -187.131285310798265987694730441833405      
   4.06185654376345654167047012555572942         5.00000000000000000000000000000000000        -165.611580120473052174678573856349815      
   4.09027303763362726146716724377757530         5.00000000000000000000000000000000000        -146.403089726399810636731935140267389      
   4.12643778167059145904045193168463467         5.00000000000000000000000000000000000        -129.254793506851000820511510329379861      
   4.17071970252302715058466944920844003         5.00000000000000000000000000000000000        -113.942886524788094213422973901973188      
   4.22310474573519786700245063889175855         5.00000000000000000000000000000000000        -100.267803233158127349763916543266398      
   4.28320087774256908930821379219130035         5.00000000000000000000000000000000000        -88.0515773782470247505990713609115059      
   4.35028015475147138245119845493466313         5.00000000000000000000000000000000000        -77.1355003831421993719963760876463638      
   4.42334721659898202280425718911307601         5.00000000000000000000000000000000000        -67.3780427507227308497065328148147084      
   4.50122204461994791266603933410262990         5.00000000000000000000000000000000000        -58.6530061346243324868626070340160875      
   4.58262606819535589281889646304272184         5.00000000000000000000000000000000000        -50.8478775412024040009441607259228784      
   4.66626439750891708643840490164374372         5.00000000000000000000000000000000000        -43.8623613442729230631560666693651955      
   4.75090369927883200972360820022062122         5.00000000000000000000000000000000000        -37.6070692780593502746515034309302507      
   4.83545761170635847416517335448341455         5.00000000000000000000000000000000000        -32.0023536364126235725309820651951086      
   4.91911453006855450530113987472150041         5.00000000000000000000000000000000000        -26.9772753530007772704156892977260516      
   5.00158017712452974491798186918486279         5.00000000000000000000000000000000000        -22.4687070568590323579622535057628759      
   5.08355406282478205477577618034738826         5.00000000000000000000000000000000000        -18.4205802097092854230515961618343418      
   5.16758968855978322566643250751619507         5.00000000000000000000000000000000000        -14.7832897637409748311713625651254226      
   5.25946073707986466172013462213496217         5.00000000000000000000000000000000000        -11.5132601642687940607584967017474197      
   5.37003325058469039710511778264014380         5.00000000000000000000000000000000000        -8.57264257923684985332198409877582129      
   5.51743131287615857715677674405185733         5.00000000000000000000000000000000000        -5.92904920062350013451130056070029131      
   5.72904388108931443068092792484161995         5.00000000000000000000000000000000000        -3.55514630162955036733254997575787970      
   6.04275574172079139011379341415047246         5.00000000000000000000000000000000000        -1.42787078299095559146048481903504209      
   6.50679024646131588413179662568500481         5.00000000000000000000000000000000000        0.472893812218626450058671154392801039      
   7.17776210980936713948992895592389245         5.00000000000000000000000000000000000         2.16605137763981376656725767642551318      
   8.11691163622637502653553080813453248         5.00000000000000000000000000000000000         3.67088663569344187943988171113964057      
   9.38491839279254542622326481456583195         5.00000000000000000000000000000000000         5.00780881304247257844577601719146929      
   11.0360414155730484714522575378373262         5.00000000000000000000000000000000000         6.19794886567426706827974792781497776      
   13.1125017708557608261469879440255996         5.00000000000000000000000000000000000         7.26200139741262174262658268836219512      
   15.6399727403914806912677556256703788         5.00000000000000000000000000000000000         8.21902722129031067669255478136376358      
   18.6248047134531097764518869117656667         5.00000000000000000000000000000000000         9.08570894531765115534743591375597798      
   22.0532676698420380594902952135957796         5.00000000000000000000000000000000000         9.87614354499791729236700208311839797      
   25.8927407724465207036133056562002134         5.00000000000000000000000000000000000         10.6020093103474115385746600998144357      
   30.0944958181056061470275928315944457         5.00000000000000000000000000000000000         11.2729061477546820957999054545180714      
   34.5975532513271325718937376853958675         5.00000000000000000000000000000000000         11.8967294036884275593790182600084978      
   39.3330423618896574737347457592678988         5.00000000000000000000000000000000000         12.4800076180756486139948108454955027      
   44.2285490758265770560848191206736987         5.00000000000000000000000000000000000         13.0281812504456870306304193997398329      
   49.2120492810355343856382325383159522         5.00000000000000000000000000000000000         13.5458226809789432449034240003922268      
   54.2151657047281730634047321632378475         5.00000000000000000000000000000000000         14.0368064952644642591316226206191129      
   59.1756221716331615024023470176433596         5.00000000000000000000000000000000000         14.5044406466841374672259387363859690      
   64.0388816707546300315557109218070263         5.00000000000000000000000000000000000         14.9515678829218592442990937102442695      
   68.7590356095911988688262800199733450         5.00000000000000000000000000000000000         15.3806448902946197454710360941212210      
   73.2990605612243232953500225642873947         5.00000000000000000000000000000000000         15.7938047777898732590853038593653883      
   77.6305803139846128258191699305328416         5.00000000000000000000000000000000000         16.1929070397967389960933978353157569      
   81.7332719492548584417996230116497389         5.00000000000000000000000000000000000         16.5795780172757215501942322276602976      
   85.5940420772869241345301819411905258         5.00000000000000000000000000000000000         16.9552440606687261260621898923259892      
   89.2060793987661434191795322543171290         5.00000000000000000000000000000000000         17.3211590115364946144275816550671019      
   92.5678671351777611505612144542239600         5.00000000000000000000000000000000000         17.6784272009291487018843275413164776      
   95.6822167895751440322583690482378457         5.00000000000000000000000000000000000         18.0280228625607310898954083253479196      
   98.5553650649318163422642954207356558         5.00000000000000000000000000000000000         18.3708066428250065369656626430418989      
   101.196159481256141490428241239201391         5.00000000000000000000000000000000000         18.7075397326782505024785252579444329      
   103.615345501252825732458430080248248         5.00000000000000000000000000000000000         19.0388960310491190573879952099624690      
   105.824958573179544100271408159147324         5.00000000000000000000000000000000000         19.3654726636403116924757791969459966      
   107.837817976986038654183303310345150         5.00000000000000000000000000000000000         19.6877991163664364220831732888302708      
   109.667115178645177623610558185978404         5.00000000000000000000000000000000000         20.0063451933678386660444244205500968      
   111.326087024871296727857706742862377         5.00000000000000000000000000000000000         20.3215279714355009652271884610161423      
   112.827763067664917460642987159713082         5.00000000000000000000000000000000000         20.6337178928633030297080477564927847      
   114.184776193713238826620645768290194         5.00000000000000000000000000000000000         20.9432441151284698729032300529385165      
   115.409226227671160453673147716792191         5.00000000000000000000000000000000000         21.2503992168858259193932395791470329      
   116.512587037042176536908902724342396         5.00000000000000000000000000000000000         21.5554433444501350067837379510245544      
   117.505648711866343644102406936384927         5.00000000000000000000000000000000000         21.8586078704249359383685612172616676      
   118.398487500510293727472454865431841         5.00000000000000000000000000000000000         22.1600986258132534304783345966089215      
   119.200457271291277520863627267010319         5.00000000000000000000000000000000000         22.4600987583612040010549571826617016      
   119.920197287709088633604063139833664         5.00000000000000000000000000000000000         22.7587712626938153623925662121041156      
   120.565652004767520175569527340499212         5.00000000000000000000000000000000000         23.0562612217369168530700058349776688      
   121.144099403179543724445926539462283         5.00000000000000000000000000000000000         23.3526977937724727513527573739589370      
   121.662185075672229694763427360092977         5.00000000000000000000000000000000000         23.6481959750843595642060291161884154      
   122.125959870270415023134385364031845         5.00000000000000000000000000000000000         23.9428581643881322181616960170150325      
   122.540919388274740158210432332371009         5.00000000000000000000000000000000000         24.2367755519983443464272006459065000      
   122.912044040432500457410061761449490         5.00000000000000000000000000000000000         24.5300293538869501774720151923875676      
   123.243838694834520752603825083081115         5.00000000000000000000000000000000000         24.8226919083582042657633475747268448      
   123.540371215368789914420575042042074         5.00000000000000000000000000000000000         25.1148276509534823193392469439055665      
   123.805309400350711992810118691226900         5.00000000000000000000000000000000000         25.4064939813574486218403914158425350      
   124.041955996425791048346027579541251         5.00000000000000000000000000000000000         25.6977420344666172170557749859270786      
