   1.00000000000000000000000000000000000         2.00000000000000000000000000000000000        -11355.1371119330240588730966137278490      
   1.00000000000000000000000000000000000         2.00000000000000000000000000000000000        -11355.1371119330240588730966137278490      
   1.00000000000000000000000000000000000         2.00000000000000000000000000000000000        -11355.1371119330240588730966137278490      
   1.00000000000000000000000000000000000         2.00000000000000000000000000000000000        -11355.1371119330240588730966137278490      
   1.00000000000000000000000000000000000         2.00000000000000000000000000000000000        -11355.1371119330240588730966137278490      
   1.00000000000000000000000000000000000         2.00000000000000000000000000000000000        -11355.1371119330240588730966137278490      
   1.00000000000000000000000000000000000         2.00000000000000000000000000000000000        -11355.1371119330240588730966137278490      
   1.00000000000000000000000000000000000         2.00000000000000000000000000000000000        -11355.1371119330240588730966137278490      
   1.00000000000000000000000000000000000         2.00000000000000000000000000000000000        -11355.1371119330240588730966137278490      
   1.00000000000000000000000000000000000         2.00000000000000000000000000000000000        -11355.1371119330240588730966137278490      
   1.00000000000000000000000000000000000         2.00000000000000000000000000000000000        -11355.1371119330240588730966137278490      
   1.00000000000000000000000000000000000         2.00000000000000000000000000000000000        -11355.1371119330240588730966137278490      
   1.00000000000000000000000000000000000         2.00000000000000000000000000000000000        -11355.1371119330240588730966137278490      
   1.00000000000000000000000000000000000         2.00000000000000000000000000000000000        -11355.1371119330240588730966137278490      
   1.00000000000000000000000000000000000         2.00000000000000000000000000000000000        -11355.1371119330240588730966137278490      
   1.00000000000000000000000000000000000         2.00000000000000000000000000000000000        -11355.1371119330240588730966137278490      
   1.00000000000000000000000000000000000         2.00000000000000000000000000000000000        -11355.1371119330240588730966137278490      
   1.00000000000000000000000000000000000         2.00000000000000000000000000000000000        -11355.1371119330240588730966137278490      
   1.00000000000000000000000000000000000         2.00000000000000000000000000000000000        -11355.1371119330240588730966137278490      
   1.00000000000000000000000000000000000         2.00000000000000000000000000000000000        -11355.1371119330240588730966137278490      
   1.00000000000000000000000000000000000         2.00000000000000000000000000000000000        -11355.1371119330240588730966137278490      
   1.00000000000000000000000000000000000         2.00000000000000000000000000000000000        -11355.1371119330240588730966137278490      
   1.00000000000000000000000000000000000         2.00000000000000000000000000000000000        -11355.1371119330240588730966137278490      
   1.00000000000000000000000000000000000         2.00000000000000000000000000000000000        -11355.1371119330240588730966137278490      
   1.00000000000000000000000000000000000         2.00000000000000000000000000000000000        -11355.1371119330240588730966137278490      
   1.00000000000000000000000000000000000         2.00000000000000000000000000000000000        -10290.8442635433359592230017771245853      
   1.00000000000000000000000000000000000         2.00000000000000000000000000000000000        -9170.56036626500038660781382649303204      
   1.00000000000000000000000000000000000         2.00000000000000000000000000000000000        -8172.07499134346390629931080724334938      
   1.00000000000000000000000000000000000         2.00000000000000000000000000000000000        -7282.14266373572859560680496710628020      
   1.00000000000000000000000000000000000         2.00000000000000000000000000000000000        -6488.95834138369544252106293084208683      
   1.00000000000000000000000000000000000         2.00000000000000000000000000000000000        -5782.00076947837538048580299894581013      
   1.00000000000000000000000000000000000         2.00000000000000000000000000000000000        -5151.89286980091272230079474098536102      
   1.00000000000000000000000000000000000         2.00000000000000000000000000000000000        -4590.27731259179882516640558570919694      
   1.00000000000000000000000000000000000         2.00000000000000000000000000000000000        -4089.70561986257854127067768817829709      
   1.00000000000000000000000000000000000         2.00000000000000000000000000000000000        -3643.53932861837266631936497280581593      
   1.00000000000000000000000000000000000         2.00000000000000000000000000000000000        -3245.86190248722895553720277654326982      
   1.00000000000000000000000000000000000         2.00000000000000000000000000000000000        -2891.40022287714254358447727333222250      
   1.00000000000000000000000000000000000         2.00000000000000000000000000000000000        -2575.45461789609859888601154605469429      
   1.00000000000000000000000000000000000         2.00000000000000000000000000000000000        -2293.83650056141810798271389720996676      
   1.00000000000000000000000000000000000         2.00000000000000000000000000000000000        -2042.81278879533360559050112966559794      
   1.00000000000000000000000000000000000         2.00000000000000000000000000000000000        -1819.05636969390456628820219578834034      
   1.00000000000000000000000000000000000         2.00000000000000000000000000000000000        -1619.60195076021710641943420236795429      
   1.00000000000000000000000000000000000         2.00000000000000000000000000000000000        -1441.80671227455577045375730188585972      
   1.00000000000000000000000000000000000         2.00000000000000000000000000000000000        -1283.31523868240579623258582294174607      
   1.00000000000000000000000000000000000         2.00000000000000000000000000000000000        -1142.02826366111108554563500893097942      
   1.00000000000000000000000000000000000         2.00000000000000000000000000000000000        -1016.07481413121181272473209578633981      
   1.00000000000000000000000000000000000         2.00000000000000000000000000000000000        -903.787383580416425323761276684531181      
   1.00000000000000000000000000000000000         2.00000000000000000000000000000000000        -803.679805265300947153458950720913118      
   1.00000000000000000000000000000000000         2.00000000000000000000000000000000000        -714.427531681565585944756342668553502      
   1.00000000000000000000000000000000000         2.00000000000000000000000000000000000        -634.850058623400440496730115003482040      
   1.00000000000000000000000000000000000         2.00000000000000000000000000000000000        -563.895260609906604153752097775202460      
   1.00000000000000000000000000000000000         2.00000000000000000000000000000000000        -500.625429819198508195799247940504577      
   1.00000000000000000000000000000000000         2.00000000000000000000000000000000000        -444.204833275325288342908308374237216      
   1.00000000000000000000000000000000000         2.00000000000000000000000000000000000        -393.888623179441429813883494582495155      
   1.00000000000000000000000000000000000         2.00000000000000000000000000000000000        -349.012953232059012179300199006595041      
   1.00000000000000000000000000000000000         2.00000000000000000000000000000000000        -308.986169795982810961631955341688472      
   1.00000000000000000000000000000000000         2.00000000000000000000000000000000000        -273.280961012012339626907380981931181      
   1.00000000000000000000000000000000000         2.00000000000000000000000000000000000        -241.427359690946115017608784215526925      
   1.00000000000000000000000000000000000         2.00000000000000000000000000000000000        -213.006507134516235787826995292402229      
   1.00000000000000000000000000000000000         2.00000000000000000000000000000000000        -187.645095134945955409153694499313354      
   1.00000000000000000000000000000000000         2.00000000000000000000000000000000000        -165.010412401841221339471777072935548      
   1.00000000000000000000000000000000000         2.00000000000000000000000000000000000        -144.805929685510645213142953692244974      
   1.00000000000000000000000000000000000         2.00000000000000000000000000000000000        -126.767365013982681477123239605383541      
   1.00000000000000000000000000000000000         2.00000000000000000000000000000000000        -110.659176831805853915554067672320178      
   1.00000000000000000000000000000000000         2.00000000000000000000000000000000000        -96.2714385067145527074069622325915137      
   1.00000000000000000000000000000000000         2.00000000000000000000000000000000000        -83.4170527307627952858646468794755751      
   1.00000000000000000000000000000000000         2.00000000000000000000000000000000000        -71.9292688527214264063155409306426971      
   1.00000000000000000000000000000000000         2.00000000000000000000000000000000000        -61.6594701982480484498332842956289070      
   1.00000000000000000000000000000000000         2.00000000000000000000000000000000000        -52.4752020169126821895109994517409555      
   1.00000000000000000000000000000000000         2.00000000000000000000000000000000000        -44.2584138881343375052563526465818255      
   1.00000000000000000000000000000000000         2.00000000000000000000000000000000000        -36.9038932638231237315065268851018727      
   1.00000000000000000000000000000000000         2.00000000000000000000000000000000000        -30.3178693617904839962592178629800814      
   1.00000000000000000000000000000000000         2.00000000000000000000000000000000000        -24.4167688844413318715180998677013696      
   1.00000000000000000000000000000000000         2.00000000000000000000000000000000000        -19.1261070518911158791635944498751699      
   1.00000000000000000000000000000000000         2.00000000000000000000000000000000000        -14.3794992341910439762532408536331673      
   1.00000000000000000000000000000000000         2.00000000000000000000000000000000000        -10.1177800676215937150343924484905192      
   1.00000000000000000000000000000000000         2.00000000000000000000000000000000000        -6.28821836626271644210991097386280158      
   1.00000000000000000000000000000000000         2.00000000000000000000000000000000000        -2.84381741119426384172802725857038786      
   1.00000000000000000000000000000000000         2.00000000000000000000000000000000000        0.257308667410554220702175672394078875      
   1.00000000000000000000000000000000000         2.00000000000000000000000000000000000         3.05249069032941239802152979035495687      
   1.00000000000000000000000000000000000         2.00000000000000000000000000000000000         5.57499978660171594444174557164472675      
   1.00000000000000000000000000000000000         2.00000000000000000000000000000000000         7.85448888119660369652665194836574768      
   1.00000000000000000000000000000000000         2.00000000000000000000000000000000000         9.91738617131123020958064739570393679      
   1.00000000000000000000000000000000000         2.00000000000000000000000000000000000         11.7872458124907431051895886276622411      
   1.00000000000000000000000000000000000         2.00000000000000000000000000000000000         13.4850604679617033654563232102870972      
   1.00000000000000000000000000000000000         2.00000000000000000000000000000000000         15.0295398685187092470625787842506804      
   1.00000000000000000000000000000000000         2.00000000000000000000000000000000000         16.4373590792846762744695134177859396      
   1.00000000000000000000000000000000000         2.00000000000000000000000000000000000         17.7233797676938442095697631199393443      
   1.00000000000000000000000000000000000         2.00000000000000000000000000000000000         18.9008474087892109750540156429801152      
   1.00000000000000000000000000000000000         2.00000000000000000000000000000000000         19.9815670446288755829315043621480175      
   1.00000000000000000000000000000000000         2.00000000000000000000000000000000000         20.9760599300218270997585109769480058      
   1.00000000000000000000000000000000000         2.00000000000000000000000000000000000         21.8937031431869212127352659178121635      
   1.00000000000000000000000000000000000         2.00000000000000000000000000000000000         22.7428540138836665646614017559920490      
   1.00000000000000000000000000000000000         2.00000000000000000000000000000000000         23.5309610201005183033488763364266515      
   1.00000000000000000000000000000000000         2.00000000000000000000000000000000000         24.2646626248323556330919357347028392      
   1.00000000000000000000000000000000000         2.00000000000000000000000000000000000         24.9498753644511307986658446138690946      
   1.00000000000000000000000000000000000         2.00000000000000000000000000000000000         25.5918723575488486654103167999838622      
   1.00000000000000000000000000000000000         2.00000000000000000000000000000000000         26.1953532760175240649005292101650963      
   1.00000000000000000000000000000000000         2.00000000000000000000000000000000000         26.7645067068398360105955735419135308      
   1.00000000000000000000000000000000000         2.00000000000000000000000000000000000         27.3030657320935519677795329923616069      
   1.00000000000000000000000000000000000         2.00000000000000000000000000000000000         27.8143574646826124618735786091425753      
