   4.00000000000000000000000000000000000         5.00000000000000000000000000000000000        -11355.1371119330240588730966137278490      
   4.00000000000000000000000000000000000         5.00000000000000000000000000000000000        -11355.1371119330240588730966137278490      
   4.00000000000000000000000000000000000         5.00000000000000000000000000000000000        -11355.1371119330240588730966137278490      
   4.00000000000000000000000000000000000         5.00000000000000000000000000000000000        -11355.1371119330240588730966137278490      
   4.00000000000000000000000000000000000         5.00000000000000000000000000000000000        -11355.1371119330240588730966137278490      
   4.00000000000000000000000000000000000         5.00000000000000000000000000000000000        -11355.1371119330240588730966137278490      
   4.00000000000000000000000000000000000         5.00000000000000000000000000000000000        -11355.1371119330240588730966137278490      
   4.00000000000000000000000000000000000         5.00000000000000000000000000000000000        -11355.1371119330240588730966137278490      
   4.00000000000000000000000000000000000         5.00000000000000000000000000000000000        -11355.1371119330240588730966137278490      
   4.00000000000000000000000000000000000         5.00000000000000000000000000000000000        -11355.1371119330240588730966137278490      
   4.00000000000000000000000000000000000         5.00000000000000000000000000000000000        -11355.1371119330240588730966137278490      
   4.00000000000000000000000000000000000         5.00000000000000000000000000000000000        -11355.1371119330240588730966137278490      
   4.00000000000000000000000000000000000         5.00000000000000000000000000000000000        -11355.1371119330240588730966137278490      
   4.00000000000000000000000000000000000         5.00000000000000000000000000000000000        -11355.1371119330240588730966137278490      
   4.00000000000000000000000000000000000         5.00000000000000000000000000000000000        -11355.1371119330240588730966137278490      
   4.00000000000000000000000000000000000         5.00000000000000000000000000000000000        -11355.1371119330240588730966137278490      
   4.00000000000000000000000000000000000         5.00000000000000000000000000000000000        -11355.1371119330240588730966137278490      
   4.00000000000000000000000000000000000         5.00000000000000000000000000000000000        -11355.1371119330240588730966137278490      
   4.00000000000000000000000000000000000         5.00000000000000000000000000000000000        -11355.1371119330240588730966137278490      
   4.00000000000000000000000000000000000         5.00000000000000000000000000000000000        -11355.1371119330240588730966137278490      
   4.00000000000000000000000000000000000         5.00000000000000000000000000000000000        -11355.1371119330240588730966137278490      
   4.00000000000000000000000000000000000         5.00000000000000000000000000000000000        -11355.1371119330240588730966137278490      
   4.00000000000000000000000000000000000         5.00000000000000000000000000000000000        -11355.1371119330240588730966137278490      
   4.00000000000000000000000000000000000         5.00000000000000000000000000000000000        -11355.1371119330240588730966137278490      
   4.00000000000000000000000000000000000         5.00000000000000000000000000000000000        -11355.1371119330240588730966137278490      
   4.00000000000000000000000000000000000         5.00000000000000000000000000000000000        -10184.1113135923440922673800998128600      
   4.00000000000000000000000000000000000         5.00000000000000000000000000000000000        -9075.48563694515098482307700450553137      
   4.00000000000000000000000000000000000         5.00000000000000000000000000000000000        -8087.39066209809041350637985702166764      
   4.00000000000000000000000000000000000         5.00000000000000000000000000000000000        -7206.71878830431669612560923476651713      
   4.00000000000000000000000000000000000         5.00000000000000000000000000000000000        -6421.78785410152103487788031765119043      
   4.00000000000000000000000000000000000         5.00000000000000000000000000000000000        -5722.18612212699082519994539743850318      
   4.00000000000000000000000000000000000         5.00000000000000000000000000000000000        -5098.63412168860628871907829439793388      
   4.00000000000000000000000000000000000         5.00000000000000000000000000000000000        -4542.86151582663107602683278726520358      
   4.00000000000000000000000000000000000         5.00000000000000000000000000000000000        -4047.49735896701797688066471651203393      
   4.00000000000000000000000000000000000         5.00000000000000000000000000000000000        -3605.97228895196463567356692743320327      
   4.00000000000000000000000000000000000         5.00000000000000000000000000000000000        -3212.43135559538937612893556039509472      
   4.00000000000000000000000000000000000         5.00000000000000000000000000000000000        -2861.65632905122055630514853196437767      
   4.00000000000000000000000000000000000         5.00000000000000000000000000000000000        -2548.99645707374931479035503855004956      
   4.00000000000000000000000000000000000         5.00000000000000000000000000000000000        -2270.30675236096000505254810514712531      
   4.00000000000000000000000000000000000         5.00000000000000000000000000000000000        -2021.89299109137871930604307946767203      
   4.00000000000000000000000000000000000         5.00000000000000000000000000000000000        -1800.46269281844080677155458603726559      
   4.00000000000000000000000000000000000         5.00000000000000000000000000000000000        -1603.08143125535850902221606584756787      
   4.00000000000000000000000000000000000         5.00000000000000000000000000000000000        -1427.13389622114791295433053215212918      
   4.00000000000000000000000000000000000         5.00000000000000000000000000000000000        -1270.28919006349637020517010020963209      
   4.00000000000000000000000000000000000         5.00000000000000000000000000000000000        -1130.46989806308648791041436648985028      
   4.00000000000000000000000000000000000         5.00000000000000000000000000000000000        -1005.82452240243378802745577138320093      
   4.00000000000000000000000000000000000         5.00000000000000000000000000000000000        -894.702913914752647143573437813814561      
   4.00000000000000000000000000000000000         5.00000000000000000000000000000000000        -795.634375607084759872451699026778389      
   4.00000000000000000000000000000000000         5.00000000000000000000000000000000000        -707.308147404745557994922612762610819      
   4.00000000000000000000000000000000000         5.00000000000000000000000000000000000        -628.556013161504161730697697012425984      
   4.00000000000000000000000000000000000         5.00000000000000000000000000000000000        -558.336799141089310623452180952505271      
   4.00000000000000000000000000000000000         5.00000000000000000000000000000000000        -495.722558274289026835913446609795357      
   4.00000000000000000000000000000000000         5.00000000000000000000000000000000000        -439.886256865129675427236871857871346      
   4.00000000000000000000000000000000000         5.00000000000000000000000000000000000        -390.090800356206535373168040743902374      
   4.00000000000000000000000000000000000         5.00000000000000000000000000000000000        -345.679252531739371113006237797367320      
   4.00000000000000000000000000000000000         5.00000000000000000000000000000000000        -306.066118373120015019091077054904419      
   4.00000000000000000000000000000000000         5.00000000000000000000000000000000000        -270.729574895741302897260350173180273      
   4.00000000000000000000000000000000000         5.00000000000000000000000000000000000        -239.204546875032348606328976793095962      
   4.00000000000000000000000000000000000         5.00000000000000000000000000000000000        -211.076535580791587493096259414151604      
   4.00000000000000000000000000000000000         5.00000000000000000000000000000000000        -185.976118630871628778993732807554269      
   4.00000000000000000000000000000000000         5.00000000000000000000000000000000000        -163.574047980616007386092859425861598      
   4.00000000000000000000000000000000000         5.00000000000000000000000000000000000        -143.576881001345947471706983368239853      
   4.00000000000000000000000000000000000         5.00000000000000000000000000000000000        -125.723086674963057725466405960043987      
   4.00000000000000000000000000000000000         5.00000000000000000000000000000000000        -109.779575236236073311098338727142271      
   4.00000000000000000000000000000000000         5.00000000000000000000000000000000000        -95.5386052132332549421707413165120877      
   4.00000000000000000000000000000000000         5.00000000000000000000000000000000000        -82.8150268242061548144228577671951847      
   4.00000000000000000000000000000000000         5.00000000000000000000000000000000000        -71.4438251524762105865826003716045405      
   4.00000000000000000000000000000000000         5.00000000000000000000000000000000000        -61.2779304987475917200184024542489519      
   4.00000000000000000000000000000000000         5.00000000000000000000000000000000000        -52.1862668555518413928134697891801852      
   4.00000000000000000000000000000000000         5.00000000000000000000000000000000000        -44.0520126082658716269389541755097229      
   4.00000000000000000000000000000000000         5.00000000000000000000000000000000000        -36.7710503832625563767623785308656604      
   4.00000000000000000000000000000000000         5.00000000000000000000000000000000000        -30.2505854736206978585564810579426748      
   4.00000000000000000000000000000000000         5.00000000000000000000000000000000000        -24.4079145097429325782367995440982869      
   4.00000000000000000000000000000000000         5.00000000000000000000000000000000000        -19.1693280358887884333778923940493972      
   4.00000000000000000000000000000000000         5.00000000000000000000000000000000000        -14.4691324304802418679096880607438994      
   4.00000000000000000000000000000000000         5.00000000000000000000000000000000000        -10.2487781916564761190661479478456215      
   4.00000000000000000000000000000000000         5.00000000000000000000000000000000000        -6.45608302095677476743105122102121421      
   4.00000000000000000000000000000000000         5.00000000000000000000000000000000000        -3.04453939592404919888588984436080074      
   4.00000000000000000000000000000000000         5.00000000000000000000000000000000000         2.73025564618570518894059321856348138E-0002
   4.00000000000000000000000000000000000         5.00000000000000000000000000000000000         2.79638507441568306275168263149735873      
   4.00000000000000000000000000000000000         5.00000000000000000000000000000000000         5.29563296240307534149379400831861491      
   4.00000000000000000000000000000000000         5.00000000000000000000000000000000000         7.55439048329191147238440565273275190      
   4.00000000000000000000000000000000000         5.00000000000000000000000000000000000         9.59881073889203058646048743220438360      
   4.00000000000000000000000000000000000         5.00000000000000000000000000000000000         11.4522027057265591673493181941465224      
   4.00000000000000000000000000000000000         5.00000000000000000000000000000000000         13.1353405309886711436941019738615306      
   4.00000000000000000000000000000000000         5.00000000000000000000000000000000000         14.6667391928532112959209143674452130      
   4.00000000000000000000000000000000000         5.00000000000000000000000000000000000         16.0629001829880358581569641456562492      
   4.00000000000000000000000000000000000         5.00000000000000000000000000000000000         17.3385304713227278842654079760438337      
   4.00000000000000000000000000000000000         5.00000000000000000000000000000000000         18.5067376586041330564379252812026849      
   4.00000000000000000000000000000000000         5.00000000000000000000000000000000000         19.5792039062945601724774008812217224      
   4.00000000000000000000000000000000000         5.00000000000000000000000000000000000         20.5663409517567218369470824843381173      
   4.00000000000000000000000000000000000         5.00000000000000000000000000000000000         21.4774282656827378282196962702823975      
   4.00000000000000000000000000000000000         5.00000000000000000000000000000000000         22.3207361850323444957036884603188487      
   4.00000000000000000000000000000000000         5.00000000000000000000000000000000000         23.1036356553795890496416032139757184      
   4.00000000000000000000000000000000000         5.00000000000000000000000000000000000         23.8326960388822738456404476859582593      
   4.00000000000000000000000000000000000         5.00000000000000000000000000000000000         24.5137722857264805599768257359000775      
   4.00000000000000000000000000000000000         5.00000000000000000000000000000000000         25.1520826257582808345923594472345130      
   4.00000000000000000000000000000000000         5.00000000000000000000000000000000000         25.7522778112233835308988996235525483      
   4.00000000000000000000000000000000000         5.00000000000000000000000000000000000         26.3185028294238042954284532398591773      
   4.00000000000000000000000000000000000         5.00000000000000000000000000000000000         26.8544519041810170359667049484423392      
   4.00000000000000000000000000000000000         5.00000000000000000000000000000000000         27.3634175159415864032929401247764559      
