   4.17679602770807783522119342707848785         5.00535612770753621761638366124772901        -1479.70008314843684014952269238869578      
   4.26231846603056207282691655699460421         5.01169494019767624379684180940185173        -1318.47706448312216142776721925563938      
   4.37473873015290028481179154117920108         5.02347130110588420080219352741758125        -1174.76234726269246954194127135970533      
   4.51817281127085379313146011610201062         5.04371671894163994831254443546332393        -1046.65229838341051066906771725633702      
   4.69678993117905570769735518456659895         5.07623080763377680729231026990324341        -932.449974631004025795276819992931878      
   4.91490082819577021992253216075875991         5.12544279480599108875339673421509432        -830.642662076832422427982682310979489      
   5.17701649949514254859558684802209887         5.19621303127559437850739716213171182        -739.881885706418362324532552955385687      
   5.48781718048350072023489616267033411         5.29362109118585276972274321108573663        -658.965602191458205923300697454236245      
   5.85198548219435506004572588885535636         5.42276794113627128103652595291745777        -586.822325974259396756251903418701159      
   6.27388836000373832743789585920910909         5.58858806058973782212774636309832348        -522.496977210879450728946394192328532      
   6.75713474134671419513092627281049169         5.79564512689775796546051761013430780        -465.138271819930106037266008779023150      
   7.30407832122357434126744479656485438         6.04788698300618242304772298712309351        -413.987493753692625002827281575230549      
   7.91536710532984665554543118047651800         6.34836211530686328775694156489132361        -368.368499290793477217604156986896787      
   8.58965734523104824889106272602730707         6.69893781158680449815571023522756068        -327.678810005789648454274504224669063      
   9.32361035794546434024622793972133841         7.10009183023534355609984131017477394        -291.381662512815200869311376654815879      
   10.1122772400206602137042507166778303         7.55086031423950839947185602223921978        -258.998901195922677086932362238034509      
   10.9499433559062919457734526244308562         8.04900794065541442854119522016671940        -230.104620992431876800225432756320040      
   11.8314415097220241818014237483395375         8.59144368398874619040328753136661067        -204.319484768536196178067613596982255      
   12.7538447575049771190787069940843097         9.17484652897937160698985264446564914        -181.305650139493256060750707127535907      
   13.7183282173336037118510097463423893         9.79640465242935920275437657358674931        -160.762244121500430148144578034485090      
   14.7318760704730616781150794779445380         10.4545255760964065047899982208109630        -142.421324171659823434794514012090862      
   15.8084504048493448907972890244412880         11.1493584497759118762885756785310202        -126.044265205094555689318490359446861      
   16.9692720663362591586748063777557772         11.8829921647972301811118847287715343        -111.418517367806546804436337629833384      
   18.2420017494888074448133974307695980         12.6592537859218269838759569656792068        -98.3546899929990855457784899742638067      
   19.6588238985830999040392331023388058         13.4831178681159470582661375588447273        -86.6839318746904745385962779200802287      
   21.2536669325448625701747099630070683         14.3598254517060602879068069858280097        -76.2555924743703529315361993108323450      
   23.0589749644500743176247462913153099         15.2938761314567490699275072513976391        -66.9351571311241749531846999476875328      
   25.1025342303544077005614114336187411         16.2880791210921080130667373780656732        -58.6024477753189031872489274483749013      
   27.4048451331012877135874204792915518         17.3428258061778885299952044198583085        -51.1500702692213854909301834967819141      
   29.9774452248187649832339198613011361         18.4556885379979279613947228146219362        -44.4820767917759415728399896335875636      
   32.8224679753249849945623084389745196         19.6213802358299032512767126442968679        -38.5128040308581475792826278913591157      
   35.9335897915395870175482758475713123         20.8320501145793840926292675155538653        -33.1658485799507769368016553422376244      
   39.2983750221464428737224896708587790         22.0778584939059995347828919966515321        -28.3731478859256132725626875606608969      
   42.9018812121520173781260743561076794         23.3477703283999109025936121784890311        -24.0741443144675457108174503475621863      
   46.7312739330218324715096520006949916         24.6305210335147674179728070222779951        -20.2150185734818262883680807080173730      
   50.7811867621232604374691841711915016         25.9157225334965654315839843995022087        -16.7479858282757863340465421150594442      
   55.0597043020400645057462890750544267         27.1950839725353146690498358481201301        -13.6306531101884805242474654941280836      
   59.5952245165291813976873946527950257         28.4637275702866024153609699294280899        -10.8254408118709408882366625624085700      
   64.4453409641758174925233829589690340         29.7216052683713174570407855332643915        -8.29907750932210728129082157300299146      
   69.7109790438468121509260049799480766         30.9750966559542059607751686632250506        -6.02219213340082107913082806452494105      
   75.5635459050752555994900876792391115         32.2390428652556245698956740064672854        -3.96905464861675382060859801200706929      
   82.3010168875001547240843443316881427         33.5398055622970108380477286032236640        -2.11754428854907995765147216604411219      
   90.4601578336033650623400820532546980         34.9204418014926615776635819365383402       -0.449401967670195079216931406417681942      
   101.021655910296890541884806428420516         36.4495895197913047715508917877219742         1.04935822864903096710525247349868660      
   115.742698413390715164356904930302976         38.2357481692557287156947854173203634         2.38845582546003670942880883138640475      
   137.626051681129822217002192602953946         40.4477489445133777551577697420058393         3.57490077152321287049038309848426384      
   171.482179289057599959981368121529750         43.3399864016353023702852143818962810         4.61696145922121666648867754238608368      
   224.473639575734589159652975660013253         47.2777567080874488680668935111263550         5.52915180295266112444757328122394062      
   306.476773549216167654136138304364455         52.7550206290059450105270762553194486         6.33416626579157725854212691130627818      
   430.086044991375269107407459703015124         60.3957476949481693946131077488093724         7.05917604287320711287234162902715796      
   610.138962858347509899338508465185504         70.9319185759557938744924416049422107         7.72918660487210967876953061807082434      
   862.745852436252763569955731738585250         85.1561971830876126854075968835692805         8.36232485338143339068053839469851330      
   1203.93536105095324731838779256281357         103.853731406862972896897517289983090         8.96904406975509007143518906800665775      
   1648.12921284724304382759431455585299         127.723244942977437884075591621976415         9.55400299240035028465658314856856982      
   2206.70313731333253381810628688337080         157.300595931124716981882393264447321         10.1185917460311882570726662692672709      
   2886.86387985715218679728926507701042         192.897480484710758700069201486701651         10.6628898482232826033510952456690324      
   3690.99029381219774317242370465765035         234.564433494437923603183536900364627         11.1867819395431554478158450287466534      
   4616.48216283955664863294463081890514         282.082098104265212208714551517874872         11.6904299426945955187185278133376187      
   5656.06716394883033616365020721714228         334.979491942861509546064591840608125         12.1743822583557104187377140217526413      
   6798.45593789154732535636394371022900         392.573935980997138291100940340600928         12.6395235903253360574025044025082734      
   8029.21280718375535467114831130039062         454.025047575177960301489978182081234         13.0869768109693761509340104176900197      
   9331.71757350517067237810178915518000         518.394739778240066330559796996682637         13.5180061791557531504314326672068331      
   10688.1188098348414353833896054357840         584.706108142647836192942215852725233         13.9339385966641796583567476203084780      
   12080.2089803372280274549456397982098         651.995847684097751204542097923717670         14.3361052902713818868971408306144808      
   13490.1788358996893657759993304830020         719.356876085135331849840358886449827         14.7258012302216760464631290091880656      
   14901.2297252507924705306334441924178         785.969732348070953396501366663606135         15.1042584843096541141369146485995663      
   16298.0376987999516848545267395222025         851.122832199634278147433072391310235         15.4726300193855800963219493286530281      
   17667.0738357693000716189179522173496         914.222703950595822968398294951799570         15.8319811312183520795824465318574106      
   18996.7924471839804144169019017737825         974.795920751830207728921990954431252         16.1832863297574155789626309048735388      
   20277.7036252505959188860693109371694         1032.48466784379238565662131004901388         16.5274300326671810670619253581215426      
   21502.3495159403654071918593855139857         1087.03783960413381651961417488141991         16.8652098263006400621366067583434821      
   22665.2049366206581316375981783767388         1138.29935086639072905951168334407722         17.1973413647611332486711154507315953      
   23762.5227439946764096507250607497031         1186.19505294800582015148950828583368         17.5244642182382954012589924465583323      
   24792.1429322883870766296230812816106         1230.71932799270591659630255515454905         17.8471481689152794243324856416423981      
   25753.2821298327426616814568117804543         1271.92213535965227983091474248029927         18.1658995983836424553659204708094836      
   26646.3173195112913763636150655280499         1309.89702313723681150353149895667121         18.4811677230117528949096029368706432      
   27472.5745731835048214624332335892769         1344.77040573227597415242932016740441         18.7933505193610754946791469352033782      
   28234.1306421585710851477078947981117         1376.69224556370414787787447944477021         19.1028002456198312281555711265963446      
   28933.6325856097829219618295216440713         1405.82815875925390789300385052282777         19.4098285114488408859085434062414528      
   29574.1383650645824155213713531238262         1432.35288452051360870160732207168666         19.7147108813265875646847996384860593      
   30158.9795330714045870227059742607474         1456.44500787153846844398200542525924         20.0176910185993513628350543646053714      
   30691.6457910468789306758658094995378         1478.28279857006524979909198590023916         20.3189843916149836112918837606523216      
   31175.6902427314987271896831719760108         1498.04101867544011874172191015086653         20.6187815716739303278100227455972213      
   31614.6535639127366768575524722093106         1515.88855239491884720763692561486386         20.9172511567474585709682774382681047      
   32012.0049777386398637753703259976366         1531.98672026319623630299499332878672         21.2145423562811376685722202428675221      
   32371.0978016908999248135558432460553         1546.48815236608351133541093724359843         21.5107872718885790726501292590366953      
   32695.1373579611433815442644718228432         1559.53610998029376272102851769531195         21.8061029070530584375698330833686251      
   32987.1591640773913300232314441741278         1571.26416014363918447180796896712241         22.1005929365962815016329395491401489      
   33250.0155058680846350134609967583957         1581.79612230430615250590208240634929         22.3943492639926214825449274283634298      
   33486.3687105219302638429408220254438         1591.24621973116626377627317676001796         22.6874533918368749015471759004945892      
   33698.6896622286979078314474537261218         1599.71938048928243391626284844199869         22.9799776280634954683695301751069785      
   33889.2603221356898114102742173490603         1607.31164338015883619454851042947912         23.2719861479555027123945356037821696      
   34060.1792189502718841755799844641432         1614.11063332623140984027569592306060         23.5635359296208062088007868172571258      
   34213.3690613011531209227508659979280         1620.19607833280770388250300227081528         23.8546775784738151490141988458204086      
   34350.5857856660600692951069244776975         1625.64034652024307663846690493788746         24.1454560543441840282462271426156499      
   34473.4284939827830594101269147388237         1630.50898693565571979061593774952828         24.4359113131344859782498082711358178      
   34583.3498539601442691661659707793851         1634.86126208126537385562566178430687         24.7260788734501905796692186161463748      
   34681.6666343245203946005443423593403         1638.75066348332730265025011285563867         25.0159903173110112013338209542312340      
   34769.5701288865598591891923916267641         1642.22540430741650384264015687687538         25.3056737329038032819529551426025276      
   34848.1362896279473945110849032698280         1645.32888512355908204934088690969128         25.5951541063352495009032010894928628      
   34918.3354421851794588602094536868261         1648.10013054393958761885617868993759         25.8844536684700382128536412155088789      
