   2.00000000000000000000000000000000000         1.00000000000000000000000000000000000        -11355.1371119330240588730966137278490      
   2.00000000000000000000000000000000000         1.00000000000000000000000000000000000        -11355.1371119330240588730966137278490      
   2.00000000000000000000000000000000000         1.00000000000000000000000000000000000        -11355.1371119330240588730966137278490      
   2.00000000000000000000000000000000000         1.00000000000000000000000000000000000        -11355.1371119330240588730966137278490      
   2.00000000000000000000000000000000000         1.00000000000000000000000000000000000        -11355.1371119330240588730966137278490      
   2.00000000000000000000000000000000000         1.00000000000000000000000000000000000        -11355.1371119330240588730966137278490      
   2.00000000000000000000000000000000000         1.00000000000000000000000000000000000        -11355.1371119330240588730966137278490      
   2.00000000000000000000000000000000000         1.00000000000000000000000000000000000        -11355.1371119330240588730966137278490      
   2.00000000000000000000000000000000000         1.00000000000000000000000000000000000        -11355.1371119330240588730966137278490      
   2.00000000000000000000000000000000000         1.00000000000000000000000000000000000        -11355.1371119330240588730966137278490      
   2.00000000000000000000000000000000000         1.00000000000000000000000000000000000        -11355.1371119330240588730966137278490      
   2.00000000000000000000000000000000000         1.00000000000000000000000000000000000        -11355.1371119330240588730966137278490      
   2.00000000000000000000000000000000000         1.00000000000000000000000000000000000        -11355.1371119330240588730966137278490      
   2.00000000000000000000000000000000000         1.00000000000000000000000000000000000        -11355.1371119330240588730966137278490      
   2.00000000000000000000000000000000000         1.00000000000000000000000000000000000        -11355.1371119330240588730966137278490      
   2.00000000000000000000000000000000000         1.00000000000000000000000000000000000        -11355.1371119330240588730966137278490      
   2.00000000000000000000000000000000000         1.00000000000000000000000000000000000        -11355.1371119330240588730966137278490      
   2.00000000000000000000000000000000000         1.00000000000000000000000000000000000        -11355.1371119330240588730966137278490      
   2.00000000000000000000000000000000000         1.00000000000000000000000000000000000        -11355.1371119330240588730966137278490      
   2.00000000000000000000000000000000000         1.00000000000000000000000000000000000        -11355.1371119330240588730966137278490      
   2.00000000000000000000000000000000000         1.00000000000000000000000000000000000        -11355.1371119330240588730966137278490      
   2.00000000000000000000000000000000000         1.00000000000000000000000000000000000        -11355.1371119330240588730966137278490      
   2.00000000000000000000000000000000000         1.00000000000000000000000000000000000        -11355.1371119330240588730966137278490      
   2.00000000000000000000000000000000000         1.00000000000000000000000000000000000        -11355.1371119330240588730966137278490      
   2.00000000000000000000000000000000000         1.00000000000000000000000000000000000        -11355.1371119330240588730966137278490      
   2.00000000000000000000000000000000000         1.00000000000000000000000000000000000        -11355.1371119330240588730966137278490      
   2.00000000000000000000000000000000000         1.00000000000000000000000000000000000        -11355.1371119330240588730966137278490      
   2.00000000000000000000000000000000000         1.00000000000000000000000000000000000        -10338.7916757745469659794426244579196      
   2.00000000000000000000000000000000000         1.00000000000000000000000000000000000        -9213.38169961621230682045203991705488      
   2.00000000000000000000000000000000000         1.00000000000000000000000000000000000        -8210.32770208392906105425482947910491      
   2.00000000000000000000000000000000000         1.00000000000000000000000000000000000        -7316.32358528838665391488296102628894      
   2.00000000000000000000000000000000000         1.00000000000000000000000000000000000        -6519.51027700283758435503451177868524      
   2.00000000000000000000000000000000000         1.00000000000000000000000000000000000        -5809.31836797979729547742712352363530      
   2.00000000000000000000000000000000000         1.00000000000000000000000000000000000        -5176.32786231192569056574741516404255      
   2.00000000000000000000000000000000000         1.00000000000000000000000000000000000        -4612.14317980958986499178704980195423      
   2.00000000000000000000000000000000000         1.00000000000000000000000000000000000        -4109.28175175260240330826453241088629      
   2.00000000000000000000000000000000000         1.00000000000000000000000000000000000        -3661.07473174944605184310252093633731      
   2.00000000000000000000000000000000000         1.00000000000000000000000000000000000        -3261.57850419741121462306878827015500      
   2.00000000000000000000000000000000000         1.00000000000000000000000000000000000        -2905.49581611467659687679712873561270      
   2.00000000000000000000000000000000000         1.00000000000000000000000000000000000        -2588.10548581166218878358354172634006      
   2.00000000000000000000000000000000000         1.00000000000000000000000000000000000        -2305.19975567842994481759858342695669      
   2.00000000000000000000000000000000000         1.00000000000000000000000000000000000        -2053.02845779768317501060466894700823      
   2.00000000000000000000000000000000000         1.00000000000000000000000000000000000        -1828.24925149497212980860286889880729      
   2.00000000000000000000000000000000000         1.00000000000000000000000000000000000        -1627.88327250863089416293844336460216      
   2.00000000000000000000000000000000000         1.00000000000000000000000000000000000        -1449.27560527087663406453465613757361      
   2.00000000000000000000000000000000000         1.00000000000000000000000000000000000        -1290.06005379125701303290969199255634      
   2.00000000000000000000000000000000000         1.00000000000000000000000000000000000        -1148.12774367347307899882654578667975      
   2.00000000000000000000000000000000000         1.00000000000000000000000000000000000        -1021.59913863341715467842315026099492      
   2.00000000000000000000000000000000000         1.00000000000000000000000000000000000        -908.799100194621858623072067768255653      
   2.00000000000000000000000000000000000         1.00000000000000000000000000000000000        -808.234659618431703907000322685808590      
   2.00000000000000000000000000000000000         1.00000000000000000000000000000000000        -718.575207115915633053611111801875084      
   2.00000000000000000000000000000000000         1.00000000000000000000000000000000000        -638.634835464398895958174242838461484      
   2.00000000000000000000000000000000000         1.00000000000000000000000000000000000        -567.356603739133036930961479974305685      
   2.00000000000000000000000000000000000         1.00000000000000000000000000000000000        -503.798512349384046300341485099694354      
   2.00000000000000000000000000000000000         1.00000000000000000000000000000000000        -447.121003276188633603493424524833544      
   2.00000000000000000000000000000000000         1.00000000000000000000000000000000000        -396.575819647528057295689148747074822      
   2.00000000000000000000000000000000000         1.00000000000000000000000000000000000        -351.496076824250592009720923560967276      
   2.00000000000000000000000000000000000         1.00000000000000000000000000000000000        -311.287413246085278148265526255697758      
   2.00000000000000000000000000000000000         1.00000000000000000000000000000000000        -275.420103614849986234186336263591530      
   2.00000000000000000000000000000000000         1.00000000000000000000000000000000000        -243.422029761586715285412953524012229      
   2.00000000000000000000000000000000000         1.00000000000000000000000000000000000        -214.872415925301660749362433655421930      
   2.00000000000000000000000000000000000         1.00000000000000000000000000000000000        -189.396245314265153629211018168775101      
   2.00000000000000000000000000000000000         1.00000000000000000000000000000000000        -166.659283861032218969558814125303025      
   2.00000000000000000000000000000000000         1.00000000000000000000000000000000000        -146.363645139436265265540347533230499      
   2.00000000000000000000000000000000000         1.00000000000000000000000000000000000        -128.243837592699009116247944771875642      
   2.00000000000000000000000000000000000         1.00000000000000000000000000000000000        -112.063241621775216873633424318721947      
   2.00000000000000000000000000000000000         1.00000000000000000000000000000000000        -97.6109697870349933307730856594822737      
   2.00000000000000000000000000000000000         1.00000000000000000000000000000000000        -84.6990684600675707592807220682618106      
   2.00000000000000000000000000000000000         1.00000000000000000000000000000000000        -73.1600237932262110142935897803358917      
   2.00000000000000000000000000000000000         1.00000000000000000000000000000000000        -62.8445389126453654032343912334391967      
   2.00000000000000000000000000000000000         1.00000000000000000000000000000000000        -53.6195528394319281784434461063938524      
   2.00000000000000000000000000000000000         1.00000000000000000000000000000000000        -45.3664748513184243294477351714005025      
   2.00000000000000000000000000000000000         1.00000000000000000000000000000000000        -37.9796108558300082872744348463329327      
   2.00000000000000000000000000000000000         1.00000000000000000000000000000000000        -31.3647608938932790847604113202198103      
   2.00000000000000000000000000000000000         1.00000000000000000000000000000000000        -25.4379691636119076756235812240817326      
   2.00000000000000000000000000000000000         1.00000000000000000000000000000000000        -20.1244099777840199053911296076538691      
   2.00000000000000000000000000000000000         1.00000000000000000000000000000000000        -15.3573948724944432373422830503911237      
   2.00000000000000000000000000000000000         1.00000000000000000000000000000000000        -11.0774876917160817117447192812121899      
   2.00000000000000000000000000000000000         1.00000000000000000000000000000000000        -7.23171590563072238088477624334957125      
   2.00000000000000000000000000000000000         1.00000000000000000000000000000000000        -3.77286769734256514655541393073964737      
   2.00000000000000000000000000000000000         1.00000000000000000000000000000000000       -0.658865490752229553498337905228628484      
   2.00000000000000000000000000000000000         1.00000000000000000000000000000000000         2.14779239331325129796882768208800904      
   2.00000000000000000000000000000000000         1.00000000000000000000000000000000000         4.68052936159837490338607212508727879      
   2.00000000000000000000000000000000000         1.00000000000000000000000000000000000         6.96913405671980041323994282294649016      
   2.00000000000000000000000000000000000         1.00000000000000000000000000000000000         9.04015563435535616762120713773396478      
   2.00000000000000000000000000000000000         1.00000000000000000000000000000000000         10.9172560544095655313346832217013276      
   2.00000000000000000000000000000000000         1.00000000000000000000000000000000000         12.6215240608454180250727411262772602      
   2.00000000000000000000000000000000000         1.00000000000000000000000000000000000         14.1717550165039904216740015240513411      
   2.00000000000000000000000000000000000         1.00000000000000000000000000000000000         15.5847003061499565356247387914959051      
   2.00000000000000000000000000000000000         1.00000000000000000000000000000000000         16.8752896171698712361826826848375618      
   2.00000000000000000000000000000000000         1.00000000000000000000000000000000000         18.0568290474530450981138012361940892      
   2.00000000000000000000000000000000000         1.00000000000000000000000000000000000         19.1411776692262256224653963683454031      
   2.00000000000000000000000000000000000         1.00000000000000000000000000000000000         20.1389048917368973661347504395041777      
   2.00000000000000000000000000000000000         1.00000000000000000000000000000000000         21.0594307108924004258381768307674666      
   2.00000000000000000000000000000000000         1.00000000000000000000000000000000000         21.9111507068823677062038838790332647      
   2.00000000000000000000000000000000000         1.00000000000000000000000000000000000         22.7015474484269866226791530793280434      
   2.00000000000000000000000000000000000         1.00000000000000000000000000000000000         23.4372897819177744289360617737063099      
   2.00000000000000000000000000000000000         1.00000000000000000000000000000000000         24.1243213229574407209478421892762009      
   2.00000000000000000000000000000000000         1.00000000000000000000000000000000000         24.7679393245278067934858605317144457      
   2.00000000000000000000000000000000000         1.00000000000000000000000000000000000         25.3728649683184526563708208016274289      
   2.00000000000000000000000000000000000         1.00000000000000000000000000000000000         25.9433060119393163551285524428305203      
