   5.00000000000000000000000000000000000         4.00000000000000000000000000000000000        -11355.1371119330240588730966137278490      
   5.00000000000000000000000000000000000         4.00000000000000000000000000000000000        -11355.1371119330240588730966137278490      
   5.00000000000000000000000000000000000         4.00000000000000000000000000000000000        -11355.1371119330240588730966137278490      
   5.00000000000000000000000000000000000         4.00000000000000000000000000000000000        -11355.1371119330240588730966137278490      
   5.00000000000000000000000000000000000         4.00000000000000000000000000000000000        -11355.1371119330240588730966137278490      
   5.00000000000000000000000000000000000         4.00000000000000000000000000000000000        -11355.1371119330240588730966137278490      
   5.00000000000000000000000000000000000         4.00000000000000000000000000000000000        -11355.1371119330240588730966137278490      
   5.00000000000000000000000000000000000         4.00000000000000000000000000000000000        -11355.1371119330240588730966137278490      
   5.00000000000000000000000000000000000         4.00000000000000000000000000000000000        -11355.1371119330240588730966137278490      
   5.00000000000000000000000000000000000         4.00000000000000000000000000000000000        -11355.1371119330240588730966137278490      
   5.00000000000000000000000000000000000         4.00000000000000000000000000000000000        -11355.1371119330240588730966137278490      
   5.00000000000000000000000000000000000         4.00000000000000000000000000000000000        -11355.1371119330240588730966137278490      
   5.00000000000000000000000000000000000         4.00000000000000000000000000000000000        -11108.0474886588358337404600672496478      
   5.00000000000000000000000000000000000         4.00000000000000000000000000000000000        -9899.40005950178692237001947504920383      
   5.00000000000000000000000000000000000         4.00000000000000000000000000000000000        -8822.16060389653604926313885791874669      
   5.00000000000000000000000000000000000         4.00000000000000000000000000000000000        -7862.03862799757959840796527767253570      
   5.00000000000000000000000000000000000         4.00000000000000000000000000000000000        -7006.29771575871795527888446489848879      
   5.00000000000000000000000000000000000         4.00000000000000000000000000000000000        -6243.58652443031402338090203237312113      
   5.00000000000000000000000000000000000         4.00000000000000000000000000000000000        -5563.78815913767604995152812883345819      
   5.00000000000000000000000000000000000         4.00000000000000000000000000000000000        -4957.88592783273452841383404561009644      
   5.00000000000000000000000000000000000         4.00000000000000000000000000000000000        -4417.84369526878442768554186489079260      
   5.00000000000000000000000000000000000         4.00000000000000000000000000000000000        -3936.49924836823023023790681709366899      
   5.00000000000000000000000000000000000         4.00000000000000000000000000000000000        -3507.46925800655115030513958636638733      
   5.00000000000000000000000000000000000         4.00000000000000000000000000000000000        -3125.06457611310157703635925087867595      
   5.00000000000000000000000000000000000         4.00000000000000000000000000000000000        -2784.21474413273682137144500791414964      
   5.00000000000000000000000000000000000         4.00000000000000000000000000000000000        -2480.40071112141590329328275348266751      
   5.00000000000000000000000000000000000         4.00000000000000000000000000000000000        -2209.59486868578811098778442939492253      
   5.00000000000000000000000000000000000         4.00000000000000000000000000000000000        -1968.20760706684427496866409261730775      
   5.00000000000000000000000000000000000         4.00000000000000000000000000000000000        -1753.03968319933342472112488617311946      
   5.00000000000000000000000000000000000         4.00000000000000000000000000000000000        -1561.23976870003275310923296949478351      
   5.00000000000000000000000000000000000         4.00000000000000000000000000000000000        -1390.26661447246755738440973877058869      
   5.00000000000000000000000000000000000         4.00000000000000000000000000000000000        -1237.85532987537322552156246745776036      
   5.00000000000000000000000000000000000         4.00000000000000000000000000000000000        -1101.98732899995233154801941179191441      
   5.00000000000000000000000000000000000         4.00000000000000000000000000000000000        -980.863545261285610271523328533215967      
   5.00000000000000000000000000000000000         4.00000000000000000000000000000000000        -872.880558877798692821383242781519153      
   5.00000000000000000000000000000000000         4.00000000000000000000000000000000000        -776.609320464941217596413860718246264      
   5.00000000000000000000000000000000000         4.00000000000000000000000000000000000        -690.776188418093223144053755402189506      
   5.00000000000000000000000000000000000         4.00000000000000000000000000000000000        -614.246028462290999814803488111001167      
   5.00000000000000000000000000000000000         4.00000000000000000000000000000000000        -546.007151110065372332414073718381821      
   5.00000000000000000000000000000000000         4.00000000000000000000000000000000000        -485.157887156609390039192641357394230      
   5.00000000000000000000000000000000000         4.00000000000000000000000000000000000        -430.894623077252549826911399246811770      
   5.00000000000000000000000000000000000         4.00000000000000000000000000000000000        -382.501137564235299942695870428446731      
   5.00000000000000000000000000000000000         4.00000000000000000000000000000000000        -339.339097705105561809967123317067632      
   5.00000000000000000000000000000000000         4.00000000000000000000000000000000000        -300.839588692798774343637065729644182      
   5.00000000000000000000000000000000000         4.00000000000000000000000000000000000        -266.495564671800468637693617394539553      
   5.00000000000000000000000000000000000         4.00000000000000000000000000000000000        -235.855120547706546690425367912739343      
   5.00000000000000000000000000000000000         4.00000000000000000000000000000000000        -208.515495481181937320423511465312537      
   5.00000000000000000000000000000000000         4.00000000000000000000000000000000000        -184.117728496325723579059453748899594      
   5.00000000000000000000000000000000000         4.00000000000000000000000000000000000        -162.341895286612808414853509065828605      
   5.00000000000000000000000000000000000         4.00000000000000000000000000000000000        -142.902863013720911114212293359342993      
   5.00000000000000000000000000000000000         4.00000000000000000000000000000000000        -125.546506768002561402277946248271536      
   5.00000000000000000000000000000000000         4.00000000000000000000000000000000000        -110.046337485331298076541195078336472      
   5.00000000000000000000000000000000000         4.00000000000000000000000000000000000        -96.2004965748273785397348654731001229      
   5.00000000000000000000000000000000000         4.00000000000000000000000000000000000        -83.8290773779988762726332331085782840      
   5.00000000000000000000000000000000000         4.00000000000000000000000000000000000        -72.7717379166883543881672004947565979      
   5.00000000000000000000000000000000000         4.00000000000000000000000000000000000        -62.8855732524407767262182382497773252      
   5.00000000000000000000000000000000000         4.00000000000000000000000000000000000        -54.0432192247941471415302036795195387      
   5.00000000000000000000000000000000000         4.00000000000000000000000000000000000        -46.1311624062520946691531529117488442      
   5.00000000000000000000000000000000000         4.00000000000000000000000000000000000        -39.0482338480677017814621874338349197      
   5.00000000000000000000000000000000000         4.00000000000000000000000000000000000        -32.7042666297602734126880201590841645      
   5.00000000000000000000000000000000000         4.00000000000000000000000000000000000        -27.0188993988627592520078719093739242      
   5.00000000000000000000000000000000000         4.00000000000000000000000000000000000        -21.9205100245992041241342949888854347      
   5.00000000000000000000000000000000000         4.00000000000000000000000000000000000        -17.3452652157244001714093962390955306      
   5.00000000000000000000000000000000000         4.00000000000000000000000000000000000        -13.2362734915318912853243664417011925      
   5.00000000000000000000000000000000000         4.00000000000000000000000000000000000        -9.54283026647023057527799756953873635      
   5.00000000000000000000000000000000000         4.00000000000000000000000000000000000        -6.21974503109900824109914858270672831      
   5.00000000000000000000000000000000000         4.00000000000000000000000000000000000        -3.22674170148471716464693889931204950      
   5.00000000000000000000000000000000000         4.00000000000000000000000000000000000       -0.527924180037265651058509089018771851      
   5.00000000000000000000000000000000000         4.00000000000000000000000000000000000         1.90869996389585600481410941794032299      
   5.00000000000000000000000000000000000         4.00000000000000000000000000000000000         4.11164401414687587433025502724087304      
   5.00000000000000000000000000000000000         4.00000000000000000000000000000000000         6.10632046168054098497571377700000883      
   5.00000000000000000000000000000000000         4.00000000000000000000000000000000000         7.91537821290949745700141293264551062      
   5.00000000000000000000000000000000000         4.00000000000000000000000000000000000         9.55900312692171955013406993182113176      
   5.00000000000000000000000000000000000         4.00000000000000000000000000000000000         11.0551858695663999162962572069253087      
   5.00000000000000000000000000000000000         4.00000000000000000000000000000000000         12.4199606386592822441948845069594672      
   5.00000000000000000000000000000000000         4.00000000000000000000000000000000000         13.6676179280458701498418047701093847      
   5.00000000000000000000000000000000000         4.00000000000000000000000000000000000         14.8108941537723632477626322657871570      
   5.00000000000000000000000000000000000         4.00000000000000000000000000000000000         15.8611406585883986344523613812162130      
   5.00000000000000000000000000000000000         4.00000000000000000000000000000000000         16.8284743373686680626734819676595988      
   5.00000000000000000000000000000000000         4.00000000000000000000000000000000000         17.7219118821612410390029227337866649      
   5.00000000000000000000000000000000000         4.00000000000000000000000000000000000         18.5494894282128225945229615974096816      
   5.00000000000000000000000000000000000         4.00000000000000000000000000000000000         19.3183691886010082467623433281105134      
   5.00000000000000000000000000000000000         4.00000000000000000000000000000000000         20.0349344924503187814868572417415107      
   5.00000000000000000000000000000000000         4.00000000000000000000000000000000000         20.7048744878313998095473842601329286      
   5.00000000000000000000000000000000000         4.00000000000000000000000000000000000         21.3332596332993960200040451860011643      
   5.00000000000000000000000000000000000         4.00000000000000000000000000000000000         21.9246089797983483928739541233363544      
   5.00000000000000000000000000000000000         4.00000000000000000000000000000000000         22.4829501357216076399711991303278079      
   5.00000000000000000000000000000000000         4.00000000000000000000000000000000000         23.0118727108281829307820661500091374      
   5.00000000000000000000000000000000000         4.00000000000000000000000000000000000         23.5145759481833252358213520393570335      
   5.00000000000000000000000000000000000         4.00000000000000000000000000000000000         23.9939111761702573622249906389390793      
   5.00000000000000000000000000000000000         4.00000000000000000000000000000000000         24.4524196438854540127415605525669836      
   5.00000000000000000000000000000000000         4.00000000000000000000000000000000000         24.8923662419701797993961545067835208      
   5.00000000000000000000000000000000000         4.00000000000000000000000000000000000         25.3157695563332321481614442453530827      
   5.00000000000000000000000000000000000         4.00000000000000000000000000000000000         25.7244286535595303242296870115154888      
   5.00000000000000000000000000000000000         4.00000000000000000000000000000000000         26.1199469534306486964715737801708939      
   5.00000000000000000000000000000000000         4.00000000000000000000000000000000000         26.5037535053311376264882898451378770      
   5.00000000000000000000000000000000000         4.00000000000000000000000000000000000         26.8771219508656170757323966333576466      
   5.00000000000000000000000000000000000         4.00000000000000000000000000000000000         27.2411874243090507538533935835525436      
   5.00000000000000000000000000000000000         4.00000000000000000000000000000000000         27.5969616151489078361275296808488729      
   5.00000000000000000000000000000000000         4.00000000000000000000000000000000000         27.9453461925899952732124977961135676      
   5.00000000000000000000000000000000000         4.00000000000000000000000000000000000         28.2871447701569835682165257211278592      
