   1.00000000000000000000000000000000000         2.00000000000000000000000000000000000        -11355.1371119330240588730966137278490      
   1.00000000000000000000000000000000000         2.00000000000000000000000000000000000        -11355.1371119330240588730966137278490      
   1.00000000000000000000000000000000000         2.00000000000000000000000000000000000        -11355.1371119330240588730966137278490      
   1.00000000000000000000000000000000000         2.00000000000000000000000000000000000        -11355.1371119330240588730966137278490      
   1.00000000000000000000000000000000000         2.00000000000000000000000000000000000        -11355.1371119330240588730966137278490      
   1.00000000000000000000000000000000000         2.00000000000000000000000000000000000        -11355.1371119330240588730966137278490      
   1.00000000000000000000000000000000000         2.00000000000000000000000000000000000        -11355.1371119330240588730966137278490      
   1.00000000000000000000000000000000000         2.00000000000000000000000000000000000        -11355.1371119330240588730966137278490      
   1.00000000000000000000000000000000000         2.00000000000000000000000000000000000        -11355.1371119330240588730966137278490      
   1.00000000000000000000000000000000000         2.00000000000000000000000000000000000        -11355.1371119330240588730966137278490      
   1.00000000000000000000000000000000000         2.00000000000000000000000000000000000        -11355.1371119330240588730966137278490      
   1.00000000000000000000000000000000000         2.00000000000000000000000000000000000        -11355.1371119330240588730966137278490      
   1.00000000000000000000000000000000000         2.00000000000000000000000000000000000        -11355.1371119330240588730966137278490      
   1.00000000000000000000000000000000000         2.00000000000000000000000000000000000        -11355.1371119330240588730966137278490      
   1.00000000000000000000000000000000000         2.00000000000000000000000000000000000        -11355.1371119330240588730966137278490      
   1.00000000000000000000000000000000000         2.00000000000000000000000000000000000        -11355.1371119330240588730966137278490      
   1.00000000000000000000000000000000000         2.00000000000000000000000000000000000        -10130.7531278952869773803394376757787      
   1.00000000000000000000000000000000000         2.00000000000000000000000000000000000        -9028.16069589660163526577490232047925      
   1.00000000000000000000000000000000000         2.00000000000000000000000000000000000        -8045.44285600251400960234255367283729      
   1.00000000000000000000000000000000000         2.00000000000000000000000000000000000        -7169.56335878004918368758195688493900      
   1.00000000000000000000000000000000000         2.00000000000000000000000000000000000        -6388.90363469232275479093923970933898      
   1.00000000000000000000000000000000000         2.00000000000000000000000000000000000        -5693.10862273981434164123085330358935      
   1.00000000000000000000000000000000000         2.00000000000000000000000000000000000        -5072.94936509226924375931920672056036      
   1.00000000000000000000000000000000000         2.00000000000000000000000000000000000        -4520.20054442547618270834156565192675      
   1.00000000000000000000000000000000000         2.00000000000000000000000000000000000        -4027.53133895778410704670572107951747      
   1.00000000000000000000000000000000000         2.00000000000000000000000000000000000        -3588.40814689900522134422765225439355      
   1.00000000000000000000000000000000000         2.00000000000000000000000000000000000        -3197.00788952424233369367249087736672      
   1.00000000000000000000000000000000000         2.00000000000000000000000000000000000        -2848.14074245710416710413110430492686      
   1.00000000000000000000000000000000000         2.00000000000000000000000000000000000        -2537.18126985338261509085389747723913      
   1.00000000000000000000000000000000000         2.00000000000000000000000000000000000        -2260.00704767764974951385619325732854      
   1.00000000000000000000000000000000000         2.00000000000000000000000000000000000        -2012.94396164094532839967031171552628      
   1.00000000000000000000000000000000000         2.00000000000000000000000000000000000        -1792.71745393642293668205093535504159      
   1.00000000000000000000000000000000000         2.00000000000000000000000000000000000        -1596.40907184675752664203082974156618      
   1.00000000000000000000000000000000000         2.00000000000000000000000000000000000        -1421.41774164973417064386395820193109      
   1.00000000000000000000000000000000000         2.00000000000000000000000000000000000        -1265.42525395027378101116480272829330      
   1.00000000000000000000000000000000000         2.00000000000000000000000000000000000        -1126.36550245022165812408340186941578      
   1.00000000000000000000000000000000000         2.00000000000000000000000000000000000        -1002.39706797306338579553407818932736      
   1.00000000000000000000000000000000000         2.00000000000000000000000000000000000        -891.878783950233021444625600615145821      
   1.00000000000000000000000000000000000         2.00000000000000000000000000000000000        -793.347959137862428738830341711728218      
   1.00000000000000000000000000000000000         2.00000000000000000000000000000000000        -705.500968592654116007902257994287190      
   1.00000000000000000000000000000000000         2.00000000000000000000000000000000000        -627.175955360919642978785962238075260      
   1.00000000000000000000000000000000000         2.00000000000000000000000000000000000        -557.337413342706971524363099558847284      
   1.00000000000000000000000000000000000         2.00000000000000000000000000000000000        -495.062446754990631596719910861893857      
   1.00000000000000000000000000000000000         2.00000000000000000000000000000000000        -439.528523865349495352170122716378134      
   1.00000000000000000000000000000000000         2.00000000000000000000000000000000000        -390.002562495618457646554514220485159      
   1.00000000000000000000000000000000000         2.00000000000000000000000000000000000        -345.831202466778738936854683299320780      
   1.00000000000000000000000000000000000         2.00000000000000000000000000000000000        -306.432135906340620032347143122965517      
   1.00000000000000000000000000000000000         2.00000000000000000000000000000000000        -271.286380376664973233940980427070333      
   1.00000000000000000000000000000000000         2.00000000000000000000000000000000000        -239.931392293330987893161235705649360      
   1.00000000000000000000000000000000000         2.00000000000000000000000000000000000        -211.954929252795871196009441245006264      
   1.00000000000000000000000000000000000         2.00000000000000000000000000000000000        -186.989579826163598945138829052174061      
   1.00000000000000000000000000000000000         2.00000000000000000000000000000000000        -164.707888232749529633924867377473284      
   1.00000000000000000000000000000000000         2.00000000000000000000000000000000000        -144.818009200821158490470832777474086      
   1.00000000000000000000000000000000000         2.00000000000000000000000000000000000        -127.059835358156992751202121584858580      
   1.00000000000000000000000000000000000         2.00000000000000000000000000000000000        -111.201545765249123648480181998842806      
   1.00000000000000000000000000000000000         2.00000000000000000000000000000000000        -97.0365297922820812203200178743030633      
   1.00000000000000000000000000000000000         2.00000000000000000000000000000000000        -84.3806455216044238480130614676420441      
   1.00000000000000000000000000000000000         2.00000000000000000000000000000000000        -73.0697762963595572734701896715721026      
   1.00000000000000000000000000000000000         2.00000000000000000000000000000000000        -62.9576529921606678634386397425783549      
   1.00000000000000000000000000000000000         2.00000000000000000000000000000000000        -53.9139131146780064508938073321822609      
   1.00000000000000000000000000000000000         2.00000000000000000000000000000000000        -45.8223709685427290085301537179090521      
   1.00000000000000000000000000000000000         2.00000000000000000000000000000000000        -38.5794759437596317236358434113342829      
   1.00000000000000000000000000000000000         2.00000000000000000000000000000000000        -32.0929384620261675914195005029869454      
   1.00000000000000000000000000000000000         2.00000000000000000000000000000000000        -26.2805053501002238275124976497833721      
   1.00000000000000000000000000000000000         2.00000000000000000000000000000000000        -21.0688683901652899174989127615420908      
   1.00000000000000000000000000000000000         2.00000000000000000000000000000000000        -16.3926915643194879070769056307736642      
   1.00000000000000000000000000000000000         2.00000000000000000000000000000000000        -12.1937440853138458771741275744861431      
   1.00000000000000000000000000000000000         2.00000000000000000000000000000000000        -8.42012770938445105788148726624463714      
   1.00000000000000000000000000000000000         2.00000000000000000000000000000000000        -5.02558807808922238435148875545053963      
   1.00000000000000000000000000000000000         2.00000000000000000000000000000000000        -1.96890095107388057518428527073424768      
   1.00000000000000000000000000000000000         2.00000000000000000000000000000000000        0.786674814551176789354799987200965450      
   1.00000000000000000000000000000000000         2.00000000000000000000000000000000000         3.27388479685441385992822019332304045      
   1.00000000000000000000000000000000000         2.00000000000000000000000000000000000         5.52191352300908111372564769197494446      
   1.00000000000000000000000000000000000         2.00000000000000000000000000000000000         7.55677173023732782710454284988848904      
   1.00000000000000000000000000000000000         2.00000000000000000000000000000000000         9.40164151248994487682876084714205502      
   1.00000000000000000000000000000000000         2.00000000000000000000000000000000000         11.0771839327484792590968012982480204      
   1.00000000000000000000000000000000000         2.00000000000000000000000000000000000         12.6018131827780751357795209775661169      
   1.00000000000000000000000000000000000         2.00000000000000000000000000000000000         13.9919409282643919326858321958250951      
   1.00000000000000000000000000000000000         2.00000000000000000000000000000000000         15.2621940816461110131410112273764660      
   1.00000000000000000000000000000000000         2.00000000000000000000000000000000000         16.4256088923562072938475185070680660      
   1.00000000000000000000000000000000000         2.00000000000000000000000000000000000         17.4938039299315651775359079071473780      
   1.00000000000000000000000000000000000         2.00000000000000000000000000000000000         18.4771342553717050454773629764568350      
   1.00000000000000000000000000000000000         2.00000000000000000000000000000000000         19.3848288265068815981510213059435821      
   1.00000000000000000000000000000000000         2.00000000000000000000000000000000000         20.2251129606613061139937456299159189      
   1.00000000000000000000000000000000000         2.00000000000000000000000000000000000         21.0053174796166296444471281573920376      
   1.00000000000000000000000000000000000         2.00000000000000000000000000000000000         21.7319759851630399849413529091208714      
   1.00000000000000000000000000000000000         2.00000000000000000000000000000000000         22.4109115560254343273836547534016079      
   1.00000000000000000000000000000000000         2.00000000000000000000000000000000000         23.0473140165802039487649428228777614      
   1.00000000000000000000000000000000000         2.00000000000000000000000000000000000         23.6458088026715569555699667126091563      
   1.00000000000000000000000000000000000         2.00000000000000000000000000000000000         24.2105183383349212759387110997327757      
   1.00000000000000000000000000000000000         2.00000000000000000000000000000000000         24.7451167378592571518446436641782890      
   1.00000000000000000000000000000000000         2.00000000000000000000000000000000000         25.2528785590514109983540097234424812      
   1.00000000000000000000000000000000000         2.00000000000000000000000000000000000         25.7367222546287078631857765119596727      
   1.00000000000000000000000000000000000         2.00000000000000000000000000000000000         26.1992488983133626739756900664030164      
   1.00000000000000000000000000000000000         2.00000000000000000000000000000000000         26.6427766995004545184001359047803621      
   1.00000000000000000000000000000000000         2.00000000000000000000000000000000000         27.0693717644881380960789639885429504      
   1.00000000000000000000000000000000000         2.00000000000000000000000000000000000         27.4808755124529278231992599951267520      
   1.00000000000000000000000000000000000         2.00000000000000000000000000000000000         27.8789291099633896423419151556046414      
   1.00000000000000000000000000000000000         2.00000000000000000000000000000000000         28.2649952482633916898394570974117679      
   1.00000000000000000000000000000000000         2.00000000000000000000000000000000000         28.6403775522962314573621318640329172      
   1.00000000000000000000000000000000000         2.00000000000000000000000000000000000         29.0062378790155973851829948426928380      
