   1.00000000000000000000000000000000000         4.00000000000000000000000000000000000        -11355.1371119330240588730966137278490      
   1.00000000000000000000000000000000000         4.00000000000000000000000000000000000        -11355.1371119330240588730966137278490      
   1.00000000000000000000000000000000000         4.00000000000000000000000000000000000        -11355.1371119330240588730966137278490      
   1.00000000000000000000000000000000000         4.00000000000000000000000000000000000        -11355.1371119330240588730966137278490      
   1.00000000000000000000000000000000000         4.00000000000000000000000000000000000        -11355.1371119330240588730966137278490      
   1.00000000000000000000000000000000000         4.00000000000000000000000000000000000        -11355.1371119330240588730966137278490      
   1.00000000000000000000000000000000000         4.00000000000000000000000000000000000        -11355.1371119330240588730966137278490      
   1.00000000000000000000000000000000000         4.00000000000000000000000000000000000        -11355.1371119330240588730966137278490      
   1.00000000000000000000000000000000000         4.00000000000000000000000000000000000        -11355.1371119330240588730966137278490      
   1.00000000000000000000000000000000000         4.00000000000000000000000000000000000        -11355.1371119330240588730966137278490      
   1.00000000000000000000000000000000000         4.00000000000000000000000000000000000        -11355.1371119330240588730966137278490      
   1.00000000000000000000000000000000000         4.00000000000000000000000000000000000        -11355.1371119330240588730966137278490      
   1.00000000000000000000000000000000000         4.00000000000000000000000000000000000        -11355.1371119330240588730966137278490      
   1.00000000000000000000000000000000000         4.00000000000000000000000000000000000        -11355.1371119330240588730966137278490      
   1.00000000000000000000000000000000000         4.00000000000000000000000000000000000        -11299.3136175063555081495868740404764      
   1.00000000000000000000000000000000000         4.00000000000000000000000000000000000        -10069.6285504150569083053234947595756      
   1.00000000000000000000000000000000000         4.00000000000000000000000000000000000        -8973.63928026478792798546268305036335      
   1.00000000000000000000000000000000000         4.00000000000000000000000000000000000        -7996.80651456275034196688998653515962      
   1.00000000000000000000000000000000000         4.00000000000000000000000000000000000        -7126.17209523493680839517683703666292      
   1.00000000000000000000000000000000000         4.00000000000000000000000000000000000        -6350.18705174140291470485284767551749      
   1.00000000000000000000000000000000000         4.00000000000000000000000000000000000        -5658.55835325394421354380584456598679      
   1.00000000000000000000000000000000000         4.00000000000000000000000000000000000        -5042.11232639068392749075234748294769      
   1.00000000000000000000000000000000000         4.00000000000000000000000000000000000        -4492.67292614389180866048039716518461      
   1.00000000000000000000000000000000000         4.00000000000000000000000000000000000        -4002.95324473020454690184296802587014      
   1.00000000000000000000000000000000000         4.00000000000000000000000000000000000        -3566.45881875160549990463999335293407      
   1.00000000000000000000000000000000000         4.00000000000000000000000000000000000        -3177.40145161193706242136637390139794      
   1.00000000000000000000000000000000000         4.00000000000000000000000000000000000        -2830.62240766477121615812358910460972      
   1.00000000000000000000000000000000000         4.00000000000000000000000000000000000        -2521.52395892564499562807391483558824      
   1.00000000000000000000000000000000000         4.00000000000000000000000000000000000        -2246.00837601512200784894936525720700      
   1.00000000000000000000000000000000000         4.00000000000000000000000000000000000        -2000.42355377956135667650983707923920      
   1.00000000000000000000000000000000000         4.00000000000000000000000000000000000        -1781.51455007461750656782257389005875      
   1.00000000000000000000000000000000000         4.00000000000000000000000000000000000        -1586.38039466057143361207421564271913      
   1.00000000000000000000000000000000000         4.00000000000000000000000000000000000        -1412.43559508977548109021850926910603      
   1.00000000000000000000000000000000000         4.00000000000000000000000000000000000        -1257.37582879272596100030308330666048      
   1.00000000000000000000000000000000000         4.00000000000000000000000000000000000        -1119.14736611758994837288736099378863      
   1.00000000000000000000000000000000000         4.00000000000000000000000000000000000        -995.919818585498258249008999027046640      
   1.00000000000000000000000000000000000         4.00000000000000000000000000000000000        -886.061850747509530077570893817473443      
   1.00000000000000000000000000000000000         4.00000000000000000000000000000000000        -788.119533354343941336261600127301458      
   1.00000000000000000000000000000000000         4.00000000000000000000000000000000000        -700.797050598600757839638261138798577      
   1.00000000000000000000000000000000000         4.00000000000000000000000000000000000        -622.939505426285538331153838164032777      
   1.00000000000000000000000000000000000         4.00000000000000000000000000000000000        -553.517594754577838075597113814427739      
   1.00000000000000000000000000000000000         4.00000000000000000000000000000000000        -491.613951245289979330839740067470787      
   1.00000000000000000000000000000000000         4.00000000000000000000000000000000000        -436.410970397648937308360520997043872      
   1.00000000000000000000000000000000000         4.00000000000000000000000000000000000        -387.179961433318380993044754044460082      
   1.00000000000000000000000000000000000         4.00000000000000000000000000000000000        -343.271478012496646153872432538514448      
   1.00000000000000000000000000000000000         4.00000000000000000000000000000000000        -304.106700475567972266093046554708838      
   1.00000000000000000000000000000000000         4.00000000000000000000000000000000000        -269.169755257889557500316744036377545      
   1.00000000000000000000000000000000000         4.00000000000000000000000000000000000        -238.000869561015105307859752570824125      
   1.00000000000000000000000000000000000         4.00000000000000000000000000000000000        -210.190270447000976390495273574333771      
   1.00000000000000000000000000000000000         4.00000000000000000000000000000000000        -185.372747400483081133799296717884969      
   1.00000000000000000000000000000000000         4.00000000000000000000000000000000000        -163.222806207026865983478546360314952      
   1.00000000000000000000000000000000000         4.00000000000000000000000000000000000        -143.450349842660428548451686496928721      
   1.00000000000000000000000000000000000         4.00000000000000000000000000000000000        -125.796829062619003156814091820915725      
   1.00000000000000000000000000000000000         4.00000000000000000000000000000000000        -110.031811609952221008370525186019164      
   1.00000000000000000000000000000000000         4.00000000000000000000000000000000000        -95.9499245194767896061769289160799770      
   1.00000000000000000000000000000000000         4.00000000000000000000000000000000000        -83.3681289433057904543370686807537884      
   1.00000000000000000000000000000000000         4.00000000000000000000000000000000000        -72.1232913365450874977412341211443161      
   1.00000000000000000000000000000000000         4.00000000000000000000000000000000000        -62.0700187742666984841582807134753051      
   1.00000000000000000000000000000000000         4.00000000000000000000000000000000000        -53.0787296757305499950439227759730370      
   1.00000000000000000000000000000000000         4.00000000000000000000000000000000000        -45.0339343355371979047434564398444510      
   1.00000000000000000000000000000000000         4.00000000000000000000000000000000000        -37.8327024454045977397357599662319511      
   1.00000000000000000000000000000000000         4.00000000000000000000000000000000000        -31.3832972715139817258079985528842758      
   1.00000000000000000000000000000000000         4.00000000000000000000000000000000000        -25.6039583637880473841080526071895851      
   1.00000000000000000000000000000000000         4.00000000000000000000000000000000000        -20.4218166443931616131244518732792063      
   1.00000000000000000000000000000000000         4.00000000000000000000000000000000000        -15.7719274793491579897551956840326579      
   1.00000000000000000000000000000000000         4.00000000000000000000000000000000000        -11.5964089026944604615252330470001085      
   1.00000000000000000000000000000000000         4.00000000000000000000000000000000000        -7.84367355796478884549557875651498329      
   1.00000000000000000000000000000000000         4.00000000000000000000000000000000000        -4.46774416531551348679785557130765576      
   1.00000000000000000000000000000000000         4.00000000000000000000000000000000000        -1.42764343095227045560938363300662306      
   1.00000000000000000000000000000000000         4.00000000000000000000000000000000000         1.31314969666134920951223809129024193      
   1.00000000000000000000000000000000000         4.00000000000000000000000000000000000         3.78718463896880086399633716569923533      
   1.00000000000000000000000000000000000         4.00000000000000000000000000000000000         6.02347109836727474695104719068985561      
   1.00000000000000000000000000000000000         4.00000000000000000000000000000000000         8.04786399933324742556683069694314009      
   1.00000000000000000000000000000000000         4.00000000000000000000000000000000000         9.88340656756175577986321139908478944      
   1.00000000000000000000000000000000000         4.00000000000000000000000000000000000         11.5506360995711290595345950647306981      
   1.00000000000000000000000000000000000         4.00000000000000000000000000000000000         13.0678564801500591141706051269153085      
   1.00000000000000000000000000000000000         4.00000000000000000000000000000000000         14.4513810637879595492822126215282475      
   1.00000000000000000000000000000000000         4.00000000000000000000000000000000000         15.7157491429776285900925320009471348      
   1.00000000000000000000000000000000000         4.00000000000000000000000000000000000         16.8739188757930735784559918333493565      
   1.00000000000000000000000000000000000         4.00000000000000000000000000000000000         17.9374392327742389269380625056142069      
   1.00000000000000000000000000000000000         4.00000000000000000000000000000000000         18.9166032447493290828908561916274456      
   1.00000000000000000000000000000000000         4.00000000000000000000000000000000000         19.8205845851002208237356563716141944      
   1.00000000000000000000000000000000000         4.00000000000000000000000000000000000         20.6575592988346443973576750048356735      
   1.00000000000000000000000000000000000         4.00000000000000000000000000000000000         21.4348142937359631139080591168786933      
   1.00000000000000000000000000000000000         4.00000000000000000000000000000000000         22.1588440332021936156970087744553411      
   1.00000000000000000000000000000000000         4.00000000000000000000000000000000000         22.8354367138294935079720290768105868      
   1.00000000000000000000000000000000000         4.00000000000000000000000000000000000         23.4697510712642908090270185445110829      
   1.00000000000000000000000000000000000         4.00000000000000000000000000000000000         24.0663848334910484843488149016838204      
   1.00000000000000000000000000000000000         4.00000000000000000000000000000000000         24.6294357298892029269196861341659085      
   1.00000000000000000000000000000000000         4.00000000000000000000000000000000000         25.1625558656123950328838723452475848      
   1.00000000000000000000000000000000000         4.00000000000000000000000000000000000         25.6690001828049703377843062913404730      
   1.00000000000000000000000000000000000         4.00000000000000000000000000000000000         26.1516696517066478655318013324915223      
   1.00000000000000000000000000000000000         4.00000000000000000000000000000000000         26.6131497647650752728454037217688516      
   1.00000000000000000000000000000000000         4.00000000000000000000000000000000000         27.0557448445497562477270658306350054      
   1.00000000000000000000000000000000000         4.00000000000000000000000000000000000         27.4815086207125237151462282358515862      
   1.00000000000000000000000000000000000         4.00000000000000000000000000000000000         27.8922714817322468600618532807220357      
   1.00000000000000000000000000000000000         4.00000000000000000000000000000000000         28.2896647630578670430250380688353242      
   1.00000000000000000000000000000000000         4.00000000000000000000000000000000000         28.6751423939386640865580940454292066      
   1.00000000000000000000000000000000000         4.00000000000000000000000000000000000         29.0500001901820387248464640673214156      
   1.00000000000000000000000000000000000         4.00000000000000000000000000000000000         29.4153930488419853991466951731998900      
   1.00000000000000000000000000000000000         4.00000000000000000000000000000000000         29.7723502730013245541939985804532066      
