   1.00000000000000000000000000000000000         4.00000000000000000000000000000000000        -11355.1371119330240588730966137278490      
   1.00000000000000000000000000000000000         4.00000000000000000000000000000000000        -11355.1371119330240588730966137278490      
   1.00000000000000000000000000000000000         4.00000000000000000000000000000000000        -11355.1371119330240588730966137278490      
   1.00000000000000000000000000000000000         4.00000000000000000000000000000000000        -11355.1371119330240588730966137278490      
   1.00000000000000000000000000000000000         4.00000000000000000000000000000000000        -11355.1371119330240588730966137278490      
   1.00000000000000000000000000000000000         4.00000000000000000000000000000000000        -11355.1371119330240588730966137278490      
   1.00000000000000000000000000000000000         4.00000000000000000000000000000000000        -11355.1371119330240588730966137278490      
   1.00000000000000000000000000000000000         4.00000000000000000000000000000000000        -11355.1371119330240588730966137278490      
   1.00000000000000000000000000000000000         4.00000000000000000000000000000000000        -11355.1371119330240588730966137278490      
   1.00000000000000000000000000000000000         4.00000000000000000000000000000000000        -11355.1371119330240588730966137278490      
   1.00000000000000000000000000000000000         4.00000000000000000000000000000000000        -11355.1371119330240588730966137278490      
   1.00000000000000000000000000000000000         4.00000000000000000000000000000000000        -11355.1371119330240588730966137278490      
   1.00000000000000000000000000000000000         4.00000000000000000000000000000000000        -11355.1371119330240588730966137278490      
   1.00000000000000000000000000000000000         4.00000000000000000000000000000000000        -10373.9741219556274633929760312228562      
   1.00000000000000000000000000000000000         4.00000000000000000000000000000000000        -9244.95015740935498121113841059813584      
   1.00000000000000000000000000000000000         4.00000000000000000000000000000000000        -8238.67518933591768799796165875476911      
   1.00000000000000000000000000000000000         4.00000000000000000000000000000000000        -7341.80037952387057805698276942700792      
   1.00000000000000000000000000000000000         4.00000000000000000000000000000000000        -6542.42856339426770028496572527528891      
   1.00000000000000000000000000000000000         4.00000000000000000000000000000000000        -5829.95638185499190812829881167723141      
   1.00000000000000000000000000000000000         4.00000000000000000000000000000000000        -5194.93358116782481443413379959276810      
   1.00000000000000000000000000000000000         4.00000000000000000000000000000000000        -4628.93761382297734600923819093473875      
   1.00000000000000000000000000000000000         4.00000000000000000000000000000000231        -4124.46187645087394910774089110984449      
   1.00000000000000000000000000000000000         4.00000000000000000000000000000908192        -3674.81610175618247614595319965655638      
   1.00000000000000000000000000000000000         4.00000000000000000000000001409854983        -3274.03758273557263422341597963782524      
   1.00000000000000000000000000000000000         4.00000000000000000000000984383225161        -2916.81205117850964526066475958728170      
   1.00000000000000000000000000000000000         4.00000000000000000000337188491347399        -2598.40316055686004719462322492565566      
   1.00000000000000000000000000000000000         4.00000000000000000061225748954690136        -2314.58963758409838339579062075008250      
   1.00000000000000000000000000000000000         4.00000000000000006314292058251507035        -2061.60926848348992143426794076265096      
   1.00000000000000000000000000000000000         4.00000000000000393333458183919333015        -1836.10897669706012825658964010237744      
   1.00000000000000000000000000000000000         4.00000000000015633415089730065489820        -1635.10032959687989555138038289205722      
   1.00000000000000000000000000000000000         4.00000000000416318028186021781734186        -1455.91988379975701680051854932653284      
   1.00000000000000000000000000000000000         4.00000000007758696765649876978640778        -1296.19384289173975596465734337400707      
   1.00000000000000000000000000000000000         4.00000000105196549220760260726147172        -1153.80655859176183106266720421580273      
   1.00000000000000000000000000000000000         4.00000001074204923106146042512912684        -1026.87245738279346173251892381551889      
   1.00000000000000000000000000000000000         4.00000008519922922526088445450230556        -913.711020086590088599568185957896920      
   1.00000000000000000000000000000000000         4.00000053948687657068907139786101997        -812.824482342712626170790042037815676      
   1.00000000000000000000000000000000019         4.00000279485198585363645616378704127        -722.877959974705042721125798051399946      
   1.00000000000000000000000000000082391         4.00001210734203390747283653834769356        -642.681735210664749548554987610024135      
   1.00000000000000000000000000173526327         4.00004471975031492257656874218167061        -571.175468080731184118645170354883314      
   1.00000000000000000000000159018115777         4.00014329802763931552832260733519033        -507.414122545062500797609931797566312      
   1.00000000000000000000069407564041185         4.00040455932248215673169974424605910        -450.555419676764818616036595174245633      
   1.00000000000000000015641617349409249         4.00102024962573401309864895488510541        -399.848651221425433451155583341171655      
   1.00000000000000001955712020118310554         4.00232671688600173708667585351424666        -354.624706448766286751359313440495408      
   1.00000000000000144653735538389477627         4.00485114706665378341571826246996277        -314.287183181920328907302372309529427      
   1.00000000000006702045155698972277477         4.00933777524564853558551093811332094        -278.304469531956463953096672508141033      
   1.00000000000204704596589248397032730         4.01673841265605658417539624142334685        -246.202695498001131724499608174199853      
   1.00000000004314395169376627441382083         4.02815920611937296813229929046053232        -217.559463112054227191175987044152086      
   1.00000000065360804713043563452775243         4.04476715166406946980187905756630821        -191.998270894203082788891036974358783      
   1.00000000738213715601742884027016160         4.06767107715120588974878307376312423        -169.183554264937058755227859364142260      
   1.00000006422358819658601618889467307         4.09779855108288228137549674304055159        -148.816269516811663500715181367098450      
   1.00000044310990691461562504414149555         4.13579062709872672282292013324972544        -130.629955869920608847115575689703767      
   1.00000248828074474798431500471537732         4.18193132055995988279009809676870954        -114.387218336935481110034535356600151      
   1.00001163732302361312302527970329846         4.23612110451230306460716835106823200        -99.8765833945325784628220523225498020      
   1.00004626011602414384279977841188284         4.29789742803251454531913709575513772        -86.9096891565038751500774915987454706      
   1.00015912691373688639615178083344327         4.36650410423219510290927758622351022        -75.3187806810734805033030220180014159      
   1.00048117975095739378282056640451184         4.44101708098167102573264541824490575        -64.9544873351511420965585291667930375      
   1.00129691667436223039440532875153730         4.52054321897873471335119237380096161        -55.6838605988472203253377079095867524      
   1.00315391404271374445397950828815721         4.60451134330841271537391180861112726        -47.3886460248875281362464698981602750      
   1.00699503447002183808593306857189033         4.69305865348300586159440608113475672        -39.9637530509495621605023362394184330      
   1.01428456467903738969228219999989582         4.78747581648240670596209849445978704        -33.3158741893910688512561762917236376      
   1.02708682500629147770179336206659300         4.89062240925217272831684153581276603        -27.3621963045074744687733058367361494      
   1.04805576147904898957308636110761283         5.00718700937112845431081563136244049        -22.0291496430021934104256391313939387      
   1.08030993147701614466896039910404821         5.14366938336070617979401730842657664        -17.2511657420040132003733925443633221      
   1.12719506174623426564278171793468023         5.30801483515317271220170866047348142        -12.9694687748349467849270358750205642      
   1.19196639848142641085025517721802871         5.50891731648907782984905760241758490        -9.13099043421830309686490367963825020      
   1.27744516464423011365065397061339421         5.75489626459307302138271844975708587        -5.68753145473529584306142633103603840      
   1.38571157634302586576259088988247695         6.05331040542518950324341146612332731        -2.59524870266584982622200273373624555      
   1.51789105138887436244071655393339056         6.40948269147678535203173515087173438        0.185565037060086818055610953897333173      
   1.67407445358186847234467918067896715         6.82607635982711835239516767851138740         2.69054579061343206777549653502672116      
   1.85339149087993922884184304236683555         7.30279961740445346522176123436522067         4.95132816216200508320637395648987303      
   2.05423057349278049698777397760906663         7.83644752094574873215312727714153715         6.99572118889563293925835923134361217      
   2.27456983323238808519623151584967174         8.42123242901477644138140683970070988         8.84800749148970072786951277236107500      
   2.51235699706744674037701426060050507         9.04931899588610879513701722246689028         10.5293281538226738291377782267156009      
   2.76585900283686777608216369995195059         9.71146765197382244444511379816888744         12.0581020830696989156519744178901995      
   3.03390459144455702620514634732631829         10.3976974987418145111509044155480934         13.4504391518591964098279962897213278      
   3.31596760432379540830101272266254748         11.0978984494966760874520285888068523         14.7205217739074060605444550309793127      
   3.61207897481064006844995608817237202         11.8023461778587576920242246018058493         15.8809404438676828626487043264258909      
   3.92259804936876181984230641769938279         12.5020964964890746879702936194345541         16.9429748810252535511761570185739410      
   4.24790499616140942070416082179102131         13.1892548210140781402676271792114377         17.9168167781123454895912772776957761      
   4.58808735880402581103253430922463106         13.8571299738226692288015388609466398         18.8117350021497884080003323318768406      
   4.94268509479699520730614710235381632         14.5002897694473622461923260967192990         19.6361895313955119239953895259982521      
   5.31053598718434343459881456670753895         15.1145394494701815290018320297227357         20.3979050625543223959760369919658123      
   5.68973607358915882149979095113242862         15.6968442911451040601808017661176820         21.1039175908819228537838351370899019      
   6.07770559811067001570124813211872953         16.2452157939364612850783056372203883         21.7606067913329164358127512005216279      
   6.47133470514081745567844450961897726         16.7585777629176495096283171005072481         22.3737242934900424026562342910401815      
   6.86717593293362618451093561944937338         17.2366251145890364080108524086016677         22.9484241814547003414985026525607179      
   7.26165120961337231130467627917361240         17.6796848343481443526319671785771641         23.4892984688471692801728532965802890      
   7.65124689143676415415906963558298552         18.0885855085910273815055680926188867         24.0004176403654893049984481357856256      
   8.03267863431824505201113666615242520         18.4645393720088415108505803753585841         24.4853748193706003827104125839558720      
   8.40301631466414516497978311560029024         18.8090388779729777953926806388431140         24.9473315478767723286360402209526832      
   8.75976638233343625721667493933620849         19.1237683777363900541923960654587658         25.3890632311398451075683970443691530      
   9.10091427682912182625579629216587189         19.4105305100437715124012121545708411         25.8130026924957192273010556180221478      
   9.42493278771594366506051308263286222         19.6711862726597599016024661905829789         26.2212807774205642400677040624112060      
   9.73076376362104444869243752578211889         19.9076073892208154426308185910325884         26.6157634055176488250505583439417371      
   10.0177807982819921288855640959071650         20.1216394257845052732623911181972376         26.9980848359995658517509507183674921      
   10.2857398923874968418733472084566615         20.3150740908085431756536031760566446         27.3696771737566170021708652649923808      
   10.5347239916711410401880339814501853         20.4896292220336454953060670425297318         27.7317963108059555611866787589606541      
   10.7650860276177504027183730766772330         20.6469350875164237107051659058517254         28.0855445922123319279169791604165170      
   10.9773938350385155882974652237235927         20.7885257794604933382104024693693971         28.4318905374120119835263751440552829      
   11.1723792070966781203326184034347916         20.9158346401811704191636523039853874         28.7716859550334310978398522955426738      
   11.3508924277437860484589720524582666         21.0301928174146261536497959368617295         29.1056807753491963166548101228562246      
