   2.00000000000000000000000000000000000         1.00000000000000000000000000000000000        -11355.1371119330240588730966137278490      
   2.00000000000000000000000000000000000         1.00000000000000000000000000000000000        -11355.1371119330240588730966137278490      
   2.00000000000000000000000000000000000         1.00000000000000000000000000000000000        -11355.1371119330240588730966137278490      
   2.00000000000000000000000000000000000         1.00000000000000000000000000000000000        -11355.1371119330240588730966137278490      
   2.00000000000000000000000000000000000         1.00000000000000000000000000000000000        -11355.1371119330240588730966137278490      
   2.00000000000000000000000000000000000         1.00000000000000000000000000000000000        -11355.1371119330240588730966137278490      
   2.00000000000000000000000000000000000         1.00000000000000000000000000000000000        -11355.1371119330240588730966137278490      
   2.00000000000000000000000000000000000         1.00000000000000000000000000000000000        -11355.1371119330240588730966137278490      
   2.00000000000000000000000000000000000         1.00000000000000000000000000000000000        -11355.1371119330240588730966137278490      
   2.00000000000000000000000000000000000         1.00000000000000000000000000000000000        -11355.1371119330240588730966137278490      
   2.00000000000000000000000000000000000         1.00000000000000000000000000000000000        -11355.1371119330240588730966137278490      
   2.00000000000000000000000000000000000         1.00000000000000000000000000000000000        -11355.1371119330240588730966137278490      
   2.00000000000000000000000000000000000         1.00000000000000000000000000000000000        -11355.1371119330240588730966137278490      
   2.00000000000000000000000000000000000         1.00000000000000000000000000000000000        -11355.1371119330240588730966137278490      
   2.00000000000000000000000000000000000         1.00000000000000000000000000000000000        -11355.1371119330240588730966137278490      
   2.00000000000000000000000000000000000         1.00000000000000000000000000000000000        -11355.1371119330240588730966137278490      
   2.00000000000000000000000000000000000         1.00000000000000000000000000000000000        -11355.1371119330240588730966137278490      
   2.00000000000000000000000000000000000         1.00000000000000000000000000000000000        -11355.1371119330240588730966137278490      
   2.00000000000000000000000000000000000         1.00000000000000000000000000000000000        -11355.1371119330240588730966137278490      
   2.00000000000000000000000000000000000         1.00000000000000000000000000000000000        -11355.1371119330240588730966137278490      
   2.00000000000000000000000000000000000         1.00000000000000000000000000000000000        -11355.1371119330240588730966137278490      
   2.00000000000000000000000000000000000         1.00000000000000000000000000000000000        -11355.1371119330240588730966137278490      
   2.00000000000000000000000000000000000         1.00000000000000000000000000000000000        -11355.1371119330240588730966137278490      
   2.00000000000000000000000000000000000         1.00000000000000000000000000000000000        -11355.1371119330240588730966137278490      
   2.00000000000000000000000000000000000         1.00000000000000000000000000000000000        -11355.1371119330240588730966137278490      
   2.00000000000000000000000000000000000         1.00000000000000000000000000000000000        -11355.1371119330240588730966137278490      
   2.00000000000000000000000000000000000         1.00000000000000000000000000000000000        -11355.1371119330240588730966137278490      
   2.00000000000000000000000000000000000         1.00000000000000000000000000000000000        -11355.1371119330240588730966137278490      
   2.00000000000000000000000000000000000         1.00000000000000000000000000000000000        -10615.2467018327990940962745838954939      
   2.00000000000000000000000000000000000         1.00000000000000000000000000000000000        -9459.74120044632729201641141227252482      
   2.00000000000000000000000000000000000         1.00000000000000000000000000000000000        -8429.86453782083901165849209459810362      
   2.00000000000000000000000000000000000         1.00000000000000000000000000000000000        -7511.95469559773034845527999442852561      
   2.00000000000000000000000000000000000         1.00000000000000000000000000000000000        -6693.83538709809511820516239624892300      
   2.00000000000000000000000000000000000         1.00000000000000000000000000000000000        -5964.65448539637275550971990095955624      
   2.00000000000000000000000000000000000         1.00000000000000000000000000000000000        -5314.74002218941092681502337757375227      
   2.00000000000000000000000000000000000         1.00000000000000000000000000000000000        -4735.47184665342526395784983634247463      
   2.00000000000000000000000000000000000         1.00000000000000000000000000000000000        -4219.16724127986356946278668386447013      
   2.00000000000000000000000000000000000         1.00000000000000000000000000000000000        -3758.97897688181214518324987390672260      
   2.00000000000000000000000000000000000         1.00000000000000000000000000000000000        -3348.80445402281739402473334775287576      
   2.00000000000000000000000000000000000         1.00000000000000000000000000000000000        -2983.20472523008558078756447719792599      
   2.00000000000000000000000000000000000         1.00000000000000000000000000000000000        -2657.33232346602912458237549578680414      
   2.00000000000000000000000000000000000         1.00000000000000000000000000000000000        -2366.86693918582568563649413063482435      
   2.00000000000000000000000000000000000         1.00000000000000000000000000000000000        -2107.95809245462417849453777419090495      
   2.00000000000000000000000000000000000         1.00000000000000000000000000000000000        -1877.17403941822340987461805051355227      
   2.00000000000000000000000000000000000         1.00000000000000000000000000000000000        -1671.45623514713185062308918380704533      
   2.00000000000000000000000000000000000         1.00000000000000000000000000000000000        -1488.07874860361596480622979228225618      
   2.00000000000000000000000000000000000         1.00000000000000000000000000000000000        -1324.61209119300784403779668932839011      
   2.00000000000000000000000000000000000         1.00000000000000000000000000000000000        -1178.89097892612447993044367592587447      
   2.00000000000000000000000000000000000         1.00000000000000000000000000000000000        -1048.98560041628053735065432216609949      
   2.00000000000000000000000000000000000         1.00000000000000000000000000000000000        -933.176009454671527003215980965150600      
   2.00000000000000000000000000000000000         1.00000000000000000000000000000000000        -829.929302369160868827972025159056571      
   2.00000000000000000000000000000000000         1.00000000000000000000000000000000000        -737.879277323888172368198791103445265      
   2.00000000000000000000000000000000000         1.00000000000000000000000000000000000        -655.808305650962819203735007246834416      
   2.00000000000000000000000000000000000         1.00000000000000000000000000000000000        -582.631174657828752794738733679245832      
   2.00000000000000000000000000000000000         1.00000000000000000000000000000000000        -517.380687514170739785817057302013368      
   2.00000000000000000000000000000000000         1.00000000000000000000000000000000000        -459.194829137610343360647679140233647      
   2.00000000000000000000000000000000000         1.00000000000000000000000000000000000        -407.305327777292343771689339853780401      
   2.00000000000000000000000000000000000         1.00000000000000000000000000000000000        -361.027460514525371204283634819354538      
   2.00000000000000000000000000000000000         1.00000000000000000000000000000000000        -319.750967405664065948979958165317846      
   2.00000000000000000000000000000000000         1.00000000000000000000000000000000000        -282.931953703429054485811047071170862      
   2.00000000000000000000000000000000000         1.00000000000000000000000000000000000        -250.085672704061578725840124891406655      
   2.00000000000000000000000000000000000         1.00000000000000000000000000000000000        -220.780093453079404691799964337556718      
   2.00000000000000000000000000000000000         1.00000000000000000000000000000000000        -194.630167956997423838152304654512781      
   2.00000000000000000000000000000000000         1.00000000000000000000000000000000000        -171.292721830395516836708308248125516      
   2.00000000000000000000000000000000000         1.00000000000000000000000000000000000        -150.461900580324530772103397538822814      
   2.00000000000000000000000000000000000         1.00000000000000000000000000000000000        -131.865111103011112050965434347691936      
   2.00000000000000000000000000000000000         1.00000000000000000000000000000000000        -115.259404538988469834670100013653298      
   2.00000000000000000000000000000000000         1.00000000000000000000000000000000000        -100.428252489338303284482774634749770      
   2.00000000000000000000000000000000000         1.00000000000000000000000000000000000        -87.1786738153920788870518152201202636      
   2.00000000000000000000000000000000000         1.00000000000000000000000000000000000        -75.3386738962693477128559570613733817      
   2.00000000000000000000000000000000000         1.00000000000000000000000000000000000        -64.7549623647564517558795374421119963      
   2.00000000000000000000000000000000000         1.00000000000000000000000000000000000        -55.2909190372673519704501899978988683      
   2.00000000000000000000000000000000000         1.00000000000000000000000000000000000        -46.8247810470129865145517875735858120      
   2.00000000000000000000000000000000000         1.00000000000000000000000000000000000        -39.2480271247377497342001361781749513      
   2.00000000000000000000000000000000000         1.00000000000000000000000000000000000        -32.4639375874101182938559445017997149      
   2.00000000000000000000000000000000000         1.00000000000000000000000000000000000        -26.3863109267922485118869826469697504      
   2.00000000000000000000000000000000000         1.00000000000000000000000000000000000        -20.9383199677986184135391246796724420      
   2.00000000000000000000000000000000000         1.00000000000000000000000000000000000        -16.0514924185600910173465301375778633      
   2.00000000000000000000000000000000000         1.00000000000000000000000000000000000        -11.6648022847121303523641384335222055      
   2.00000000000000000000000000000000000         1.00000000000000000000000000000000000        -7.72386009152679906659522328545551066      
   2.00000000000000000000000000000000000         1.00000000000000000000000000000000000        -4.18019116862822135114610702882710289      
   2.00000000000000000000000000000000000         1.00000000000000000000000000000000000       -0.990592420568173808290066934790157954      
   2.00000000000000000000000000000000000         1.00000000000000000000000000000000000         1.88344095200185441652672307216630754      
   2.00000000000000000000000000000000000         1.00000000000000000000000000000000000         4.47622638762387525612314675145698855      
   2.00000000000000000000000000000000000         1.00000000000000000000000000000000000         6.81834933559280400203566186103924816      
   2.00000000000000000000000000000000000         1.00000000000000000000000000000000000         8.93706910628597601360148221880432963      
   2.00000000000000000000000000000000000         1.00000000000000000000000000000000000         10.8566805856500703746830396908601550      
   2.00000000000000000000000000000000000         1.00000000000000000000000000000000000         12.5988366135769171691537962674025455      
   2.00000000000000000000000000000000000         1.00000000000000000000000000000000000         14.1828353039333697483489162475174679      
   2.00000000000000000000000000000000000         1.00000000000000000000000000000000000         15.6258761188074730052205261020441442      
   2.00000000000000000000000000000000000         1.00000000000000000000000000000000000         16.9432880949205927403701921026222755      
   2.00000000000000000000000000000000000         1.00000000000000000000000000000000000         18.1487332506313328583651508856955628      
   2.00000000000000000000000000000000000         1.00000000000000000000000000000000000         19.2543878726185995434070151667788904      
   2.00000000000000000000000000000000000         1.00000000000000000000000000000000000         20.2711040878079533608942043449719529      
   2.00000000000000000000000000000000000         1.00000000000000000000000000000000000         21.2085538645025466443806475512614677      
   2.00000000000000000000000000000000000         1.00000000000000000000000000000000000         22.0753573535261637620295677753964534      
   2.00000000000000000000000000000000000         1.00000000000000000000000000000000000         22.8791972723873569113163776107781798      
   2.00000000000000000000000000000000000         1.00000000000000000000000000000000000         23.6269208502730397903876611036396350      
   2.00000000000000000000000000000000000         1.00000000000000000000000000000000000         24.3246306866196659963379243126971827      
   2.00000000000000000000000000000000000         1.00000000000000000000000000000000000         24.9777657289000292643668398661558432      
   2.00000000000000000000000000000000000         1.00000000000000000000000000000000000         25.5911734441517171753637755304706726      
