   4.00000000000000000000000000000000000         1.00000000000000000000000000000000000        -11355.1371119330240588730966137278490      
   4.00000000000000000000000000000000000         1.00000000000000000000000000000000000        -11355.1371119330240588730966137278490      
   4.00000000000000000000000000000000000         1.00000000000000000000000000000000000        -11355.1371119330240588730966137278490      
   4.00000000000000000000000000000000000         1.00000000000000000000000000000000000        -11355.1371119330240588730966137278490      
   4.00000000000000000000000000000000000         1.00000000000000000000000000000000000        -11355.1371119330240588730966137278490      
   4.00000000000000000000000000000000000         1.00000000000000000000000000000000000        -11355.1371119330240588730966137278490      
   4.00000000000000000000000000000000000         1.00000000000000000000000000000000000        -11355.1371119330240588730966137278490      
   4.00000000000000000000000000000000000         1.00000000000000000000000000000000000        -11355.1371119330240588730966137278490      
   4.00000000000000000000000000000000000         1.00000000000000000000000000000000000        -11355.1371119330240588730966137278490      
   4.00000000000000000000000000000000000         1.00000000000000000000000000000000000        -11355.1371119330240588730966137278490      
   4.00000000000000000000000000000000000         1.00000000000000000000000000000000000        -11355.1371119330240588730966137278490      
   4.00000000000000000000000000000000000         1.00000000000000000000000000000000000        -11355.1371119330240588730966137278490      
   4.00000000000000000000000000000000000         1.00000000000000000000000000000000000        -11355.1371119330240588730966137278490      
   4.00000000000000000000000000000000000         1.00000000000000000000000000000000000        -11355.1371119330240588730966137278490      
   4.00000000000000000000000000000000000         1.00000000000000000000000000000000000        -11355.1371119330240588730966137278490      
   4.00000000000000000000000000000000000         1.00000000000000000000000000000000000        -11355.1371119330240588730966137278490      
   4.00000000000000000000000000000000000         1.00000000000000000000000000000000000        -11355.1371119330240588730966137278490      
   4.00000000000000000000000000000000000         1.00000000000000000000000000000000000        -10836.9978635186879472036824316471998      
   4.00000000000000000000000000000000000         1.00000000000000000000000000000000000        -9657.79681589374895026697204222353268      
   4.00000000000000000000000000000000000         1.00000000000000000000000000000000000        -8606.80147545363523742146668001349036      
   4.00000000000000000000000000000000000         1.00000000000000000000000000000000000        -7670.06959181609733863881180673291705      
   4.00000000000000000000000000000000000         1.00000000000000000000000000000000000        -6835.17512124825984154012066608747334      
   4.00000000000000000000000000000000000         1.00000000000000000000000000000000000        -6091.04334061590658560129969826108817      
   4.00000000000000000000000000000000000         1.00000000000000000000000000000000000        -5427.80389253609592314582225331853372      
   4.00000000000000000000000000000000000         1.00000000000000000000000000000000000        -4836.65981173156576930371032437138640      
   4.00000000000000000000000000000000000         1.00000000000000000000000000000000000        -4309.77079464622630607977389155547537      
   4.00000000000000000000000000000000000         1.00000000000000000000000000000000000        -3840.14916338045914201944809491774678      
   4.00000000000000000000000000000000000         1.00000000000000000000000000000000000        -3421.56714345085294521297473151327645      
   4.00000000000000000000000000000000000         1.00000000000000000000000000000000000        -3048.47422500658196365724017537940785      
   4.00000000000000000000000000000000000         1.00000000000000000000000000000000000        -2715.92351093597714992340538804463024      
   4.00000000000000000000000000000000000         1.00000000000000000000000000000000000        -2419.50607454741234936912740881735701      
   4.00000000000000000000000000000000000         1.00000000000000000000000000000000000        -2155.29245579081284068718907323661575      
   4.00000000000000000000000000000000000         1.00000000000000000000000000000000000        -1919.78051971019045382561768473042503      
   4.00000000000000000000000000000000000         1.00000000000000000000000000000000000        -1709.84898524054974861303312397841163      
   4.00000000000000000000000000000000000         1.00000000000000000000000000000000000        -1522.71600770453444264079956027430925      
   4.00000000000000000000000000000000000         1.00000000000000000000000000000000000        -1355.90226542370838256140715957712228      
   4.00000000000000000000000000000000000         1.00000000000000000000000000000000000        -1207.19806062623001413896926809650154      
   4.00000000000000000000000000000000000         1.00000000000000000000000000000000000        -1074.63399809995350497384288027575530      
   4.00000000000000000000000000000000000         1.00000000000000000000000000000000000        -956.454852514497775140719817294734702      
   4.00000000000000000000000000000000000         1.00000000000000000000000000000000000        -851.096277647524573716717257035079607      
   4.00000000000000000000000000000000000         1.00000000000000000000000000000000000        -757.164048460808953698999745668370190      
   4.00000000000000000000000000000000000         1.00000000000000000000000000000000000        -673.415560581063373849678607565172490      
   4.00000000000000000000000000000000000         1.00000000000000000000000000000000000        -598.743341694866218116344486743883761      
   4.00000000000000000000000000000000000         1.00000000000000000000000000000000000        -532.160356063923321731344718210975855      
   4.00000000000000000000000000000000000         1.00000000000000000000000000000000000        -472.786907160508476207681501277609067      
   4.00000000000000000000000000000000000         1.00000000000000000000000000000000000        -419.838964629012699745835833957365966      
   4.00000000000000000000000000000000000         1.00000000000000000000000000000000000        -372.617760679474153200351230254940548      
   4.00000000000000000000000000000000000         1.00000000000000000000000000000000000        -330.500517863551703380251869875842454      
   4.00000000000000000000000000000000000         1.00000000000000000000000000000000000        -292.932185196162775085226390223803301      
   4.00000000000000000000000000000000000         1.00000000000000000000000000000000000        -259.418072966140463572390887451673503      
   4.00000000000000000000000000000000000         1.00000000000000000000000000000000000        -229.517288504322153377511065490294227      
   4.00000000000000000000000000000000000         1.00000000000000000000000000000000000        -202.836885805700372369865207893567690      
   4.00000000000000000000000000000000000         1.00000000000000000000000000000000000        -179.026651374676303544256045004297044      
   4.00000000000000000000000000000000000         1.00000000000000000000000000000000000        -157.774457104750402883545564890443722      
   4.00000000000000000000000000000000000         1.00000000000000000000000000000000000        -138.802118528187042146870184481381457      
   4.00000000000000000000000000000000000         1.00000000000000000000000000000000000        -121.861703477142605999478920373010768      
   4.00000000000000000000000000000000000         1.00000000000000000000000000000000000        -106.732242174432939017783107186296507      
   4.00000000000000000000000000000000000         1.00000000000000000000000000000000000        -93.2167950988434579618184443655701190      
   4.00000000000000000000000000000000000         1.00000000000000000000000000000000000        -81.1398397173360548390541140288160769      
   4.00000000000000000000000000000000000         1.00000000000000000000000000000000000        -70.3449414076769045572018339641985651      
   4.00000000000000000000000000000000000         1.00000000000000000000000000000000000        -60.6926776660435124159780587888756261      
   4.00000000000000000000000000000000000         1.00000000000000000000000000000000000        -52.0587880551071242915939209399038834      
   4.00000000000000000000000000000000000         1.00000000000000000000000000000000000        -44.3325253435255785788084848191230094      
   4.00000000000000000000000000000000000         1.00000000000000000000000000000000000        -37.4151859574694588008564839271802228      
   4.00000000000000000000000000000000000         1.00000000000000000000000000000000000        -31.2188002441661441090381381951915614      
   4.00000000000000000000000000000000000         1.00000000000000000000000000000000000        -25.6649651680547363234015474245152583      
   4.00000000000000000000000000000000000         1.00000000000000000000000000000000000        -20.6838039501390515294010630156207222      
   4.00000000000000000000000000000000000         1.00000000000000000000000000000000000        -16.2130388455849764079391029390589247      
   4.00000000000000000000000000000000000         1.00000000000000000000000000000000000        -12.1971647558842534389845309352030134      
   4.00000000000000000000000000000000000         1.00000000000000000000000000000000000        -8.58671270992019214824895661933804580      
   4.00000000000000000000000000000000000         1.00000000000000000000000000000000000        -5.33759344077653098930895038454812807      
   4.00000000000000000000000000000000000         1.00000000000000000000000000000000000        -2.41051234795252274909234058622347902      
   4.00000000000000000000000000000000000         1.00000000000000000000000000000000000        0.229551918111714272920599741355572190      
   4.00000000000000000000000000000000000         1.00000000000000000000000000000000000         2.61381216806613447844367179139289707      
   4.00000000000000000000000000000000000         1.00000000000000000000000000000000000         4.77008684868430069156323387095111329      
   4.00000000000000000000000000000000000         1.00000000000000000000000000000000000         6.72316917675057444575438432044017338      
   4.00000000000000000000000000000000000         1.00000000000000000000000000000000000         8.49515612998337128337598967776359301      
   4.00000000000000000000000000000000000         1.00000000000000000000000000000000000         10.1057416605041495284244799984882174      
   4.00000000000000000000000000000000000         1.00000000000000000000000000000000000         11.5724780216167199801529370708156165      
   4.00000000000000000000000000000000000         1.00000000000000000000000000000000000         12.9110086755444651477901891159293604      
   4.00000000000000000000000000000000000         1.00000000000000000000000000000000000         14.1352758726696345013645906721136427      
   4.00000000000000000000000000000000000         1.00000000000000000000000000000000000         15.2577056567251034532550284956627961      
   4.00000000000000000000000000000000000         1.00000000000000000000000000000000000         16.2893727508450881639855961463929002      
   4.00000000000000000000000000000000000         1.00000000000000000000000000000000000         17.2401475124125302812328202742391577      
   4.00000000000000000000000000000000000         1.00000000000000000000000000000000000         18.1188269067046918898666788860900150      
   4.00000000000000000000000000000000000         1.00000000000000000000000000000000000         18.9332512372776628078823620018096338      
   4.00000000000000000000000000000000000         1.00000000000000000000000000000000000         19.6904081820310614267344344813510708      
   4.00000000000000000000000000000000000         1.00000000000000000000000000000000000         20.3965255154482990783326545276592587      
   4.00000000000000000000000000000000000         1.00000000000000000000000000000000000         21.0571537473802015146801357666968336      
   4.00000000000000000000000000000000000         1.00000000000000000000000000000000000         21.6772397749384377832057172369353183      
   4.00000000000000000000000000000000000         1.00000000000000000000000000000000000         22.2611925248146340385517418990663009      
   4.00000000000000000000000000000000000         1.00000000000000000000000000000000000         22.8129414570588650020254269175507533      
   4.00000000000000000000000000000000000         1.00000000000000000000000000000000000         23.3359887066271188436787449889606608      
   4.00000000000000000000000000000000000         1.00000000000000000000000000000000000         23.8334555545843910036830762326163799      
   4.00000000000000000000000000000000000         1.00000000000000000000000000000000000         24.3081238456080377644470564792241905      
   4.00000000000000000000000000000000000         1.00000000000000000000000000000000000         24.7624729013764952793181955628250870      
   4.00000000000000000000000000000000000         1.00000000000000000000000000000000000         25.1987124196616051025323801372094249      
   4.00000000000000000000000000000000000         1.00000000000000000000000000000000000         25.6188117956755130664892532079338794      
   4.00000000000000000000000000000000000         1.00000000000000000000000000000000000         26.0245262547486002511141229538186062      
   4.00000000000000000000000000000000000         1.00000000000000000000000000000000000         26.4174201431032049073298721969819691      
   4.00000000000000000000000000000000000         1.00000000000000000000000000000000000         26.7988876857775519821393363912523893      
