   1.00000000000000000000000000000000000         2.00000000000000000000000000000000000        -11355.1371119330240588730966137278490      
   1.00000000000000000000000000000000000         2.00000000000000000000000000000000000        -11355.1371119330240588730966137278490      
   1.00000000000000000000000000000000000         2.00000000000000000000000000000000000        -11355.1371119330240588730966137278490      
   1.00000000000000000000000000000000000         2.00000000000000000000000000000000000        -11355.1371119330240588730966137278490      
   1.00000000000000000000000000000000000         2.00000000000000000000000000000000000        -11355.1371119330240588730966137278490      
   1.00000000000000000000000000000000000         2.00000000000000000000000000000000000        -11355.1371119330240588730966137278490      
   1.00000000000000000000000000000000000         2.00000000000000000000000000000000000        -11355.1371119330240588730966137278490      
   1.00000000000000000000000000000000000         2.00000000000000000000000000000000000        -11355.1371119330240588730966137278490      
   1.00000000000000000000000000000000000         2.00000000000000000000000000000000000        -11355.1371119330240588730966137278490      
   1.00000000000000000000000000000000000         2.00000000000000000000000000000000000        -11355.1371119330240588730966137278490      
   1.00000000000000000000000000000000000         2.00000000000000000000000000000000000        -11355.1371119330240588730966137278490      
   1.00000000000000000000000000000000000         2.00000000000000000000000000000000000        -11355.1371119330240588730966137278490      
   1.00000000000000000000000000000000000         2.00000000000000000000000000000000000        -11355.1371119330240588730966137278490      
   1.00000000000000000000000000000000000         2.00000000000000000000000000000000000        -11355.1371119330240588730966137278490      
   1.00000000000000000000000000000000000         2.00000000000000000000000000000000000        -11355.1371119330240588730966137278490      
   1.00000000000000000000000000000000000         2.00000000000000000000000000000000000        -11355.1371119330240588730966137278490      
   1.00000000000000000000000000000000000         2.00000000000000000000000000000000000        -11355.1371119330240588730966137278490      
   1.00000000000000000000000000000000000         2.00000000000000000000000000000000000        -11355.1371119330240588730966137278490      
   1.00000000000000000000000000000000000         2.00000000000000000000000000000000000        -11355.1371119330240588730966137278490      
   1.00000000000000000000000000000000000         2.00000000000000000000000000000000000        -11355.1371119330240588730966137278490      
   1.00000000000000000000000000000000000         2.00000000000000000000000000000000000        -11355.1371119330240588730966137278490      
   1.00000000000000000000000000000000000         2.00000000000000000000000000000000000        -11355.1371119330240588730966137278490      
   1.00000000000000000000000000000000000         2.00000000000000000000000000000000000        -11355.1371119330240588730966137278490      
   1.00000000000000000000000000000000000         2.00000000000000000000000000000000000        -11355.1371119330240588730966137278490      
   1.00000000000000000000000000000000000         2.00000000000000000000000000000000000        -11355.1371119330240588730966137278490      
   1.00000000000000000000000000000000000         2.00000000000000000000000000000000000        -11355.1371119330240588730966137278490      
   1.00000000000000000000000000000000000         2.00000000000000000000000000000000000        -11355.1371119330240588730966137278490      
   1.00000000000000000000000000000000000         2.00000000000000000000000000000000000        -11355.1371119330240588730966137278490      
   1.00000000000000000000000000000000000         2.00000000000000000000000000000000000        -11355.1371119330240588730966137278490      
   1.00000000000000000000000000000000000         2.00000000000000000000000000000000000        -11355.1371119330240588730966137278490      
   1.00000000000000000000000000000000000         2.00000000000000000000000000000000000        -11355.1371119330240588730966137278490      
   1.00000000000000000000000000000000000         2.00000000000000000000000000000000000        -11355.1371119330240588730966137278490      
   1.00000000000000000000000000000000000         2.00000000000000000000000000000000000        -11355.1371119330240588730966137278490      
   1.00000000000000000000000000000000000         2.00000000000000000000000000000000000        -11355.1371119330240588730966137278490      
   1.00000000000000000000000000000000000         2.00000000000000000000000000000000000        -11355.1371119330240588730966137278490      
   1.00000000000000000000000000000000000         2.00000000000000000000000000000000000        -11355.1371119330240588730966137278490      
   1.00000000000000000000000000000000000         2.00000000000000000000000000000000000        -11355.1371119330240588730966137278490      
   1.00000000000000000000000000000000000         2.00000000000000000000000000000000000        -11355.1371119330240588730966137278490      
   1.00000000000000000000000000000000000         2.00000000000000000000000000000000000        -10988.3268335351898988664672162601670      
   1.00000000000000000000000000000000000         2.00000000000000000000000000000000000        -9791.78545465298926086934358943536627      
   1.00000000000000000000000000000000000         2.00000000000000000000000000000000000        -8725.33552771229119932376070119485209      
   1.00000000000000000000000000000000000         2.00000000000000000000000000000000000        -7774.82972935763838035231583908468172      
   1.00000000000000000000000000000000000         2.00000000000000000000000000000000000        -6927.65924437639800645820102576612093      
   1.00000000000000000000000000000000000         2.00000000000000000000000000000000000        -6172.58645438155605475012770720881405      
   1.00000000000000000000000000000000000         2.00000000000000000000000000000000000        -5499.59582144329724908049949874330695      
   1.00000000000000000000000000000000000         2.00000000000000000000000000000000000        -4899.76098798575961298785349096027561      
   1.00000000000000000000000000000000000         2.00000000000000000000000000000000000        -4365.12632944533889336784233842766869      
   1.00000000000000000000000000000000000         2.00000000000000000000000000000000000        -3888.60138796628292975705983783832696      
   1.00000000000000000000000000000000000         2.00000000000000000000000000000000000        -3463.86678633285482340344094049046977      
   1.00000000000000000000000000000000000         2.00000000000000000000000000000000000        -3085.29037367310804647830431035992282      
   1.00000000000000000000000000000000000         2.00000000000000000000000000000000000        -2747.85249023870946316535025189866893      
   1.00000000000000000000000000000000000         2.00000000000000000000000000000000000        -2447.07935956984496517859516236024825      
   1.00000000000000000000000000000000000         2.00000000000000000000000000000000000        -2178.98372419970456159901300320885145      
   1.00000000000000000000000000000000000         2.00000000000000000000000000000000000        -1940.01193717041306628929234366972569      
   1.00000000000000000000000000000000000         2.00000000000000000000000000000000000        -1726.99680729696808872198250501583014      
   1.00000000000000000000000000000000000         2.00000000000000000000000000000000000        -1537.11557246448731914374979608251938      
   1.00000000000000000000000000000000000         2.00000000000000000000000000000000000        -1367.85244328995350341234252362528696      
   1.00000000000000000000000000000000000         2.00000000000000000000000000000000000        -1216.96522012560559691901243363578724      
   1.00000000000000000000000000000000000         2.00000000000000000000000000000000000        -1082.45554043189341487620232719742256      
   1.00000000000000000000000000000000000         2.00000000000000000000000000000000000        -962.542361720711520937037940476290227      
   1.00000000000000000000000000000000000         2.00000000000000000000000000000000000        -855.638328203679884643027627613586605      
   1.00000000000000000000000000000000000         2.00000000000000000000000000000000000        -760.328707545252772606431117363917797      
   1.00000000000000000000000000000000000         2.00000000000000000000000000000000000        -675.352618224166905077567611993409553      
   1.00000000000000000000000000000000000         2.00000000000000000000000000000000000        -599.586298401720879767308256099027016      
   1.00000000000000000000000000000000000         2.00000000000000000000000000000000000        -532.028194284933169060893411213824298      
   1.00000000000000000000000000000000000         2.00000000000000000000000000000000000        -471.785670116217575312176786396869216      
   1.00000000000000000000000000000000000         2.00000000000000000000000000000000000        -418.063163439213673210723647104956438      
   1.00000000000000000000000000000000000         2.00000000000000000000000000000000000        -370.151628468346246710193373007370297      
   1.00000000000000000000000000000000000         2.00000000000000000000000000000000000        -327.419127482041605935379459233932541      
   1.00000000000000000000000000000000000         2.00000000000000000000000000000000000        -289.302445393105098103413772182225928      
   1.00000000000000000000000000000000000         2.00000000000000000000000000000000000        -255.299616226703409632666342297448497      
   1.00000000000000000000000000000000000         2.00000000000000000000000000000000000        -224.963262336855129694538809304954418      
   1.00000000000000000000000000000000000         2.00000000000000000000000000000000000        -197.894657976879259197128569351162794      
   1.00000000000000000000000000000000000         2.00000000000000000000000000000000000        -173.738438450988279526704479358598251      
   1.00000000000000000000000000000000000         2.00000000000000000000000000000000000        -152.177884640681951630521471454556694      
   1.00000000000000000000000000000000000         2.00000000000000000000000000000000000        -132.930720334472044533246176522573591      
   1.00000000000000000000000000000000000         2.00000000000000000000000000000000000        -115.745366594056832820653425238198376      
   1.00000000000000000000000000000000000         2.00000000000000000000000000000000000        -100.397603454660212031868392200596431      
   1.00000000000000000000000000000000000         2.00000000000000000000000000000000000        -86.6875946623271636881353575181079385      
   1.00000000000000000000000000000012692         2.00000000000000000000000000000000809        -74.4372359682471441547668948073428409      
   1.00000000000000000000000000039080624         2.00000000000000000000000000003127017        -63.4877917935821503859138394827955453      
   1.00000000000000000000000050303198029         2.00000000000000000000000004917187190        -53.6977889047776090428021648972476664      
   1.00000000000000000000029749496099148         2.00000000000000000000003475379062031        -44.9411391497071921504640699611642579      
   1.00000000000000000008796575834371804         2.00000000000000000001204300192792850        -37.1054663445007594800677744723881956      
   1.00000000000000001402408705393598834         2.00000000000000000221110414180320320        -30.0906151098601582828108566708705735      
   1.00000000000000128966342562254555525         2.00000000000000023053360776142743248        -23.8073218700267699299652569093196903      
   1.00000000000007267575234836957507541         2.00000000000001452281640003268001538        -18.1760303793646138203154455502660406      
   1.00000000000264981719011387172915741         2.00000000000058438530566607784480965        -13.1258360593183332410035231159641981      
   1.00000000006564609073564138492130820         2.00000000001578809980672448038925142        -8.59354513778143344036298593336331815      
   1.00000000115485082484666679209414583         2.00000000029947018481081396055897560        -4.52283610687331620866986748886764704      
   1.00000001501078789073324876992590213         2.00000000415083686341508450088763562       -0.863512379201570838874982491261622416      
   1.00000014936752052516358864830728853         2.00000004356555757565125111675644614         2.42916371809572582365160435782086778      
   1.00000117414461956105249094887799334         2.00000035732847892052993983330108923         5.39506410916016707811376172737294485      
   1.00000749366810894923412213701717492         2.00000235474200349779080679843953800         8.06972156392107902815741189268220101      
   1.00003975560597965604408863766500888         2.00001277273197906622667422428679865         10.4847907157131151556240266229018557      
   1.00017886626323801227680656542529633         2.00005824251740336958771519872971984         12.6684316083321965874797419349227463      
   1.00069416627614192334429523351436989         2.00022739339195767992232406404454769         14.6455772995482633988508408174546007      
   1.00235785201306944657897844587398544         2.00077242615929282988978139895457809         16.4380057335477358060787865398004902      
   1.00709870460185581049903847069368283         2.00231526105319590104701393161528596         18.0640997074496357472898013928477327      
   1.01915694672994850716859033517364912         2.00620062706393323126395648626005454         19.5382128209820752416679946078321618      
   1.04681306548178605556265303037147353         2.01500426684400106932370320954587394         20.8698020660907696052091713795044193      
