   9.00680452559078662590344372729919082         6.00000000000000000000000000000000000        -1542.61958864648064766094128260486825      
   9.01573930930884927196976403783137932         6.00000000000000000000000000000000000        -1374.59997691802536306706028290664596      
   9.03335153409674581806513902843224370         6.00000000000000000000000000000000000        -1224.82210775002982077821810280610991      
   9.06540926364115123940269030393984511         6.00000000000000000000000000000006009        -1091.30294402491389229071586720819515      
   9.11981003001545449357160110775467130         6.00000000000000000000000000021259724        -972.275389293702515045227095324652499      
   9.20660162489559012249388432498574923         6.00000000000000000000000030849397090        -866.164808461292765181519326227603044      
   9.33773040901417238492613980791986482         6.00000000000000000000020467572452009        -771.568053914374737150212711302125811      
   9.52650531741641684695926218490375463         6.00000000000000000006751059926587608        -687.234717450169449684844047371848802      
   9.78680235840793507277301975054411548         6.00000000000000001193153505859600707        -612.050370408130151412893552596636965      
   10.1320706140874926609663679960770137         6.00000000000000120825839462761794506        -545.021595696874189291991094006840406      
   10.5742358105083008801758462848310380         6.00000000000007444296830043128294709        -485.262651123043207634419367581405750      
   11.1226254423409333176941619607109077         6.00000000000294443156265407326000069        -431.983626549728614921220325852486943      
   11.7830505170465088388816774311766993         6.00000000007844017958035925456558520        -384.479963707387420741924553957641288      
   12.5571662051270156240481967321850330         6.00000000146914901416277590303306152        -342.123200537274987102420930375977538      
   13.4421991680301100660054142933557038         6.00000002010159512427161095928287979        -304.352792787921976774182296318045086      
   14.4310868580350889401816043979508691         6.00000020792487785531215974111767589        -270.668865846379223154214026174528345      
   15.5130453284148509685506227095817692         6.00000167642623665468572824385839769        -240.625764155032297419597346161156271      
   16.6745855055806137269433395005291047         6.00001082788808753477768959933665894        -213.826289789463538701177088339476936      
   17.9010325114826916055001876024489991         6.00005741244629891010512124010335228        -189.916546611858439047790890651453056      
   19.1786370459601841473895070150865423         6.00025543075958203820269258673145001        -168.581323159009593919512691839992086      
   20.4973480288133996589655784810534066         6.00097241099932677548350596796709805        -149.539951578723760461015597575982715      
   21.8541956108833479651503934515491123         6.00322367476681008169318320086049757        -132.542572760822389385909924837752159      
   23.2570125453738315586313227772607742         6.00945355265256970875041484272777680        -117.366726424041739733116194219193468      
   24.7279628401958011402353547908487312         6.02487009881071437349726356493970388        -103.814180878176478809139085528001046      
   26.3061597589479031767722499022601047         6.05943369932618136997144682315177184        -91.7079342768597821006329381069469628      
   28.0486488005289931713056246208777687         6.13046044254668702426572651507227292        -80.8893720118062884737476071398638408      
   30.0292518545765593840852834381442091         6.26561650798143145409259340327458097        -71.2156658712413929399260575613115061      
   32.3351654970551396749272927237734304         6.50589183022549207742130609185031596        -62.5576421012557334540380682067294730      
   35.0616489378774061521270287799200075         6.90798850506723211034750380331712327        -54.7984531534666756109853678306587985      
   38.3054851971546252217356027476201453         7.54547927094840663168526474213216650        -47.8332828439313387182909742764119279      
   42.1580829497037202729971999239896569         8.50812819983492063636328089391130401        -41.5698360641734256744188647538831681      
   46.6991450927513305765606615266483388         9.89895861277816040063449444029989394        -35.9287285237180785795251900518474735      
   51.9918805490418739612146396054274897         11.8290030914963657412912543274098931        -30.8427902035380439608148284661172326      
   58.0808856518766605517434237522110178         14.4101184396156644621402612032603481        -26.2550829540858370020260269272283480      
   64.9940684159093139623882071192935485         17.7466981659603525705220008445645429        -22.1163811537771646310912875343381344      
   72.7501828419713566705766715222845322         21.9274898846577971249585081440109883        -18.3830428589033102119995583268152689      
   81.3734754823955116929860496449918032         27.0190108485265163197811303991494248        -15.0156805481435791316385562607519163      
   90.9165806936905124041463947903501053         33.0622837855984341769119703764723187        -11.9785125763745605684424148079595753      
   101.492556735361894374337615492162817         40.0748035680431369201134228232332749        -9.23908939201540608334595046823239503      
   113.318208949716460950397736184901739         48.0597608632325971305722770788274113        -6.76815261158717389795208922506434861      
   126.776948290987869378214643211908473         57.0246034406701392819873782822719768        -4.53952852883928893087413307161503707      
   142.527353565634446087116824319937808         67.0113829327291855308946996339217466        -2.53010261218314528716157800960184693      
   161.724801329253979292033801290260539         78.1434414792111968472812097909007081       -0.720038065016566926194803086926926015      
   186.499968975393069531927078675574289         90.7005394110453709709031929117214282        0.906616136778489396933522966980467826      
   220.949009135204348615712766974340438         105.254932641479850591861196334306141         2.36121757802255268036407032011973771      
   273.002901836887685284488766119146680         122.944927328962442588489379119532150         3.65116370464120186735778880523960574      
   357.582197293449706602557754450607277         146.037383371885874115033398587684534         4.78446087565640459822470734644232122      
   501.306078898916392997785060575383956         179.024452827394856897403010289975821         5.77874746556854671505225089322733358      
   748.633291048304290671869581281788057         230.564148153707236440343787216496040         6.66777971373175109095525132426179747      
   1168.68160443107061540012137435471546         316.526994673760258611400767377106553         7.49485618770007532029474428783629321      
   1861.26101230838250125946066921819811         464.173889938930051207170264492078750         8.29529045992794121999548199204452334      
   2960.15261655993554885294254210626867         717.051302155844963129692119897883940         9.08443275925960501291808128121574221      
   4631.68011940508290403950377598950253         1139.65123033604617379100658239289079         9.86064241507617386711985262376750370      
   7067.31698292465415860366826068877940         1820.45355346253563430453739034045130         10.6155934084824537609081925084551757      
   10470.3389067602670206818743306605929         2871.88363438505153819705304161717938         11.3417404443889839586276780828376859      
   15037.9939168819425130066728121214538         4426.12128917648561612989060603794319         12.0347564553308344308317809704461791      
   20941.8389238292186161953676456124765         6626.54288459593091396340238477531269         12.6932458352982381782483437927401882      
   28309.4043481161899398713691520888075         9615.62593935631375471392537423593682         13.3177687192127158854930605663994363      
   37210.0727334944444810329266646610971         13521.0557598622133684990278878040462         13.9099939458268195422225999094966173      
   47647.1398668142952056237249573303900         18442.2543208009897350697910037765071         14.4721333402434654599537755752772185      
   59556.7888331798519254927539743248563         24439.4746073272523787095718023719344         15.0066032390133693704670470124922531      
   72813.5012506095776311807338575440806         31527.0360619519137896944291477356085         15.5158338811018819865732812754025452      
   87240.5221616237948133095528977319576         39671.4269719935288089896019297053969         16.0021672229803661521786376380559570      
   102623.511243175929841416979105347457         48794.1198350026007366488901619291728         16.4678057139643600171472244085551057      
   118725.444573347816351758592406744494         58778.2426789134396652009527024009134         16.9147899406231487924781130232633168      
   135301.079970722728423278315558850756         69477.8350448994199261597293062754027         17.3449924460916249666643778901616050      
   152109.730860034789908480811276383807         80728.3053023260394207166053642809948         17.7601204793341758593526067568516314      
   168925.582119984095766010874310067989         92356.8379629996929596857998346005585         18.1617235293742393375666020124949895      
   185545.232048679630115685091641368118         104191.783716791402720789922142462976         18.5512032585583483123033331436978386      
   201792.502593209577282157087605578290         116070.408267539042795008661004425088         18.9298244536461739371603031668388120      
   217520.805537821755379685648444481458         127844.705805540509756112190826173316         19.2987261940943827512000736691431872      
   232613.490628975355982166356175211952         139385.253836214579342925248570320761         19.6589327771648898067566304967110930      
   246982.651982394425649463505125872404         150583.278830833880474018634679791691         20.0113641418582464107452274893698769      
   260566.856148185973813503555024219276         161351.216997104475357261551002387062         20.3568456556520388272570931191125918      
   273328.202704239470779778715693000886         171622.103340222988840752528230525013         20.6961172022915881428958233054018891      
   285249.055963312883040318765215413118         181348.122067450829059666021910690990         21.0298415542964072893514999379633762      
   296328.708868724740478676294121015263         190498.619515499992504329994990498499         21.3586120414903823626723428749234304      
   306580.166935442100518418142049407362         199057.831919599809692032493658291587         21.6829595433722459983258357195837657      
   316027.176502781989512841193942291417         207022.525676569344656903274573189532         22.0033588425712846809685589946197060      
   324701.569831545838949543455784255287         214399.694815166588708457798983835638         22.3202343815115398252340869636208314      
   332640.959854337142982519507977292565         221204.413584404587508203843153312080         22.6339654663463287912088285776261095      
   339886.788595165336113376766577576378         227457.903434435662587017197715686693         22.9448909622678232160440924424844913      
   346482.713734025774974559695636110889         233185.843592692575802103797565387864         23.2533135231318391017602396556931988      
   352473.305648356270643293188843265077         238416.932329398644682681283158728390         23.5595033964255942635904378496772885      
   357903.020743114321426844089090008095         243181.690743297956735415123022997706         23.8637018422560006254361158509241975      
   362815.414431059131309573115958125963         247511.491177920147205196107479498500         24.1661242024582390836869827159364973      
   367252.557464236199896583742780407601         251437.786921990437926033024309427182         24.4669626532613049168862514378405624      
   371254.621441954149764162368130886879         254991.517514110030072529013302903672         24.7663886722946687644199432791448948      
   374859.602474948733712606068175280930         258202.663809028216251708400222874011         25.0645552481414773956336121646756537      
   378103.155626595566217245133939922316         261099.928214991626659992673681053589         25.3615988581793672749529960329635261      
   381018.516506521388782155607551140233         263710.517605258765331609157736693691         25.6576412381245040793240185666086480      
   383636.490017277586136925771656508470         266060.008924725212594721643669239908         25.9527909645211295774990914079369367      
   385985.489605556442469286248616013624         268172.280164597212887295248741983175         26.2471448694030213034151938332387537      
   388091.613369909655343765135674550539         270069.491972918517876468880008738762         26.5407893044946937865135574124722011      
   389978.745998952540998765276806262442         271772.107589253345447844230200989927         26.8338012706150041913321280829203275      
   391668.677760717536688394580656640401         273298.940974118005304211596579285320         27.1262494263877191158449560476279265      
   393181.233657397494631766858851020967         274667.224921051577930170727444262247         27.4181949889446597974934576187130310      
   394534.407432971703472376684053180291         275892.692589298278835333154243332344         27.7096925380184992869695568238381800      
   395744.496411565501910601694903677024         276989.667291039190736249302140533939         28.0007907336549656360776195109710103      
   396826.234190071123903716480017473587         277971.156530768285808376954440344268         28.2915329567188752402800441737619451      
   397792.919046148127552312475946430955         278848.947251706126577403076944775301         28.5819578804160178331396660303320630      
