   9.00000000000000000000000000000000000         6.00000000000000000000000000000000000        -11355.1371119330240588730966137278490      
   9.00000000000000000000000000000000000         6.00000000000000000000000000000000000        -11355.1371119330240588730966137278490      
   9.00000000000000000000000000000000000         6.00000000000000000000000000000000000        -11355.1371119330240588730966137278490      
   9.00000000000000000000000000000000000         6.00000000000000000000000000000000000        -11355.1371119330240588730966137278490      
   9.00000000000000000000000000000000000         6.00000000000000000000000000000000000        -11355.1371119330240588730966137278490      
   9.00000000000000000000000000000000000         6.00000000000000000000000000000000000        -11355.1371119330240588730966137278490      
   9.00000000000000000000000000000000000         6.00000000000000000000000000000000000        -11355.1371119330240588730966137278490      
   9.00000000000000000000000000000000000         6.00000000000000000000000000000000000        -11355.1371119330240588730966137278490      
   9.00000000000000000000000000000000000         6.00000000000000000000000000000000000        -11355.1371119330240588730966137278490      
   9.00000000000000000000000000000000000         6.00000000000000000000000000000000000        -11355.1371119330240588730966137278490      
   9.00000000000000000000000000000000000         6.00000000000000000000000000000000000        -11355.1371119330240588730966137278490      
   9.00000000000000000000000000000000000         6.00000000000000000000000000000000000        -11355.1371119330240588730966137278490      
   9.00000000000000000000000000000000000         6.00000000000000000000000000000000000        -11355.1371119330240588730966137278490      
   9.00000000000000000000000000000000000         6.00000000000000000000000000000000000        -10158.8095486376543905913947869850282      
   9.00000000000000000000000000000000000         6.00000000000000000000000000000000000        -9053.37938174793293695810238147686286      
   9.00000000000000000000000000000000000         6.00000000000000000000000000000000000        -8068.13240797003451475486316213632088      
   9.00000000000000000000000000000000000         6.00000000000000000000000000000000000        -7189.99881780095747305785989852513840      
   9.00000000000000000000000000000000000         6.00000000000000000000000000000000000        -6407.33013125992224806732678568662327      
   9.00000000000000000000000000000000000         6.00000000000000000000000000000000000        -5709.74462963622689944731416578897481      
   9.00000000000000000000000000000000000         6.00000000000000000000000000000000000        -5087.98959638951766376419993596956472      
   9.00000000000000000000000000000000000         6.00000000000000000000000000000000000        -4533.81853922291862502874278791882145      
   9.00000000000000000000000000000000000         6.00000000000000000000000000000000000        -4039.88176414052641716342230986954009      
   9.00000000000000000000000000000000000         6.00000000000000000000000000000000000        -3599.62884947349620827581577744037138      
   9.00000000000000000000000000000000000         6.00000000000000000000000000000000000        -3207.22172576429842694783314381626121      
   9.00000000000000000000000000000000000         6.00000000000000000000000000000000000        -2857.45720813201987579686331436166341      
   9.00000000000000000000000000000000000         6.00000000000000000000000000000000000        -2545.69795317026334663973326782716165      
   9.00000000000000000000000000000000000         6.00000000000000000000000000000000000        -2267.81092421762898853114562435756305      
   9.00000000000000000000000000000000000         6.00000000000000000000000000000000000        -2020.11254847230302074444935740158816      
   9.00000000000000000000000000000000000         6.00000000000000000000000000000000000        -1799.31983821898496170919097646918112      
   9.00000000000000000000000000000000000         6.00000000000000000000000000000000000        -1602.50682757653169534203968668278333      
   9.00000000000000000000000000000000000         6.00000000000000000000000000000000000        -1427.06574670842708806408583027635339      
   9.00000000000000000000000000000000000         6.00000000000000000000000000000000000        -1270.67241830143925161221229587666439      
   9.00000000000000000000000000000000000         6.00000000000000000000000000000000000        -1131.25541714476109743394157599945230      
   9.00000000000000000000000000000000000         6.00000000000000000000000000000000000        -1006.96858357598691625725140594943737      
   9.00000000000000000000000000000000000         6.00000000000000000000000000000000000        -896.166526064052940754470141359969910      
   9.00000000000000000000000000000000000         6.00000000000000000000000000000000000        -797.382787863301268394694195387263803      
   9.00000000000000000000000000000000000         6.00000000000000000000000000000000000        -709.310388023431734085541844987493509      
   9.00000000000000000000000000000000000         6.00000000000000000000000000000000000        -630.784478546366381447036509664990461      
   9.00000000000000000000000000000000000         6.00000000000000000000000000000000000        -560.766887561035016445583223636572504      
   9.00000000000000000000000000000000000         6.00000000000000000000000000000000000        -498.332343413402262737819776615980149      
   9.00000000000000000000000000000000000         6.00000000000000000000000000000000000        -442.656196873780528724822037772253804      
   9.00000000000000000000000000000000000         6.00000000000000000000000000000000000        -393.003478542579477798837965928672912      
   9.00000000000000000000000000000000000         6.00000000000000000000000000000000000        -348.719146252914626770625288647105108      
   9.00000000000000000000000000000000000         6.00000000000000000000000000000000000        -309.219393059033018498375001246041798      
   9.00000000000000000000000000000000000         6.00000000000000000000000000000000000        -273.983900472843333243825994261930021      
   9.00000000000000000000000000000000000         6.00000000000000000000000000000000000        -242.548934153705850188660965569827823      
   9.00000000000000000000000000000000000         6.00000000000000000000000000000000000        -214.501190435480584238350177184215591      
   9.00000000000000000000000000000000000         6.00000000000000000000000000000000000        -189.472312037986157320228526449966691      
   9.00000000000000000000000000000000000         6.00000000000000000000000000000000000        -167.134000189692521277250664318073822      
   9.00000000000000000000000000000000000         6.00000000000000000000000000000000000        -147.193658302485364501083511300782046      
   9.00000000000000000000000000000000000         6.00000000000000000000000000000000000        -129.390509392713073633836101621487039      
   9.00000000000000000000000000000000000         6.00000000000000000000000000000000000        -113.492135729052459849196724142865928      
   9.00000000000000000000000000000000000         6.00000000000000000000000000000000000        -99.2913947904228142919176281164929775      
   9.00000000000000000000000000000000000         6.00000000000000000000000000000000000        -86.6036706105835660347965870728394775      
   9.00000000000000000000000000000000000         6.00000000000000000000000000000000000        -75.2644240364283383450664365752407367      
   9.00000000000000000000000000000000000         6.00000000000000000000000000000000000        -65.1270093933913409696368179393181435      
   9.00000000000000000000000000000000000         6.00000000000000000000000000000000000        -56.0607285864425573992695588606890009      
   9.00000000000000000000000000000000000         6.00000000000000000000000000000000000        -47.9490968157741919959670012897868307      
   9.00000000000000000000000000000000000         6.00000000000000000000000000000000000        -40.6882968942792253563696486482930512      
   9.00000000000000000000000000000000000         6.00000000000000000000000000000000000        -34.1858016565541198461412799075818158      
   9.00000000000000000000000000000000000         6.00000000000000000000000000000000000        -28.3591461796301163053894819845571853      
   9.00000000000000000000000000000000000         6.00000000000000000000000000000000000        -23.1348335235481810733390507615471141      
   9.00000000000000000000000000000000000         6.00000000000000000000000000000000000        -18.4473594716198658310657589947383395      
   9.00000000000000000000000000000000000         6.00000000000000000000000000000000000        -14.2383433292698748643887062159800173      
   9.00000000000000000000000000000000000         6.00000000000000000000000000000000000        -10.4557532476890761994817814789168497      
   9.00000000000000000000000000000000000         6.00000000000000000000000000000000000        -7.05321579281349775451325457105464212      
   9.00000000000000000000000000000000000         6.00000000000000000000000000000000000        -3.98940059802914102003015169384141950      
   9.00000000000000000000000000000000000         6.00000000000000000000000000000000000        -1.22747193531786818876596258176454359      
   9.00000000000000000000000000000000000         6.00000000000000000000000000000000000         1.26540007247332555498384767007673842      
   9.00000000000000000000000000000000000         6.00000000000000000000000000000000000         3.51847508415587137205258701045790385      
   9.00000000000000000000000000000000000         6.00000000000000000000000000000000000         5.55783079809493059822935201703939429      
   9.00000000000000000000000000000000000         6.00000000000000000000000000000000000         7.40670898742282211614531380355350168      
   9.00000000000000000000000000000000000         6.00000000000000000000000000000000000         9.08582390424761681132524744484278188      
   9.00000000000000000000000000000000000         6.00000000000000000000000000000000000         10.6136371451933717764893755878601258      
   9.00000000000000000000000000000000000         6.00000000000000000000000000000000000         12.0066026255707246849144146762719898      
   9.00000000000000000000000000000000000         6.00000000000000000000000000000000000         13.2793849128362545619094005785162391      
   9.00000000000000000000000000000000000         6.00000000000000000000000000000000000         14.4450538164929630583981505250311473      
   9.00000000000000000000000000000000000         6.00000000000000000000000000000000000         15.5152578165216297381804303207733515      
   9.00000000000000000000000000000000000         6.00000000000000000000000000000000000         16.5003786316329565415921896235747243      
   9.00000000000000000000000000000000000         6.00000000000000000000000000000000000         17.4096689783672972320670505362978366      
   9.00000000000000000000000000000000000         6.00000000000000000000000000000000000         18.2513753490215277255942543672522896      
   9.00000000000000000000000000000000000         6.00000000000000000000000000000000000         19.0328474375915513882513215282052801      
   9.00000000000000000000000000000000000         6.00000000000000000000000000000000000         19.7606356657462130519306747435381651      
   9.00000000000000000000000000000000000         6.00000000000000000000000000000000000         20.4405781029430422880504040600659817      
   9.00000000000000000000000000000000000         6.00000000000000000000000000000000000         21.0778779340629522939931205724242903      
   9.00000000000000000000000000000000000         6.00000000000000000000000000000000000         21.6771725025123402779419973018624996      
   9.00000000000000000000000000000000000         6.00000000000000000000000000000000000         22.2425948449526060908423316282358075      
   9.00000000000000000000000000000000000         6.00000000000000000000000000000000000         22.7778285341855635134207745780954968      
   9.00000000000000000000000000000000000         6.00000000000000000000000000000000000         23.2861565579265130272477796419316119      
   9.00000000000000000000000000000000000         6.00000000000000000000000000000000000         23.7705048820565977484066776146217192      
   9.00000000000000000000000000000000000         6.00000000000000000000000000000000000         24.2334812764123338104763781539318574      
   9.00000000000000000000000000000000000         6.00000000000000000000000000000000000         24.6774099183069531017199983712352571      
   9.00000000000000000000000000000000000         6.00000000000000000000000000000000000         25.1043622329512627106900157740161826      
   9.00000000000000000000000000000000000         6.00000000000000000000000000000000000         25.5161843800076683466584526269699056      
   9.00000000000000000000000000000000000         6.00000000000000000000000000000000000         25.9145217510072337769529805744630813      
   9.00000000000000000000000000000000000         6.00000000000000000000000000000000000         26.3008408026956169041045032033394993      
   9.00000000000000000000000000000000000         6.00000000000000000000000000000000000         26.6764485160231178932054022366429836      
   9.00000000000000000000000000000000000         6.00000000000000000000000000000000000         27.0425097389878147006356542548691932      
   9.00000000000000000000000000000000000         6.00000000000000000000000000000000000         27.4000626434607775204288542238013195      
   9.00000000000000000000000000000000000         6.00000000000000000000000000000000000         27.7500325010960417289283643537256225      
   9.00000000000000000000000000000000000         6.00000000000000000000000000000000000         28.0932439611232949177331087754730592      
