   1.00000000000000000000000000000000000         4.00000000000000000000000000000000000        -11355.1371119330240588730966137278490      
   1.00000000000000000000000000000000000         4.00000000000000000000000000000000000        -11355.1371119330240588730966137278490      
   1.00000000000000000000000000000000000         4.00000000000000000000000000000000000        -11355.1371119330240588730966137278490      
   1.00000000000000000000000000000000000         4.00000000000000000000000000000000000        -11355.1371119330240588730966137278490      
   1.00000000000000000000000000000000000         4.00000000000000000000000000000000000        -11355.1371119330240588730966137278490      
   1.00000000000000000000000000000000000         4.00000000000000000000000000000000000        -11355.1371119330240588730966137278490      
   1.00000000000000000000000000000000000         4.00000000000000000000000000000000000        -11355.1371119330240588730966137278490      
   1.00000000000000000000000000000000000         4.00000000000000000000000000000000000        -11355.1371119330240588730966137278490      
   1.00000000000000000000000000000000000         4.00000000000000000000000000000000000        -11355.1371119330240588730966137278490      
   1.00000000000000000000000000000000000         4.00000000000000000000000000000000000        -11355.1371119330240588730966137278490      
   1.00000000000000000000000000000000000         4.00000000000000000000000000000000000        -11355.1371119330240588730966137278490      
   1.00000000000000000000000000000000000         4.00000000000000000000000000000000000        -11355.1371119330240588730966137278490      
   1.00000000000000000000000000000000000         4.00000000000000000000000000000000000        -11355.1371119330240588730966137278490      
   1.00000000000000000000000000000000000         4.00000000000000000000000000000000000        -11355.1371119330240588730966137278490      
   1.00000000000000000000000000000000000         4.00000000000000000000000000000000000        -11355.1371119330240588730966137278490      
   1.00000000000000000000000000000000000         4.00000000000000000000000000000000000        -11355.1371119330240588730966137278490      
   1.00000000000000000000000000000000000         4.00000000000000000000000000000000000        -10767.7246470537430255858432456863846      
   1.00000000000000000000000000000000000         4.00000000000000000000000000000000000        -9595.78678080543151890541688070938347      
   1.00000000000000000000000000000000000         4.00000000000000000000000000000000000        -8551.26475758107260606977310882443976      
   1.00000000000000000000000000000000000         4.00000000000000000000000000000000000        -7620.30222398491349841548549486658568      
   1.00000000000000000000000000000000000         4.00000000000000000000000000000000000        -6790.54969205387681250202694841847331      
   1.00000000000000000000000000000000000         4.00000000000000000000000000000000000        -6051.00066905539843215917071163054343      
   1.00000000000000000000000000000000000         4.00000000000000000000000000000000000        -5391.84560801601833650161939188144038      
   1.00000000000000000000000000000000000         4.00000000000000000000000000000000000        -4804.34174099297323775128677375693353      
   1.00000000000000000000000000000000000         4.00000000000000000000000000000000000        -4280.69706785538971923222765625565740      
   1.00000000000000000000000000000000000         4.00000000000000000000000000000000000        -3813.96696117668858038584267963547874      
   1.00000000000000000000000000000000000         4.00000000000000000000000000000000000        -3397.96201524794176970749531203379002      
   1.00000000000000000000000000000000000         4.00000000000000000000000000000000000        -3027.16591642457680097253055449565425      
   1.00000000000000000000000000000000000         4.00000000000000000000000000000000000        -2696.66224499582846493245164890494300      
   1.00000000000000000000000000000000000         4.00000000000000000000000000000000000        -2402.06923728221803098708138228880755      
   1.00000000000000000000000000000000000         4.00000000000000000000000000000000000        -2139.48164229372970783252134434925243      
   1.00000000000000000000000000000000000         4.00000000000000000000000000000000000        -1905.41890142186418297110026950481515      
   1.00000000000000000000000000000000000         4.00000000000000000000000000000000000        -1696.77896354156696021128692441947020      
   1.00000000000000000000000000000000000         4.00000000000000000000000000000000000        -1510.79712267749437904959961912278259      
   1.00000000000000000000000000000000000         4.00000000000000000000000000000000000        -1345.00933203545743012411988106622154      
   1.00000000000000000000000000000000000         4.00000000000000000000000000000000000        -1197.21950759852971064742902253815275      
   1.00000000000000000000000000000000000         4.00000000000000000000000000000000000        -1065.47038742640503983760895008107551      
   1.00000000000000000000000000000000000         4.00000000000000000000000000000000000        -948.017559978612059030114289544724060      
   1.00000000000000000000000000000000000         4.00000000000000000000000000000000000        -843.306316833214337607097888317576104      
   1.00000000000000000000000000000000000         4.00000000000000000000000000000000000        -749.951022650636596702217102883139615      
   1.00000000000000000000000000000000000         4.00000000000000000000000000000000000        -666.716728634571097971419224199676411      
   1.00000000000000000000000000000000000         4.00000000000000000000000000000000000        -592.502785511761429797681576482230252      
   1.00000000000000000000000000000000000         4.00000000000000000000000000000000000        -526.328238584861590092474420468669616      
   1.00000000000000000000000000000000000         4.00000000000000000000000000000000000        -467.318811059595250077989134617566441      
   1.00000000000000000000000000000000000         4.00000000000000000000000000000000000        -414.695302922875068086631198828786820      
   1.00000000000000000000000000000000000         4.00000000000000000000000000000000000        -367.763251432043124062540677128116878      
   1.00000000000000000000000000000000000         4.00000000000000000000000000000000000        -325.903716016206612855253916329295496      
   1.00000000000000000000000000000000000         4.00000000000000000000000000000000000        -288.565065310908285842305416536830750      
   1.00000000000000000000000000000000000         4.00000000000000000000000000000000000        -255.255657345071622098845501939107357      
   1.00000000000000000000000000000000000         4.00000000000000000000000000000000000        -225.537315750748748564856451238841814      
   1.00000000000000000000000000000000000         4.00000000000000000000000000000000000        -199.019515428938086109948423406234334      
   1.00000000000000000000000000000000000         4.00000000000000000000000000000000000        -175.354200518789703484354291883138274      
   1.00000000000000000000000000000000000         4.00000000000000000000000000000000000        -154.231165907798151068920933335952117      
   1.00000000000000000000000000000000000         4.00000000000000000000000000000000000        -135.373940998429062813300178767631363      
   1.00000000000000000000000000000000000         4.00000000000000000000000000000000000        -118.536121111263537781300180923323264      
   1.00000000000000000000000000000000000         4.00000000000000000000000000000000000        -103.498097844608935694179071031864390      
   1.00000000000000000000000000000000000         4.00000000000000000000000000000000000        -90.0641450044346384737450397475044909      
   1.00000000000000000000000000000000000         4.00000000000000000000000000000000000        -78.0598214366935102535435496552175579      
   1.00000000000000000000000000000000000         4.00000000000000000000000000000000000        -67.3296562991919079717898854938507847      
   1.00000000000000000000000000000000000         4.00000000000000000000000000000000000        -57.7350860579723037418497829117551373      
   1.00000000000000000000000000000000000         4.00000000000000000000000000000000000        -49.1526158334039237293179710047568109      
   1.00000000000000000000000000000000000         4.00000000000000000000000000000000000        -41.4721806981611267724921821943602198      
   1.00000000000000000000000000000000000         4.00000000000000000000000000000000000        -34.5956851825093126625194425543521465      
   1.00000000000000000000000000000000000         4.00000000000000000000000000000000000        -28.4357016070208485216188899305898410      
   1.00000000000000000000000000000000000         4.00000000000000000000000000000000000        -22.9143099703870001830310723130598939      
   1.00000000000000000000000000000000000         4.00000000000000000000000000000000000        -17.9620639983419756411699961043409196      
   1.00000000000000000000000000000000000         4.00000000000000000000000000000000000        -13.5170696337964943809892959858067828      
   1.00000000000000000000000000000000000         4.00000000000000000000000000000000000        -9.52416374030483154024242196790831833      
   1.00000000000000000000000000000000000         4.00000000000000000000000000000000000        -5.93418212075933502644440646948398364      
   1.00000000000000000000000000000000000         4.00000000000000000000000000000000000        -2.70330713836521753359347736080544379      
   1.00000000000000000000000000000000000         4.00000000000000000000000000000000000        0.207513716777678851349349461107298471      
   1.00000000000000000000000000000000000         4.00000000000000000000000000000000000         2.83308603075434725336078665206890338      
   1.00000000000000000000000000000000000         4.00000000000000000000000000000000000         5.20443031481533263435614654543949965      
   1.00000000000000000000000000000000000         4.00000000000000000000000000000000000         7.34919362871407159937024604092356942      
   1.00000000000000000000000000000000000         4.00000000000000000000000000000000000         9.29201644039245424202226986400636948      
   1.00000000000000000000000000000000000         4.00000000000000000000000000000000000         11.0548595900197445901864048918042480      
   1.00000000000000000000000000000000000         4.00000000000000000000000000000000000         12.6572956969990044516818320588922300      
   1.00000000000000000000000000000000000         4.00000000000000000000000000000000000         14.1167688767349474131540051067729102      
   1.00000000000000000000000000000000000         4.00000000000000000000000000000000000         15.4488262134469377807813955615615817      
   1.00000000000000000000000000000000000         4.00000000000000000000000000000000000         16.6673240605307283432274298584231370      
   1.00000000000000000000000000000000000         4.00000000000000000000000000000000000         17.7846119059493964839326350877749584      
   1.00000000000000000000000000000000000         4.00000000000000000000000000000000000         18.8116962424355063190672380074665994      
   1.00000000000000000000000000000000000         4.00000000000000000000000000000000000         19.7583866169625178695165360101194189      
   1.00000000000000000000000000000000000         4.00000000000000000000000000000000000         20.6334257974731944230586153111476329      
   1.00000000000000000000000000000000000         4.00000000000000000000000000000000000         21.4446057840984093963694211115526157      
   1.00000000000000000000000000000000000         4.00000000000000000000000000000000000         22.1988712042647419900075527710765037      
   1.00000000000000000000000000000000000         4.00000000000000000000000000000000000         22.9024114636811202554776468215819011      
   1.00000000000000000000000000000000000         4.00000000000000000000000000000000000         23.5607428759921166790043582620237535      
   1.00000000000000000000000000000000000         4.00000000000000000000000000000000000         24.1787818609084964698361838505181733      
   1.00000000000000000000000000000000000         4.00000000000000000000000000000000000         24.7609101821097383585733008000380168      
   1.00000000000000000000000000000000000         4.00000000000000000000000000000000000         25.3110330905858581365196075208812791      
   1.00000000000000000000000000000000000         4.00000000000000000000000000000000000         25.8326311449453551161727752786294280      
   1.00000000000000000000000000000000000         4.00000000000000000000000000000000000         26.3288063963132837937243353066184875      
   1.00000000000000000000000000000000000         4.00000000000000000000000000000000000         26.8023235506649878296777692948188813      
   1.00000000000000000000000000000000000         4.00000000000000000000000000000000000         27.2556466547946562333949957157791539      
   1.00000000000000000000000000000000000         4.00000000000000000000000000000000000         27.6909717927192154076634332572109305      
   1.00000000000000000000000000000000000         4.00000000000000000000000000000000000         28.1102562263789715332650000125717243      
   1.00000000000000000000000000000000000         4.00000000000000000000000000000000000         28.5152443673143959688642413560117826      
   1.00000000000000000000000000000000000         4.00000000000000000000000000000000000         28.9074909239474251450790044401426375      
   1.00000000000000000000000000000000000         4.00000000000000000000000000000000000         29.2883815316176343407756319084807830      
   1.00000000000000000000000000000000000         4.00000000000000000000000000000000000         29.6591511391213312942981764700679572      
