   1.00000000000000000000000000000000000         2.00000000000000000000000000000000000        -11355.1371119330240588730966137278490      
   1.00000000000000000000000000000000000         2.00000000000000000000000000000000000        -11355.1371119330240588730966137278490      
   1.00000000000000000000000000000000000         2.00000000000000000000000000000000000        -11355.1371119330240588730966137278490      
   1.00000000000000000000000000000000000         2.00000000000000000000000000000000000        -11355.1371119330240588730966137278490      
   1.00000000000000000000000000000000000         2.00000000000000000000000000000000000        -11355.1371119330240588730966137278490      
   1.00000000000000000000000000000000000         2.00000000000000000000000000000000000        -11355.1371119330240588730966137278490      
   1.00000000000000000000000000000000000         2.00000000000000000000000000000000000        -11355.1371119330240588730966137278490      
   1.00000000000000000000000000000000000         2.00000000000000000000000000000000000        -11355.1371119330240588730966137278490      
   1.00000000000000000000000000000000000         2.00000000000000000000000000000000000        -11355.1371119330240588730966137278490      
   1.00000000000000000000000000000000000         2.00000000000000000000000000000000000        -11355.1371119330240588730966137278490      
   1.00000000000000000000000000000000000         2.00000000000000000000000000000000000        -11355.1371119330240588730966137278490      
   1.00000000000000000000000000000000000         2.00000000000000000000000000000000000        -11355.1371119330240588730966137278490      
   1.00000000000000000000000000000000000         2.00000000000000000000000000000000000        -11355.1371119330240588730966137278490      
   1.00000000000000000000000000000000000         2.00000000000000000000000000000000000        -11355.1371119330240588730966137278490      
   1.00000000000000000000000000000000000         2.00000000000000000000000000000000000        -11355.1371119330240588730966137278490      
   1.00000000000000000000000000000000000         2.00000000000000000000000000000000000        -11355.1371119330240588730966137278490      
   1.00000000000000000000000000000000000         2.00000000000000000000000000000000000        -11355.1371119330240588730966137278490      
   1.00000000000000000000000000000000000         2.00000000000000000000000000000000000        -11355.1371119330240588730966137278490      
   1.00000000000000000000000000000000000         2.00000000000000000000000000000000000        -11355.1371119330240588730966137278490      
   1.00000000000000000000000000000000000         2.00000000000000000000000000000000000        -11355.1371119330240588730966137278490      
   1.00000000000000000000000000000000000         2.00000000000000000000000000000000000        -11355.1371119330240588730966137278490      
   1.00000000000000000000000000000000000         2.00000000000000000000000000000000000        -11355.1371119330240588730966137278490      
   1.00000000000000000000000000000000000         2.00000000000000000000000000000000000        -11355.1371119330240588730966137278490      
   1.00000000000000000000000000000000000         2.00000000000000000000000000000000000        -11355.1371119330240588730966137278490      
   1.00000000000000000000000000000000000         2.00000000000000000000000000000000000        -11355.1371119330240588730966137278490      
   1.00000000000000000000000000000000000         2.00000000000000000000000000000000000        -11355.1371119330240588730966137278490      
   1.00000000000000000000000000000000000         2.00000000000000000000000000000000000        -11355.1371119330240588730966137278490      
   1.00000000000000000000000000000000000         2.00000000000000000000000000000000000        -11355.1371119330240588730966137278490      
   1.00000000000000000000000000000000000         2.00000000000000000000000000000000000        -11355.1371119330240588730966137278490      
   1.00000000000000000000000000000000000         2.00000000000000000000000000000000000        -11355.1371119330240588730966137278490      
   1.00000000000000000000000000000000000         2.00000000000000000000000000000000000        -11355.1371119330240588730966137278490      
   1.00000000000000000000000000000000000         2.00000000000000000000000000000000000        -11355.1371119330240588730966137278490      
   1.00000000000000000000000000000000000         2.00000000000000000000000000000000000        -11355.1371119330240588730966137278490      
   1.00000000000000000000000000000000000         2.00000000000000000000000000000000000        -11355.1371119330240588730966137278490      
   1.00000000000000000000000000000000000         2.00000000000000000000000000000000000        -11355.1371119330240588730966137278490      
   1.00000000000000000000000000000000000         2.00000000000000000000000000000000000        -11355.1371119330240588730966137278490      
   1.00000000000000000000000000000000000         2.00000000000000000000000000000000000        -11355.1371119330240588730966137278490      
   1.00000000000000000000000000000000000         2.00000000000000000000000000000000000        -11355.1371119330240588730966137278490      
   1.00000000000000000000000000000000000         2.00000000000000000000000000000000000        -11355.1371119330240588730966137278490      
   1.00000000000000000000000000000000000         2.00000000000000000000000000000000000        -11355.1371119330240588730966137278490      
   1.00000000000000000000000000000000000         2.00000000000000000000000000000000000        -10547.4634944331799609787733111860624      
   1.00000000000000000000000000000000000         2.00000000000000000000000000000000000        -9398.80298909736474392246990603610431      
   1.00000000000000000000000000000000000         2.00000000000000000000000000000000000        -8375.02693562354592810699698324898434      
   1.00000000000000000000000000000000000         2.00000000000000000000000000000000000        -7462.55426703004998864722479064809974      
   1.00000000000000000000000000000000000         2.00000000000000000000000000000000000        -6649.28084462860316067872250262485545      
   1.00000000000000000000000000000000000         2.00000000000000000000000000000000000        -5924.41884345798048722178560258003273      
   1.00000000000000000000000000000000000         2.00000000000000000000000000000000000        -5278.35360440106758837276238715200115      
   1.00000000000000000000000000000000000         2.00000000000000000000000000000000000        -4702.51605349990010351029797533059016      
   1.00000000000000000000000000000000000         2.00000000000000000000000000000000000        -4189.26899555050484832232424063196234      
   1.00000000000000000000000000000000000         2.00000000000000000000000000000000000        -3731.80577316263018024395284712192006      
   1.00000000000000000000000000000000000         2.00000000000000000000000000000000000        -3324.05994655165933078331788990808908      
   1.00000000000000000000000000000000000         2.00000000000000000000000000000000000        -2960.62479556842072784759284369874835      
   1.00000000000000000000000000000000000         2.00000000000000000000000000000000000        -2636.68157580773858323445234202474113      
   1.00000000000000000000000000000000000         2.00000000000000000000000000000000000        -2347.93557679787323812950575498361930      
   1.00000000000000000000000000000000000         2.00000000000000000000000000000000000        -2090.55913380187390079458947972470496      
   1.00000000000000000000000000000000000         2.00000000000000000000000000000000000        -1861.14083703207172178449624483281975      
   1.00000000000000000000000000000000000         2.00000000000000000000000000000000000        -1656.64026431484819738786529782555285      
   1.00000000000000000000000000000000000         2.00000000000000000000000000000000000        -1474.34763653564319444289809740569922      
   1.00000000000000000000000000000000000         2.00000000000000000000000000000000000        -1311.84786051646976396800407726514586      
   1.00000000000000000000000000000000000         2.00000000000000000000000000000000000        -1166.98848219676662881460649852966300      
   1.00000000000000000000000000000000000         2.00000000000000000000000000000000000        -1037.85112487576876080852888861270770      
   1.00000000000000000000000000000000000         2.00000000000000000000000000000000000        -922.726033519225408963446524059060036      
   1.00000000000000000000000000000000000         2.00000000000000000000000000000000000        -820.089387348881697242447207741695894      
   1.00000000000000000000000000000000000         2.00000000000000000000000000000000000        -728.583079666570273157017964442955545      
   1.00000000000000000000000000000000000         2.00000000000000000000000000000000000        -646.996696603463760220715711601979069      
   1.00000000000000000000000000000000000         2.00000000000000000000000000000000000        -574.251455663439662735569997558844909      
   1.00000000000000000000000000000000000         2.00000000000000000000000000000000000        -509.385890934786542711215651977389713      
   1.00000000000000000000000000000000000         2.00000000000000000000000000000000000        -451.543095021707964085517186756596607      
   1.00000000000000000000000000000000000         2.00000000000000000000000000000000000        -399.959348403806608427267789248081769      
   1.00000000000000000000000000000000000         2.00000000000000000000000000000000000        -353.953985342057311479978625858425643      
   1.00000000000000000000000000000000000         2.00000000000000000000000000000000000        -312.920361857998396394463106098390508      
   1.00000000000000000000000000000000000         2.00000000000000000000000000000000000        -276.317805936712705961438577438804428      
   1.00000000000000000000000000000000000         2.00000000000000000000000000000000000        -243.664443137682661360672503232751738      
   1.00000000000000000000000000000000000         2.00000000000000000000000000000000000        -214.530802413734296710725820489987596      
   1.00000000000000000000000000000000000         2.00000000000000000000000000000000000        -188.534117291172532837782168925444171      
   1.00000000000000000000000000000000000         2.00000000000000000000000000000000000        -165.333246791230484797320821397603647      
   1.00000000000000000000000000000000000         2.00000000000000000000000000000000000        -144.624148696546302218205702658224975      
   1.00000000000000000000000000000000000         2.00000000000000000000000000000000000        -126.135845095663971784256958577587616      
   1.00000000000000000000000000000000000         2.00000000000000000000000000000000000        -109.626826670784798597315532524880289      
   1.00000000000000000000000000000000000         2.00000000000000000000000000000000000        -94.8818480158526549425237506126800101      
   1.00000000000000000000000000000000000         2.00000000000000000000000000000000000        -81.7090714607910380024639655823324873      
   1.00000000000000000000000000000000000         2.00000000000000000000000000000020107        -69.9375215021748726785037050883157853      
   1.00000000000000000000000000000000000         2.00000000000000000000000000054596185        -59.4148160621786713669517494176542072      
   1.00000000000000000000000000000000000         2.00000000000000000000000062833217069        -50.0051444709856988189568007352352118      
   1.00000000000000000000000000000000000         2.00000000000000000000033632909410322        -41.5874653417132173858743835621046025      
   1.00000000000000000000000000000000000         2.00000000000000000009099445759998718        -34.0539004247489774978624590548862515      
   1.00000000000000000000000000000000000         2.00000000000000001340307609122108915        -27.3083031289218353493189596412782911      
   1.00000000000000000000000000000000000         2.00000000000000114862983659883462473        -21.2649827146521467796837088267402155      
   1.00000000000000000000000000000000000         2.00000000000006078139714313883341205        -15.8475672299001512580230917676990529      
   1.00000000000000000000000000000000000         2.00000000000209475225394186808075051        -10.9879901007623744384137525734943678      
   1.00000000000000000000000000000000000         2.00000000004932164196932043325068340        -6.62558692937103934555279080580133362      
   1.00000000000000000000000000000000000         2.00000000082813192226718587269202697        -2.70629051389123502273480241348538438      
   1.00000000000000000000000000000000000         2.00000001030266431619971674492836248        0.818086593710865760577708335979992129      
   1.00000000000000000000000000000000000         2.00000009825846597238361212881052490         3.99049153304543199954373241850150075      
   1.00000000000000000000000000000000000         2.00000074030815271263707842245285087         6.84920118928821459625436596957860417      
   1.00000000000000000000000000000000000         2.00000452398878127367518849336961893         9.42833095408207402182107403654897826      
   1.00000000000000000000000000000000000         2.00002294444675506221719989523421602         11.7582907966780621675867621436001068      
   1.00000000000000000000000000000000000         2.00009852906240152935909768054308037         13.8661997708882968715468874096068249      
   1.00000000000000000000000000000000000         2.00036454252071811760609082693032452         15.7762754276712718565517735655529395      
   1.00000000000000000000000000000000000         2.00117992799033850235877176693789049         17.5102216515101735493007480277886796      
   1.00000000000000000000000000000000000         2.00338635498835100437707718750182789         19.0876420856284758983269234150827034      
