   1.00000000000000000000000000000000000         4.00000000000000000000000000000000000        -4608.94218355864686047586690552451745      
   1.00000000000000000000000000000000000         4.00000000000000000000000000000000000        -4107.26694039122732845727871461767153      
   1.00000000000000000000000000000000000         4.00000000000000000000000000000000000        -3660.11710878369846764738507978066331      
   1.00000000000000000000000000000000000         4.00000000000000000000000000000000539        -3261.56310138105074079467899789646934      
   1.00000000000000000000000000000000000         4.00000000000000000000000000001924543        -2906.32016789038590302160990798043501      
   1.00000000000000000000000000000000000         4.00000000000000000000000002753378705        -2589.67826965535580711391365531989725      
   1.00000000000000000000000000000000000         4.00000000000000000000001787488580115        -2307.43958030484396059612230971652303      
   1.00000000000000000000000000000000000         4.00000000000000000000573822018474720        -2055.86278314747021292954760882423875      
   1.00000000000000000000000000000000000         4.00000000000000000098339484642500332        -1831.61342617218656404815109231933270      
   1.00000000000000000000000000000000000         4.00000000000000009632490785154505316        -1631.71967589598452945559840588952315      
   1.00000000000000000000000000000000000         4.00000000000000573097789652833906409        -1453.53288293915551949802774040769955      
   1.00000000000000000000000000000000000         4.00000000000021864760653685257783464        -1294.69243605724684124236618971440868      
   1.00000000000000000000000000000000000         4.00000000000561399913145352980330241        -1153.09443826406976477608848408371406      
   1.00000000000000000000000000000000000         4.00000000010127800757306337540460189        -1026.86378939692666167416543797995859      
   1.00000000000000000000000000000000000         4.00000000133395976317110065945047045        -914.329304676475802748733093143647315      
   1.00000000000000000000000000000000000         4.00000001327430713377049045375627918        -814.001539098174602410100467858046532      
   1.00000000000000000000000000000000000         4.00000010288774808250508415418673831        -724.553023389816965920645565251915264      
   1.00000000000000000000000000000000000         4.00000063826243968379268632923994081        -644.800649240104213264269559145979781      
   1.00000000000000000000000000000000000         4.00000324665792819457815128668210668        -573.689969931877688411527465933737567      
   1.00000000000000000000000000000000000         4.00001383723736330714752560467650320        -510.281207724545825461150656680348234      
   1.00000000000000000000000000000000000         4.00005037237651472302419073682586042        -453.736781651269869221264622515451939      
   1.00000000000000000000000000000000000         4.00015933519296125219731882204058077        -403.310189271576026576724011983574044      
   1.00000000000000000000000000000000000         4.00044467578355122547178619197428800        -358.336093958099127531054349873295440      
   1.00000000000000000000000000000000000         4.00110994724020314148695304061300356        -318.221486109321896681492506921566810      
   1.00000000000000000000000000000000000         4.00250818556685523786369646215516669        -282.437802535731020555181998927348730      
   1.00000000000000000000000000000000077         4.00518696826360426876258407297155995        -250.513902837124406145971782128063229      
   1.00000000000000000000000000000421066         4.00991177246231265679822117784169951        -222.029814103056614969617726911075379      
   1.00000000000000000000000000877563576         4.01765243890093325521684951782592139        -196.611165041922982674685805483767562      
   1.00000000000000000000000810828578258         4.02952567186539780848805407054856361        -173.924237613321421840889359503751100      
   1.00000000000000000000362161742869018         4.04669827693296964491525356539193330        -153.671569124115969850336758693142260      
   1.00000000000000000084487331335225179         4.07026675041541873889065081637813813        -135.588041775887742257826147093029431      
   1.00000000000000011031495588048386943         4.10113499768570225103333983695719394        -119.437401038580371949532117783984538      
   1.00000000000000857640381388387929897         4.13991176336769089962525702863314965        -105.009149725991190165889113715099976      
   1.00000000000041960436973505801515087         4.18684372251014788591238576719204687        -92.1157713288455324118837720055986698      
   1.00000000001357432936882296938536532         4.24179163461199147870564653610152241        -80.5902434604432717118369950850613722      
   1.00000000030347094692506818266345003         4.30424832775616462372921298937107546        -70.2838092974008006238375676389586842      
   1.00000000487689922302349102039651874         4.37339068235454430324606528286818257        -61.0639808204762985091694781114799183      
   1.00000005835183533934316015690280514         4.44815426737121274390376210481457138        -52.8127520187481593612283659049472546      
   1.00000053636009164482767547119712162         4.52731902419931296293845896977398621        -45.4250031095323864460460234227050147      
   1.00000389487875676369406803980869883         4.60959734486011407379200296737841152        -38.8070791171754978304049610227532339      
   1.00002290964458050751112681354849553         4.69372275373710899252202770529741488        -32.8755300923968315185959626382554156      
   1.00011162005378629642509144097481656         4.77855080272038846112426033694077289        -27.5560101704362850752402740280716734      
   1.00045960003607258652093515898339331         4.86320847855513178373773833318099453        -22.7823537500569930261485898292091612      
   1.00162846567834897719907701506346664         4.94736755790947284630726600614907105        -18.4958791897092055444108104943349409      
   1.00504707170131586464758941898449482         5.03176307297197390586038708178614769        -14.6449973807229826690060675808948520      
   1.01388782742173634033914744618461889         5.11910236120135424905809670495478833        -11.1851827210108882090155431968224370      
   1.03439618421947811522850780941296734         5.21547055477528325318680014047559044        -8.07922629482811888916184681963573902      
   1.07765668730111988204701648679968665         5.33220673472931748695223717979213062        -5.29734864966673721010591320604610400      
   1.16172533101740906146269901225914211         5.48802497546438385101207120003063537        -2.81622421189477629641652788984651363      
   1.31411980108161995225967402688118168         5.71097356712042286353467136270160579       -0.615781568249778722245640563959475484      
   1.57483356034296259619109905242562856         6.03977843507000457918233340886922091         1.32602658166095036579941747890366464      
   2.00018358812165010723401337453475877         6.52427106164265578992707288839220174         3.03744847998983860853406034638017154      
   2.66768468300198030063258862114617248         7.22491175997744112022034010392864191         4.55240718579500111861038492578827232      
   3.68160956066966012906576055302337038         8.21172234916370024223708866011836375         5.90554714627038955327479978957002543      
   5.17803251204820676791665054084656596         9.56303852855683855316116691442997579         7.12710460178644079768380224842635206      
   7.32734024047170758073173294438990884         11.3642804053238394103418779693891372         8.24070935664445725067233756041472789      
   10.3319271870254501692146517065200912         13.7065116595197944791736637248624887         9.26390906647265443653076596409101392      
   14.4174105928984445872574797303543453         16.6841694067363424785275482113010415         10.2097693011735518615142061858705373      
   19.8171432589004479866632741138772138         20.3912666607696137337591116476667571         11.0883565281362428463383912007267472      
   26.7516031009060228180832296691491857         24.9157082761219869328897777999944989         11.9077337673946365161667659190041622      
   35.4057464611078910827610762005520928         30.3320010780377931558822974037737749         12.6745479435765016883597769450064226      
   45.9081003487524690621057445304170577         36.6933030281758535038484527014152364         13.3943820201577182591594598000961349      
   58.3150535055124424218679731874185685         44.0241640027978336510626294510532393         14.0719928827088533390327635871536819      
   72.6026726667751427651676838058637046         52.3153117514838800765650239903250494         14.7114911674050759001970436223957565      
   88.6668367460003912712534162736900321         61.5214568746971095740399366358503954         15.3164821211263835400898917470982273      
   106.331002753458511999198161637466885         71.5624880377871552610262102696133424         15.8901733953070749733895290394603695      
   125.359828466753662035572398176843679         82.3278038261834532200361994523231455         16.4354539237287276059394915644933762      
   145.476326542061379459529566925165339         93.6830436669803427265728043763077194         16.9549492180032151396051393626999151      
   166.380189349354968267460658597154516         105.478220623145204466674848553797969         17.4510590739644376064480128572738623      
   187.765270043508987609819524506149021         117.556226807144010510973870378250872         17.9259832386421947976098137883781911      
   209.334760923176249531480889277689226         129.760825575855877231623512308754698         18.3817394742705846197761124710203404      
   230.813217828043179232487122537893323         141.943488492722590378292481731780044         18.8201771868541734174535542494152136      
   251.955126165891837242003945243624196         153.968707607229668960216458068310365         19.2429886742441870194435928812303379      
   272.550127929555724774861055643333944         165.717661720227932402637063610680190         19.6517192074699288508215730000571198      
   292.425310771116736029277796602217817         177.090308697843738729135813166195684         20.0477765860951708635395245381557836      
   311.445110459850649897205569420667490         188.006104468654406031146434113379725         20.4324404509256051930637250887325628      
   329.509423289959444798888093359545879         198.403617164668879747747053986311526         20.8068714335894611864895636156366226      
   346.550496612677432234441902294834020         208.239323813980839141909473762866956         21.1721201191724399393402233530980958      
   362.529092978290995600057395733695669         217.485861560993863237734548060897609         21.5291357556969881618820149784792540      
   377.430330094954957701016057114056562         226.129969304938860443043694324430921         21.8787746359893585006333736371814340      
   391.259501965485747493625988088631715         234.170310084282246455697327546339028         22.2218080864034091763686192450233721      
   404.038096952519048700223406964683507         241.615317550236783535084217893960320         22.5589300128709814677651597901532240      
   415.800151922063506463366386768765768         248.481166585451953899958712999367860         22.8907639722170805356109541190243401      
   426.589020159863189121999770311472871         254.789931261630342648994529499995978         23.2178697527800842616997600435583704      
   436.454584206615127441032569789009928         260.567963880479230209783765562206374         23.5407494619066478350134382163410382      
   445.450911525255967618188326352932286         265.844506658952556711452872064975284         23.8598531285423094863197937794184771      
   453.634328787602936252153171162886876         270.650531907161636657787280358676284         24.1755838370657692423106392363462239      
   461.061877209321206564466831828522408         275.017796217342072375604585739075642         24.4883024140738978777119125292304136      
   467.790104589157394023403629464393447         278.978088087686743098624832834735530         24.7983316934332105735462971239573647      
   473.874147639627429805813390599581505         282.562645478362717112828657191601163         25.1059603869772394582336360412727937      
   479.367059301699631860298772262631033         285.801719120618461373853725464395362         25.4114465891080268832219680133180892      
   484.319338828345608683814903424792237         288.724258228366272070461062272240215         25.7150209435571677996576582040104373      
   488.778626618957680053781548885299255         291.357697018332242041123322980440672         26.0168894999240975711701117098907073      
   492.789530460687380323366866657605914         293.727822702677764919804660493710875         26.3172362865320099602109947706925545      
   496.393554557958685549582386973565147         295.858708074302442533476171265540637         26.6162256247763825474056142513564202      
   499.629107236136945661787108936339653         297.772694255993220501026858520269072         26.9140042086028438771496504043606933      
   502.531567331285483858491718748135163         299.490411501535692576149451941282985         27.2107029711261252693212041540667454      
   505.133392947016276740235642487558087         301.030828046309570267585158365191086         27.5064387587531238408464094443440051      
   507.464259447986775040950306927241308         302.411318872073499268731934461987258         27.8013158315457203227416358221882080      
   509.551216279055484994462401838653385         303.647747867167559996590949622094717         28.0954272069841888984835971509377699      
   511.418854481950173733222011509112005         304.754558237561704299951096123214392         28.3888558627905512545547268986861403      
