   1.00000000000000000000000000000000000         6.00000000000000000000000000000000000        -3649.71093573873135072966476843489600      
   1.00000000000000000000000000000000000         6.00000000000000000000000000000000000        -3252.30709693439802140265109427187083      
   1.00000000000000000000000000000000000         6.00000000000000000000000000000000000        -2898.08925228599286555197722511795909      
   1.00000000000000000000000000000000000         6.00000000000000000000000000000000000        -2582.36096544329714624765439596377052      
   1.00000000000000000000000000000000000         6.00000000000000000000000000000000000        -2300.93653310329299032710383117327633      
   1.00000000000000000000000000000000000         6.00000000000000000000000000000000000        -2050.08544327041620099692356756487552      
   1.00000000000000000000000000000000000         6.00000000000000000000000000000000000        -1826.48287362890099672193435072048386      
   1.00000000000000000000000000000000000         6.00000000000000000000000000000000000        -1627.16557317069311239798257363812531      
   1.00000000000000000000000000000000000         6.00000000000000000000000000000000000        -1449.49254165493841711963436517415768      
   1.00000000000000000000000000000000000         6.00000000000000000000000000000000000        -1291.10998513936421881942767496876202      
   1.00000000000000000000000000000000000         6.00000000000000000000000000000000000        -1149.92008256474645342224211325668556      
   1.00000000000000000000000000000000000         6.00000000000000000000000000000000000        -1024.05314894401494607964181595456526      
   1.00000000000000000000000000000000000         6.00000000000000000000000000000000000        -911.842825778428823576693239677978995      
   1.00000000000000000000000000000000000         6.00000000000000000000000000000000000        -811.803969492718142841141823604907492      
   1.00000000000000000000000000000000000         6.00000000000000000000000000000000000        -722.612944482160262192103155539708608      
   1.00000000000000000000000000000000000         6.00000000000000000000000000000000000        -643.090059272298899656232673248107734      
   1.00000000000000000000000000000000000         6.00000000000000000000000000000000000        -572.183912729816512423362225036410107      
   1.00000000000000000000000000000000000         6.00000000000000000000000000000000000        -508.957442608288957210305435934297364      
   1.00000000000000000000000000000000000         6.00000000000000000000000000000000000        -452.575491301501001283329002057095652      
   1.00000000000000000000000000000000000         6.00000000000000000000000000000000000        -402.293723809423785241967186121365202      
   1.00000000000000000000000000000000000         6.00000000000000000000000000000000000        -357.448750864995806639443275170440493      
   1.00000000000000000000000000000000000         6.00000000000000000000000000000000000        -317.449326161600643567289883715485978      
   1.00000000000000000000000000000000000         6.00000000000000000000000000000000000        -281.768500873798297842770472761442827      
   1.00000000000000000000000000000000096         6.00000000000000000000000000000000000        -249.936631366566895772886165807371721      
   1.00000000000000000000000000000493982         6.00000000000000000000000000000000000        -221.535147309604650041379085289675531      
   1.00000000000000000000000001003353649         6.00000000000000000000000000000000000        -196.190997503355140968909034900212020      
   1.00000000000000000000000894459102442         6.00000000000000000000000000000000000        -173.571699716241790401958098111678373      
   1.00000000000000000000382755378688711         6.00000000000000000000000000000000000        -153.380928847459171830114714973986376      
   1.00000000000000000085142451822347686         6.00000000000000000000000000000000000        -135.354584872921872163675467053374083      
   1.00000000000000010569095044198604498         6.00000000000000000000000000000000000        -119.257288398402622299042299917945208      
   1.00000000000000779855114313664753394         6.00000000000000000000000000000000000        -104.879257317979023312731912402716677      
   1.00000000000036181546763265628868891         6.00000000000000000000000000000000000        -92.0335231329443964559363480880690256      
   1.00000000001109703826710970406482979         6.00000000000000000000000000000000000        -80.5534499934346892889888819628606822      
   1.00000000023527160971056332856749770         6.00000000000000000000000000000000000        -70.2905235421259656473975551483696398      
   1.00000000358837325874523485014302161         6.00000000000000000000000000000000000        -61.1123802214614490856658008832997674      
   1.00000004080375411301051784488462621         6.00000000000000000000000000000000000        -52.9010509147288627208570707047082005      
   1.00000035719698086957477317935160835         6.00000000000000000000000000000000000        -45.5513957539119576523290297676281743      
   1.00000247790291714076530959861656674         6.00000000000000000000000000000000000        -38.9697100395003020612262897514187545      
   1.00001398312505071355150153982872016         6.00000000000000000000000000000000000        -33.0724855909871169164864249732702006      
   1.00006573384968223252192967191197314         6.00000000000000000000000000000000000        -27.7853197674795848492345434734671691      
   1.00026302469367973473537673679604644         6.00000000000000000000000000000000000        -23.0419789084943987610358563517950008      
   1.00091341717786215073175158502938169         6.00000000000000000000000000000000000        -18.7836456253505515764451098421568829      
   1.00280129409498799534081215046989795         6.00000000000000000000000000000000000        -14.9584066511250462910482209757454604      
   1.00770459194692693758872173323389890         6.00000000000000000000000000000000000        -11.5210565628102169629817759670155424      
   1.01926205028404233246373529014251359         6.00000000000000000000000000000000000        -8.43327115634367414317253152619819433      
   1.04429177646688043603640731467936101         6.00000000000000000000000000000000000        -5.66407539720020040964317515064946558      
   1.09463423926933631853992721633977926         6.00000000000000000000000000000000000        -3.19018614514339798825321747848198028      
   1.18955241185149291311312705894455011         6.00000000000000000000000000000000000       -0.995225067775509796582940235822735844      
   1.35866980316394913660218241442864059         6.00000000000000000000000000000000000        0.933521129315432903180485093218008337      
   1.64533907763436609642443720690503386         6.00000000000000000000000000000000000         2.61085124573239664476745215159500607      
   2.11016092221953298539324428727611355         6.00000000000000000000000000000000000         4.05887745489973916770453333028201001      
   2.83408583595536853299652644586527488         6.00000000000000000000000000000000000         5.30753647867333762224247729788453938      
   3.92018970196396475875987622755162003         6.00000000000000000000000000000000000         6.39016399832392900564604392930469456      
   5.49298977721668048746227095487148589         6.00000000000000000000000000000000000         7.33816481912639567925583702391544603      
   7.69427528987201944603062675951620204         6.00000000000000000000000000000000000         8.17801608429042047905227905225125837      
   10.6749806272009282285653118201966445         6.00000000000000000000000000000000000         8.93076368081794529001818960386975288      
   14.5835345492058580194572792319519853         6.00000000000000000000000000000000000         9.61277967413155222059597521430558213      
   19.5520861115591389651732433517928177         6.00000000000000000000000000000000000         10.2368004150927408692470418555738033      
   25.6826875140983990930818084920282930         6.00000000000000000000000000000000000         10.8128296933091813142384413018871477      
   33.0356650472762252246275345388002617         6.00000000000000000000000000000000000         11.3488216639343933732413265391856601      
   41.6219989321619716479211798614085541         6.00000000000000000000000000000000000         11.8511751875363656531252787282707424      
   51.4007243896504662044618862514626075         6.00000000000000000000000000000000000         12.3250909222582612002605470407714095      
   62.2814244740273950795687557142814637         6.00000000000000000000000000000000000         12.7748331271415252999045056259347446      
   74.1310633062415530280845233966950400         6.00000000000000000000000000000000000         13.2039252938998521971052766826420192      
   86.7838698348321603819152619581119933         6.00000000000000000000000000000000000         13.6152989190963648954038109703142026      
   100.052777088109718783277401768149321         6.00000000000000000000000000000000000         14.0114082777713216535502887800871689      
   113.741006981586072516171163506484990         6.00000000000000000000000000000000000         14.3943199833444355738088591332308613      
   127.652671389969834914975279297094070         6.00000000000000000000000000000000000         14.7657835215672544787187056054680299      
   141.601630831010037444420962389351649         6.00000000000000000000000000000000000         15.1272872391353663430826421856784499      
   155.418224459928679762556585026763446         6.00000000000000000000000000000000000         15.4801031019256752235347400161779535      
   168.953800831529648579443266071113684         6.00000000000000000000000000000000000         15.8253227138717709908089852827781363      
   182.083210209317485038915228392834553         6.00000000000000000000000000000000000         16.1638864891251379257880354576904636      
   194.705562218681193021052097100156506         6.00000000000000000000000000000000000         16.4966074272043927432849794097929204      
   206.743618664327802148887869957705583         6.00000000000000000000000000000000000         16.8241906086548373580118131440187435      
   218.142198791426166284195424744218774         6.00000000000000000000000000000000000         17.1472492774195996892870775033255816      
   228.865942800192906180745920973397372         6.00000000000000000000000000000000000         17.4663181847728930827302613165480332      
   238.896726314320714132626688365650911         6.00000000000000000000000000000000000         17.7818647232482740455788791989774858      
   248.230957109947977241494235360383739         6.00000000000000000000000000000000000         18.0942982664689602125063797415808854      
   256.876924907726003109847133630683915         6.00000000000000000000000000000000000         18.4039780439460856829912375331815320      
   264.852320919288174046474804954465798         6.00000000000000000000000000000000000         18.7112198126078701500455558142563450      
   272.181998781019510253052792051078625         6.00000000000000000000000000000000000         19.0163015344332309402381921422246744      
   278.896013180925284751556090975605529         6.00000000000000000000000000000000000         19.3194682285957749723690805581768572      
   285.027946332889556828363733448516364         6.00000000000000000000000000000000000         19.6209361343350627953730058225308694      
   290.613514262800915738899168972479551         6.00000000000000000000000000000000000         19.9208962953551731481648184551084380      
   295.689433173949854995545615225039050         6.00000000000000000000000000000000000         20.2195176563788430495305973378380257      
   300.292519486760698990291975582868074         6.00000000000000000000000000000000000         20.5169497463931066011212226369334678      
   304.458994176973698640658453104094645         6.00000000000000000000000000000000000         20.8133250102166884170521428506859223      
   308.223961653453727226140782875625466         6.00000000000000000000000000000000000         21.1087608396143991669082697562926152      
   311.621034733422023815080112923456280         6.00000000000000000000000000000000000         21.4033613467502922267063593164301700      
   314.682079611478176470246285409589505         6.00000000000000000000000000000000000         21.6972189158996507002431643307658165      
   317.437057584097184175658748620535807         6.00000000000000000000000000000000000         21.9904155637114392874661559208837036      
   319.913943337264087660777435042981117         6.00000000000000000000000000000000000         22.2830241336789781505240149529258680      
   322.138702602020793157295661306003488         6.00000000000000000000000000000000000         22.5751093466422724345587224242163513      
   324.135314789049354836561844392453159         6.00000000000000000000000000000000000         22.8667287259570864159697434947280674      
   325.925828750581590257324496404124103         6.00000000000000000000000000000000000         23.1579334133019971525783212201438180      
   327.530442051712604343121827576138190         6.00000000000000000000000000000000000         23.4487688888587593880141638169957092      
   328.967596058871805069969469442050845         6.00000000000000000000000000000000000         23.7392756077162974364491026877612925      
   330.254080784540976530944754588712502         6.00000000000000000000000000000000000         24.0294895627527118592533074395591625      
   331.405144788715868577833125270175883         6.00000000000000000000000000000000000         24.3194427828930633667630197668312889      
   332.434606558677078960856032752874668         6.00000000000000000000000000000000000         24.6091637744830814554708251595075826      
   333.354964700498221470891199904133423         6.00000000000000000000000000000000000         24.8986779125275820492121372795043300      
