   5.00000000000000000000000000000000000         4.00000000000000000000000000000000000        -11355.1371119330240588730966137278490      
   5.00000000000000000000000000000000000         4.00000000000000000000000000000000000        -11355.1371119330240588730966137278490      
   5.00000000000000000000000000000000000         4.00000000000000000000000000000000000        -11355.1371119330240588730966137278490      
   5.00000000000000000000000000000000000         4.00000000000000000000000000000000000        -11355.1371119330240588730966137278490      
   5.00000000000000000000000000000000000         4.00000000000000000000000000000000000        -11355.1371119330240588730966137278490      
   5.00000000000000000000000000000000000         4.00000000000000000000000000000000000        -11355.1371119330240588730966137278490      
   5.00000000000000000000000000000000000         4.00000000000000000000000000000000000        -11355.1371119330240588730966137278490      
   5.00000000000000000000000000000000000         4.00000000000000000000000000000000000        -11355.1371119330240588730966137278490      
   5.00000000000000000000000000000000000         4.00000000000000000000000000000000000        -11355.1371119330240588730966137278490      
   5.00000000000000000000000000000000000         4.00000000000000000000000000000000000        -11355.1371119330240588730966137278490      
   5.00000000000000000000000000000000000         4.00000000000000000000000000000000000        -11355.1371119330240588730966137278490      
   5.00000000000000000000000000000000000         4.00000000000000000000000000000000000        -11355.1371119330240588730966137278490      
   5.00000000000000000000000000000000000         4.00000000000000000000000000000000000        -11355.1371119330240588730966137278490      
   5.00000000000000000000000000000000000         4.00000000000000000000000000000000000        -11355.1371119330240588730966137278490      
   5.00000000000000000000000000000000000         4.00000000000000000000000000000000000        -11355.1371119330240588730966137278490      
   5.00000000000000000000000000000000000         4.00000000000000000000000000000000000        -11355.1371119330240588730966137278490      
   5.00000000000000000000000000000000000         4.00000000000000000000000000000000000        -11355.1371119330240588730966137278490      
   5.00000000000000000000000000000000000         4.00000000000000000000000000000000000        -11355.1371119330240588730966137278490      
   5.00000000000000000000000000000000000         4.00000000000000000000000000000000000        -11355.1371119330240588730966137278490      
   5.00000000000000000000000000000000000         4.00000000000000000000000000000000000        -11355.1371119330240588730966137278490      
   5.00000000000000000000000000000000000         4.00000000000000000000000000000000000        -11355.1371119330240588730966137278490      
   5.00000000000000000000000000000000000         4.00000000000000000000000000000000000        -10240.6321339136400625940441702646951      
   5.00000000000000000000000000000000000         4.00000000000000000000000000000000000        -9126.03360636869389865906082387167611      
   5.00000000000000000000000000000000000         4.00000000000000000000000000000000000        -8132.61532255567793154402703085647285      
   5.00000000000000000000000000000000000         4.00000000000000000000000000000000000        -7247.19904465202068881307177504278592      
   5.00000000000000000000000000000000000         4.00000000000000000000000000000000000        -6458.03965583540573768425594582519998      
   5.00000000000000000000000000000000000         4.00000000000000000000000000000000000        -5754.66930971945312123410047830632368      
   5.00000000000000000000000000000000000         4.00000000000000000000000000000000000        -5127.75852839206176476774094067620747      
   5.00000000000000000000000000000000000         4.00000000000000000000000000000000000        -4568.99240591177352794503156417692121      
   5.00000000000000000000000000000000000         4.00000000000000000000000000000000000        -4070.96027455776998859843122229992621      
   5.00000000000000000000000000000000000         4.00000000000000000000000000000000000        -3627.05736977167426216181163696785847      
   5.00000000000000000000000000000000000         4.00000000000000000000000000000000000        -3231.39718894468043677201763107121383      
   5.00000000000000000000000000000000000         4.00000000000000000000000000000000000        -2878.73338110436350301008172189347862      
   5.00000000000000000000000000000000000         4.00000000000000000000000000000000000        -2564.39013102477078310556331551868953      
   5.00000000000000000000000000000000000         4.00000000000000000000000000000000000        -2284.20011399923190166658762844562982      
   5.00000000000000000000000000000000000         4.00000000000000000000000000000000000        -2034.44919797341895071695382976006678      
   5.00000000000000000000000000000000000         4.00000000000000000000000000000000000        -1811.82715926955956675337333293792263      
   5.00000000000000000000000000000000000         4.00000000000000000000000000000000000        -1613.38375792940659343301622593299681      
   5.00000000000000000000000000000000000         4.00000000000000000000000000000000000        -1436.48958982245259042279809690636602      
   5.00000000000000000000000000000000000         4.00000000000000000000000000000000000        -1278.80119605065005606098282082478484      
   5.00000000000000000000000000000000000         4.00000000000000000000000000000000000        -1138.22996667263628097074882634752348      
   5.00000000000000000000000000000000000         4.00000000000000000000000000000000000        -1012.91442611877628317830960574554805      
   5.00000000000000000000000000000000000         4.00000000000000000000000000000000000        -901.195532541319836645359247067596885      
   5.00000000000000000000000000000000000         4.00000000000000000000000000000000000        -801.594663337056409794403843727424020      
   5.00000000000000000000000000000000000         4.00000000000000000000000000000000000        -712.793994723728855381856294107403241      
   5.00000000000000000000000000000000000         4.00000000000000000000000000000000000        -633.619015019105530129522687146992619      
   5.00000000000000000000000000000000000         4.00000000000000000000000000000000000        -563.022939584548438345055116356451996      
   5.00000000000000000000000000000000000         4.00000000000000000000000000000000000        -500.072820628847472558967138554789778      
   5.00000000000000000000000000000000000         4.00000000000000000000000000000000000        -443.937167557856818737244176866208830      
   5.00000000000000000000000000000000000         4.00000000000000000000000000000000000        -393.874913599494634663132118639857253      
   5.00000000000000000000000000000000000         4.00000000000000000000000000000000000        -349.225582297923231880018136067998492      
   5.00000000000000000000000000000000000         4.00000000000000000000000000000000000        -309.400523392262019201586711439681410      
   5.00000000000000000000000000000000000         4.00000000000000000000000000000000000        -273.875101785268495685941096483256522      
   5.00000000000000000000000000000000000         4.00000000000000000000000000000000000        -242.181735954347393556037231807125625      
   5.00000000000000000000000000000000000         4.00000000000000000000000000000000000        -213.903693428831675272687639061167667      
   5.00000000000000000000000000000000000         4.00000000000000000000000000000000000        -188.669561003288550038272235153959346      
   5.00000000000000000000000000000000000         4.00000000000000000000000000000000000        -166.148316309940781502462161433092638      
   5.00000000000000000000000000000000000         4.00000000000000000000000000000000000        -146.044935352963654030974426693948413      
   5.00000000000000000000000000000000000         4.00000000000000000000000000000000000        -128.096477719306423590500589752633343      
   5.00000000000000000000000000000000000         4.00000000000000000000000000000000000        -112.068597519164340014867038105823222      
   5.00000000000000000000000000000000000         4.00000000000000000000000000000000000        -97.7524337584011323663916146194450765      
   5.00000000000000000000000000000000000         4.00000000000000000000000000000000000        -84.9618388800533024476956685205955777      
   5.00000000000000000000000000000000000         4.00000000000000000000000000000000000        -73.5309086993458276549486086141484540      
   5.00000000000000000000000000000000000         4.00000000000000000000000000000000000        -63.3117809559576548304010442414791652      
   5.00000000000000000000000000000000000         4.00000000000000000000000000000000000        -54.1726732716630692496942652408251011      
   5.00000000000000000000000000000000000         4.00000000000000000000000000000000000        -45.9961344782389065850088805061320576      
   5.00000000000000000000000000000000000         4.00000000000000000000000000000000000        -38.6774861118213672671100993884259967      
   5.00000000000000000000000000000000000         4.00000000000000000000000000000000000        -32.1234333932894405490492775696077924      
   5.00000000000000000000000000000000000         4.00000000000000000000000000000000000        -26.2508272632285450274249573620976941      
   5.00000000000000000000000000000000000         4.00000000000000000000000000000000000        -20.9855610444304964805617275008105495      
   5.00000000000000000000000000000000000         4.00000000000000000000000000000000000        -16.2615870913115260627983052049726847      
   5.00000000000000000000000000000000000         4.00000000000000000000000000000000000        -12.0200403777835746555031387034889832      
   5.00000000000000000000000000000000000         4.00000000000000000000000000000000000        -8.20845739412239216448655316919451123      
   5.00000000000000000000000000000000000         4.00000000000000000000000000000000000        -4.78007998806845181204414266292942440      
   5.00000000000000000000000000000000000         4.00000000000000000000000000000000000        -1.69323491255504984425715934968164215      
   5.00000000000000000000000000000000000         4.00000000000000000000000000000000000         1.08921915296109281863640507969118207      
   5.00000000000000000000000000000000000         4.00000000000000000000000000000000000         3.60038444525769981166943649042984806      
   5.00000000000000000000000000000000000         4.00000000000000000000000000000000000         5.86976336391724269827023400299625613      
   5.00000000000000000000000000000000000         4.00000000000000000000000000000000000         7.92364995024479588176964173577975682      
   5.00000000000000000000000000000000000         4.00000000000000000000000000000000000         9.78547879322083437878502093911276100      
   5.00000000000000000000000000000000000         4.00000000000000000000000000000000000         11.4761359922589852830845873264025633      
   5.00000000000000000000000000000000000         4.00000000000000000000000000000000000         13.0142363030555984144062059749394868      
   5.00000000000000000000000000000000000         4.00000000000000000000000000000000000         14.4163701440881760331329360042362267      
   5.00000000000000000000000000000000000         4.00000000000000000000000000000000000         15.6973237413888234550397164801551301      
   5.00000000000000000000000000000000000         4.00000000000000000000000000000000000         16.8702753327801121525624184188725252      
   5.00000000000000000000000000000000000         4.00000000000000000000000000000000000         17.9469700350843585584829809309938238      
   5.00000000000000000000000000000000000         4.00000000000000000000000000000000000         18.9378756946879426297248830814164088      
   5.00000000000000000000000000000000000         4.00000000000000000000000000000000000         19.8523217895029654409829893019502413      
   5.00000000000000000000000000000000000         4.00000000000000000000000000000000000         20.6986232254708851325974453613532331      
   5.00000000000000000000000000000000000         4.00000000000000000000000000000000000         21.4841906703125201267357923861339353      
   5.00000000000000000000000000000000000         4.00000000000000000000000000000000000         22.2156288885862473079641586543697148      
   5.00000000000000000000000000000000000         4.00000000000000000000000000000000000         22.8988243829008725881456993431700664      
   5.00000000000000000000000000000000000         4.00000000000000000000000000000000000         23.5390235042288209766993819352515218      
   5.00000000000000000000000000000000000         4.00000000000000000000000000000000000         24.1409020677960451513956470245300128      
   5.00000000000000000000000000000000000         4.00000000000000000000000000000000000         24.7086273983092154876263693945067830      
   5.00000000000000000000000000000000000         4.00000000000000000000000000000000000         25.2459136278226598933677498760960565      
   5.00000000000000000000000000000000000         4.00000000000000000000000000000000000         25.7560709800141507321230770558219150      
   5.00000000000000000000000000000000000         4.00000000000000000000000000000000000         26.2420496948419351602351808457305504      
   5.00000000000000000000000000000000000         4.00000000000000000000000000000000000         26.7064791764365206180371456576608873      
   5.00000000000000000000000000000000000         4.00000000000000000000000000000000000         27.1517028836959546071907076166461766      
   5.00000000000000000000000000000000000         4.00000000000000000000000000000000000         27.5798094265615998370726882940271490      
