   2.00000000000000000000000000000000000         1.00000000000000000000000000000000000        -11355.1371119330240588730966137278490      
   2.00000000000000000000000000000000000         1.00000000000000000000000000000000000        -11355.1371119330240588730966137278490      
   2.00000000000000000000000000000000000         1.00000000000000000000000000000000000        -11355.1371119330240588730966137278490      
   2.00000000000000000000000000000000000         1.00000000000000000000000000000000000        -11355.1371119330240588730966137278490      
   2.00000000000000000000000000000000000         1.00000000000000000000000000000000000        -11355.1371119330240588730966137278490      
   2.00000000000000000000000000000000000         1.00000000000000000000000000000000000        -11355.1371119330240588730966137278490      
   2.00000000000000000000000000000000000         1.00000000000000000000000000000000000        -11355.1371119330240588730966137278490      
   2.00000000000000000000000000000000000         1.00000000000000000000000000000000000        -11355.1371119330240588730966137278490      
   2.00000000000000000000000000000000000         1.00000000000000000000000000000000000        -11355.1371119330240588730966137278490      
   2.00000000000000000000000000000000000         1.00000000000000000000000000000000000        -11355.1371119330240588730966137278490      
   2.00000000000000000000000000000000000         1.00000000000000000000000000000000000        -11355.1371119330240588730966137278490      
   2.00000000000000000000000000000000000         1.00000000000000000000000000000000000        -11355.1371119330240588730966137278490      
   2.00000000000000000000000000000000000         1.00000000000000000000000000000000000        -11355.1371119330240588730966137278490      
   2.00000000000000000000000000000000000         1.00000000000000000000000000000000000        -11355.1371119330240588730966137278490      
   2.00000000000000000000000000000000000         1.00000000000000000000000000000000000        -11355.1371119330240588730966137278490      
   2.00000000000000000000000000000000000         1.00000000000000000000000000000000000        -11355.1371119330240588730966137278490      
   2.00000000000000000000000000000000000         1.00000000000000000000000000000000000        -11355.1371119330240588730966137278490      
   2.00000000000000000000000000000000000         1.00000000000000000000000000000000000        -11355.1371119330240588730966137278490      
   2.00000000000000000000000000000000000         1.00000000000000000000000000000000000        -11355.1371119330240588730966137278490      
   2.00000000000000000000000000000000000         1.00000000000000000000000000000000000        -11355.1371119330240588730966137278490      
   2.00000000000000000000000000000000000         1.00000000000000000000000000000000000        -10225.9115462098213079397615502133483      
   2.00000000000000000000000000000000000         1.00000000000000000000000000000000000        -9112.99628171763085380928203924301242      
   2.00000000000000000000000000000000000         1.00000000000000000000000000000000000        -8121.07820767950928545140938611656283      
   2.00000000000000000000000000000000000         1.00000000000000000000000000000000000        -7236.99899314512409081510411568666981      
   2.00000000000000000000000000000000000         1.00000000000000000000000000000000000        -6449.03126331071711917673037784582231      
   2.00000000000000000000000000000000000         1.00000000000000000000000000000000000        -5746.72298438059286882061497462694311      
   2.00000000000000000000000000000000000         1.00000000000000000000000000000000000        -5120.75877142893211068119046209493759      
   2.00000000000000000000000000000000000         1.00000000000000000000000000000000000        -4562.83627890152150534171209955025911      
   2.00000000000000000000000000000000000         1.00000000000000000000000000000000000        -4065.55603353445788258889166505769149      
   2.00000000000000000000000000000000000         1.00000000000000000000000000000000000        -3622.32324783959197395590778244493622      
   2.00000000000000000000000000000000000         1.00000000000000000000000000000000000        -3227.26031128131805669016142397309574      
   2.00000000000000000000000000000000000         1.00000000000000000000000000000000000        -2875.12879795579274385428820188153561      
   2.00000000000000000000000000000000000         1.00000000000000000000000000000000000        -2561.25995586187150298663553220756540      
   2.00000000000000000000000000000000000         1.00000000000000000000000000000000000        -2281.49275539862046774657138830267787      
   2.00000000000000000000000000000000000         1.00000000000000000000000000000000000        -2032.11867503060504497291337662094373      
   2.00000000000000000000000000000000000         1.00000000000000000000000000000000000        -1809.83249146027995509501008774882586      
   2.00000000000000000000000000000000000         1.00000000000000000000000000000000000        -1611.68842132296645575650266094006860      
   2.00000000000000000000000000000000000         1.00000000000000000000000000000000000        -1435.06103243135583640638992128100365      
   2.00000000000000000000000000000000000         1.00000000000000000000000000000000000        -1277.61040588550267725127402200246136      
   2.00000000000000000000000000000000000         1.00000000000000000000000000000000000        -1137.25108677067374105816487070629420      
   2.00000000000000000000000000000000000         1.00000000000000000000000000000000000        -1012.12441143767739985061921110710091      
   2.00000000000000000000000000000000000         1.00000000000000000000000000000000000        -900.573844165496524298119235971413662      
   2.00000000000000000000000000000000000         1.00000000000000000000000000000000000        -801.122995938722537322879946620119043      
   2.00000000000000000000000000000000000         1.00000000000000000000000000000000000        -712.456033662322187719797395538477083      
   2.00000000000000000000000000000000000         1.00000000000000000000000000000000000        -633.400219855919660416507997715740385      
   2.00000000000000000000000000000000000         1.00000000000000000000000000000000000        -562.910351139945405241444433355200398      
   2.00000000000000000000000000000000000         1.00000000000000000000000000000000000        -500.054889021817499288049958063347100      
   2.00000000000000000000000000000000000         1.00000000000000000000000000000000000        -444.003598946114608614650097770228487      
   2.00000000000000000000000000000000000         1.00000000000000000000000000000000000        -394.016533586446416199916030282319254      
   2.00000000000000000000000000000000000         1.00000000000000000000000000000000000        -349.434214193997995197165617982391760      
   2.00000000000000000000000000000000000         1.00000000000000000000000000000000000        -309.668879715208773331138958096555754      
   2.00000000000000000000000000000000000         1.00000000000000000000000000000000000        -274.196687559694411908099611848747142      
   2.00000000000000000000000000000000000         1.00000000000000000000000000000000000        -242.550762527340457681882320842698715      
   2.00000000000000000000000000000000000         1.00000000000000000000000000000000000        -214.315001658053524018423882413557979      
   2.00000000000000000000000000000000000         1.00000000000000000000000000000000000        -189.118552798290151601606057206732549      
   2.00000000000000000000000000000000000         1.00000000000000000000000000000000000        -166.630893618295812474363704280868784      
   2.00000000000000000000000000000000000         1.00000000000000000000000000000000000        -146.557445781602632401060937561340789      
   2.00000000000000000000000000000000000         1.00000000000000000000000000000000000        -128.635666069479740326597639556782598      
   2.00000000000000000000000000000000000         1.00000000000000000000000000000000000        -112.631562591932594271634025590276379      
   2.00000000000000000000000000000000000         1.00000000000000000000000000000000000        -98.3365898574878705128710864220076931      
   2.00000000000000000000000000000000000         1.00000000000000000000000000000000000        -85.5648815012264062526644964234363298      
   2.00000000000000000000000000000000000         1.00000000000000000000000000000000000        -74.1507839510464885579624748712156296      
   2.00000000000000000000000000000000000         1.00000000000000000000000000000000000        -63.9466583054072597209865218974341703      
   2.00000000000000000000000000000000000         1.00000000000000000000000000000000000        -54.8209212548053946212262427506179819      
   2.00000000000000000000000000000000000         1.00000000000000000000000000000000000        -46.6562990512033117514452789296923283      
   2.00000000000000000000000000000000000         1.00000000000000000000000000000000000        -39.3482713566440560944868984549863435      
   2.00000000000000000000000000000000000         1.00000000000000000000000000000000000        -32.8036843218694353596954268871490126      
   2.00000000000000000000000000000000000         1.00000000000000000000000000000000000        -26.9395144913373161529034168191851608      
   2.00000000000000000000000000000000000         1.00000000000000000000000000000000000        -21.6817671324086667719779860317422506      
   2.00000000000000000000000000000000000         1.00000000000000000000000000000000000        -16.9644943702019945322509207630975093      
   2.00000000000000000000000000000000000         1.00000000000000000000000000000000000        -12.7289200993612422061962307358619164      
   2.00000000000000000000000000000000000         1.00000000000000000000000000000000000        -8.92266006084797592444027207242906611      
   2.00000000000000000000000000000000000         1.00000000000000000000000000000000000        -5.49902673465075036236651893317223664      
   2.00000000000000000000000000000000000         1.00000000000000000000000000000000000        -2.41640982476022685656865105160616769      
   2.00000000000000000000000000000000000         1.00000000000000000000000000000000000        0.362275884177940524565155507728361338      
   2.00000000000000000000000000000000000         1.00000000000000000000000000000000000         2.87008262513920457674141483896673118      
   2.00000000000000000000000000000000000         1.00000000000000000000000000000000000         5.13646823177035272352371554957152375      
   2.00000000000000000000000000000000000         1.00000000000000000000000000000000000         7.18768702594447207042206938867932969      
   2.00000000000000000000000000000000000         1.00000000000000000000000000000000000         9.04713819666101681537045482398194524      
   2.00000000000000000000000000000000000         1.00000000000000000000000000000000000         10.7356762930673193306987727794608063      
   2.00000000000000000000000000000000000         1.00000000000000000000000000000000000         12.2718879516552958961714558179699310      
   2.00000000000000000000000000000000000         1.00000000000000000000000000000000000         13.6723385296351178050936820118439755      
   2.00000000000000000000000000000000000         1.00000000000000000000000000000000000         14.9517919171608708282433013478741435      
   2.00000000000000000000000000000000000         1.00000000000000000000000000000000000         16.1234064451828874776713533012077393      
   2.00000000000000000000000000000000000         1.00000000000000000000000000000000000         17.1989094885049259041014737219522958      
   2.00000000000000000000000000000000000         1.00000000000000000000000000000000000         18.1887530809226816092493358080748873      
   2.00000000000000000000000000000000000         1.00000000000000000000000000000000000         19.1022526073619738221805070035105999      
   2.00000000000000000000000000000000000         1.00000000000000000000000000000000000         19.9477104133770158823117320489589963      
   2.00000000000000000000000000000000000         1.00000000000000000000000000000000000         20.7325259722317109598562991663552677      
   2.00000000000000000000000000000000000         1.00000000000000000000000000000000000         21.4632940714142083232810297318717333      
   2.00000000000000000000000000000000000         1.00000000000000000000000000000000000         22.1458923214601136953385227732472831      
   2.00000000000000000000000000000000000         1.00000000000000000000000000000000000         22.7855591482732704629661426782425530      
   2.00000000000000000000000000000000000         1.00000000000000000000000000000000000         23.3869633038548231586255420308202404      
   2.00000000000000000000000000000000000         1.00000000000000000000000000000000000         23.9542658178057056486573528576288330      
   2.00000000000000000000000000000000000         1.00000000000000000000000000000000000         24.4911752116613525262227575522142751      
   2.00000000000000000000000000000000000         1.00000000000000000000000000000000000         25.0009967087193090708924075239901013      
   2.00000000000000000000000000000000000         1.00000000000000000000000000000000000         25.4866760923442540250226616337025771      
   2.00000000000000000000000000000000000         1.00000000000000000000000000000000000         25.9508387947234960991645210562653479      
   2.00000000000000000000000000000000000         1.00000000000000000000000000000000000         26.3958247347569807131113836384475970      
   2.00000000000000000000000000000000000         1.00000000000000000000000000000000000         26.8237193673594411040962394726474724      
   2.00000000000000000000000000000000000         1.00000000000000000000000000000000000         27.2363813561800689000955318151503762      
