   1.00000000000000000000000000000000000         2.00000000000000000000000000000000000        -11355.1371119330240588730966137278490      
   1.00000000000000000000000000000000000         2.00000000000000000000000000000000000        -11355.1371119330240588730966137278490      
   1.00000000000000000000000000000000000         2.00000000000000000000000000000000000        -11355.1371119330240588730966137278490      
   1.00000000000000000000000000000000000         2.00000000000000000000000000000000000        -11355.1371119330240588730966137278490      
   1.00000000000000000000000000000000000         2.00000000000000000000000000000000000        -11355.1371119330240588730966137278490      
   1.00000000000000000000000000000000000         2.00000000000000000000000000000000000        -11355.1371119330240588730966137278490      
   1.00000000000000000000000000000000000         2.00000000000000000000000000000000000        -11355.1371119330240588730966137278490      
   1.00000000000000000000000000000000000         2.00000000000000000000000000000000000        -11355.1371119330240588730966137278490      
   1.00000000000000000000000000000000000         2.00000000000000000000000000000000000        -11355.1371119330240588730966137278490      
   1.00000000000000000000000000000000000         2.00000000000000000000000000000000000        -11355.1371119330240588730966137278490      
   1.00000000000000000000000000000000000         2.00000000000000000000000000000000000        -11355.1371119330240588730966137278490      
   1.00000000000000000000000000000000000         2.00000000000000000000000000000000000        -11355.1371119330240588730966137278490      
   1.00000000000000000000000000000000000         2.00000000000000000000000000000000000        -11355.1371119330240588730966137278490      
   1.00000000000000000000000000000000000         2.00000000000000000000000000000000000        -11355.1371119330240588730966137278490      
   1.00000000000000000000000000000000000         2.00000000000000000000000000000000000        -11355.1371119330240588730966137278490      
   1.00000000000000000000000000000000000         2.00000000000000000000000000000000000        -11355.1371119330240588730966137278490      
   1.00000000000000000000000000000000000         2.00000000000000000000000000000000000        -11355.1371119330240588730966137278490      
   1.00000000000000000000000000000000000         2.00000000000000000000000000000000000        -11355.1371119330240588730966137278490      
   1.00000000000000000000000000000000000         2.00000000000000000000000000000000000        -11355.1371119330240588730966137278490      
   1.00000000000000000000000000000000000         2.00000000000000000000000000000000000        -11355.1371119330240588730966137278490      
   1.00000000000000000000000000000000000         2.00000000000000000000000000000000000        -11355.1371119330240588730966137278490      
   1.00000000000000000000000000000000000         2.00000000000000000000000000000000000        -11355.1371119330240588730966137278490      
   1.00000000000000000000000000000000000         2.00000000000000000000000000000000000        -11355.1371119330240588730966137278490      
   1.00000000000000000000000000000000000         2.00000000000000000000000000000000000        -11355.1371119330240588730966137278490      
   1.00000000000000000000000000000000000         2.00000000000000000000000000000000000        -11355.1371119330240588730966137278490      
   1.00000000000000000000000000000000000         2.00000000000000000000000000000000000        -11355.1371119330240588730966137278490      
   1.00000000000000000000000000000000000         2.00000000000000000000000000000000000        -11355.1371119330240588730966137278490      
   1.00000000000000000000000000000000000         2.00000000000000000000000000000000000        -11355.1371119330240588730966137278490      
   1.00000000000000000000000000000000000         2.00000000000000000000000000000000000        -11355.1371119330240588730966137278490      
   1.00000000000000000000000000000000000         2.00000000000000000000000000000000000        -11355.1371119330240588730966137278490      
   1.00000000000000000000000000000000000         2.00000000000000000000000000000000000        -11355.1371119330240588730966137278490      
   1.00000000000000000000000000000000000         2.00000000000000000000000000000000000        -10721.6024924603771539028002249875959      
   1.00000000000000000000000000000000000         2.00000000000000000000000000000000000        -9554.28623891959631957684886571069059      
   1.00000000000000000000000000000000000         2.00000000000000000000000000000000000        -8513.88323235651495818170832240339718      
   1.00000000000000000000000000000000000         2.00000000000000000000000000000000000        -7586.59177622390799659336071257802808      
   1.00000000000000000000000000000005200         2.00000000000000000000000000000000000        -6760.11109552622381187394590045880650      
   1.00000000000000000000000000013142430         2.00000000000000000000000000000002966        -6023.47811300890490058205972443403011      
   1.00000000000000000000000014149685159         2.00000000000000000000000000008554249        -5366.92197578399416042328483250976479      
   1.00000000000000000000007130044511062         2.00000000000000000000000010405617990        -4781.73440204873300717636619317193859      
   1.00000000000000000001826368315940789         2.00000000000000000000005845925668812        -4260.15412747687982790188525856714691      
   1.00000000000000000255998606640135438         2.00000000000000000001649771761807201        -3795.26391795656781264501415533607737      
   1.00000000000000020970810897880407349         2.00000000000000000252056087832715985        -3380.89878209630492115896503105844424      
   1.00000000000001064822470901672094127         2.00000000000000022287152852061668677        -3011.56416553483741705352014212955368      
   1.00000000000035328721443475700590051         2.00000000000001210391041772180391296        -2682.36304154307135223728375819202588      
   1.00000000000803046226954849840236210         2.00000000000042572700975110193933088        -2388.93093045464224358745971294670908      
   1.00000000013050291069600935658847574         2.00000000001016689433585385853852410        -2127.37798567253401965326656174889508      
   1.00000000157544061248409752954636256         2.00000000017194240544838253266217439        -1894.23737776900426881941284108738225      
   1.00000001462128150631889235988410442         2.00000000213802444415539847632689372        -1686.41929177266744909941607416238498      
   1.00000010755209798725564228867394342         2.00000002021167865475964766210403246        -1501.16992724432456545588183748240077      
   1.00000064411512856458139947021359329         2.00000014965720727728614987076062766        -1336.03495722073695342960362156132324      
   1.00000321490833429181182002828237375         2.00000089132501601004428619313300732        -1188.82696155186179223300405034719845      
   1.00001364535852249442375982298327832         2.00000437220709025232531989612539594        -1057.59640354430922118742389468461399      
   1.00005010979375142956770422446657817         2.00001804081787729372759515466445601        -940.605766996275080435984141352640622      
   1.00016159933566233479009916552306746         2.00006380733961226396422585343309344        -836.306514111954072830509851927205569      
   1.00046359200792570225390579325911087         2.00019670878218485007997450992159725        -743.318563127640279387744763127338941      
   1.00119654601603862669320887656230772         2.00053654193311022585231996680825829        -660.412016695619345742209993636791621      
   1.00280670847371473286699166790752483         2.00131217854398567065273373903960932        -586.490896928071117599834957123503179      
   1.00603784980493156908787449921946344         2.00291169061612571267310506956998882        -520.578660388173311274252349917267156      
   1.01201065180768117252095035479046001         2.00592452839731481649531174345023195        -461.805278494219774799368709517648377      
   1.02225987965841052397311737013755881         2.01115866754888275498433958733814806        -409.395680920993548415024080724628739      
   1.03870348603955098681325489500320526         2.01961866629071086280363072620640378        -362.659378981541691659150074901652444      
   1.06353317697480405146229966176956731         2.03243973291853576238952663757458729        -320.981119640578414246753921676392948      
   1.09903781010043900791398893147027481         2.05078495498937075914946397116178790        -283.812469974761680607405186541463812      
   1.14739118311406936125535759336565945         2.07572338033721969862640166406754444        -250.664285417398206863913187628838390      
   1.21044743119320488011296063418735408         2.10811248866273224943495300155773471        -221.100049443731520380532479465839353      
   1.28958827780613319379631863248512216         2.14850908204254249245909842284758165        -194.730065917001814282490842848228561      
   1.38565952860418758389783259913179257         2.19712897786363648744582482992705133        -171.206440174189103426970169450619669      
   1.49902362926908257791068047973526540         2.25386930968575038179654589876160749        -150.218731578109881871830564728492691      
   1.62974217088878289234404003614883357         2.31839752976763322996260443200510976        -131.490134341848804957749953520909411      
   1.77788428306292835658722144228776097         2.39029759055010703930821063523481252        -114.774057050764667796485037133333146      
   1.94393085445232595938344190026779335         2.46924752100732619903347532002848402        -99.8510089415028198186413434022275525      
   2.12921282313341223417743057274773937         2.55518864705998990729259037553974806        -86.5257390583600211801118870623271505      
   2.33629490531781943525993058685252252         2.64844195782675491965404156840008484        -74.6246001023413459265210260440638090      
   2.56920850690854147847804085260313047         2.74973616335784376403679050657573425        -63.9931232684195461202632583809082615      
   2.83345807427534355466497618463247283         2.86013346305178712005884199702120194        -54.4938005017345174955809578816028528      
   3.13576982260180032578400489014657889         2.98086573080193844222177723395684258        -46.0040801079425087953200809326728639      
   3.48360516731160457610115151887818642         3.11311628870668812986194300999294644        -38.4145879267065182988428299219742932      
   3.88450547925202099381781890921987580         3.25779359096394955873578405819519994        -31.6275837029330908415534711177802664      
   4.34535930701811122556398301461206051         3.41534092781317578606235966536910631        -25.5556486571976285758162881340309674      
   4.87168734284271832508756223663529925         3.58561353108893302265259339488805200        -20.1205806333128237760171481456785370      
   5.46702979412933652159925283859636183         3.76783676394253616056294190513428264        -15.2524573121917740415855309282885168      
   6.13250171881444810195607559614579954         3.96064204028690205652406147690474079        -10.8888232466441574983306107944342908      
   6.86655822116363547485137983250866704         4.16216469895136208964950338258650796        -6.97396323656229062125606771934172793      
   7.66498530168097776845366616545744189         4.37018212017735663454571345030048994        -3.45823730807197032944974079954703508      
   8.52110573794563870085602463487801147         4.58227149635682272714192799268659775       -0.297464659320967813594121945850233977      
   9.42616571001663536129065687764321853         4.79597547605656140283701271608181301         2.54764868783654903985320032609685891      
   10.3698504090226696402573327735219410         5.00898174200807147450603760801007838         5.11204200940730979164788142169706739      
   11.3408680829096811482319104336497314         5.21935050700047488989181870699776205         7.42679784651183310853015195179440698      
   12.3275424814094615523189681183115111         5.42585994114879666037284583821088577         9.51961668975933153204813666346523253      
   13.3183620613084191222197618314355260         5.62857508374424559315493834133643030         11.4152835112522037158039686217496964      
   14.3024478430132946062199290884769518         5.82976174011634172565661648966328314         13.1361411989077447528546587523636329      
   15.2699173007601854116434860204307240         6.03523262633296081807522950585061222         14.7025760365591748208476160973652548      
   16.2121363654832655015791593905120544         6.25609742236710477041879591029966978         16.1334943626242447111507988558766982      
   17.1218636494759459487899230388840626         6.51068794007950452422744367489740901         17.4467251292242158916578682846841993      
   17.9932994804780193863287164012976231         6.82619837226829183117744593513086361         18.6592314704958968201111587522801715      
   18.8220572042904931283374190419090290         7.23942768407593679389197570266593653         19.7869917073076367152936983369000160      
   19.6050759773738924164350155955899039         7.79604875863460935957442859207885198         20.8444758116524508615690604964844059      
   20.3404936931929129477124825937457467         8.54809855583795540080021780037794731         21.8438339422948114267446078541201755      
   21.0274965855144790284652991944802833         9.54981678610755485226614001436047657         22.7941526519278698752000713111839844      
   21.6661591514292266777433586973975493         10.8524056790258860795556549491002207         23.7012124326581438072184992460526581      
   22.2572848970326473726268409396815880         12.4985807609386776401152343886733929         24.5679484684697777249937739985478140      
