   1.00000000000000000000000000000000000         4.00000000000000000000000000000000000        -11355.1371119330240588730966137278490      
   1.00000000000000000000000000000000000         4.00000000000000000000000000000000000        -11355.1371119330240588730966137278490      
   1.00000000000000000000000000000000000         4.00000000000000000000000000000000000        -11355.1371119330240588730966137278490      
   1.00000000000000000000000000000000000         4.00000000000000000000000000000000000        -11355.1371119330240588730966137278490      
   1.00000000000000000000000000000000000         4.00000000000000000000000000000000000        -11355.1371119330240588730966137278490      
   1.00000000000000000000000000000000000         4.00000000000000000000000000000000000        -11355.1371119330240588730966137278490      
   1.00000000000000000000000000000000000         4.00000000000000000000000000000000000        -11355.1371119330240588730966137278490      
   1.00000000000000000000000000000000000         4.00000000000000000000000000000000000        -11355.1371119330240588730966137278490      
   1.00000000000000000000000000000000000         4.00000000000000000000000000000000000        -11355.1371119330240588730966137278490      
   1.00000000000000000000000000000000000         4.00000000000000000000000000000000000        -11355.1371119330240588730966137278490      
   1.00000000000000000000000000000000000         4.00000000000000000000000000000000000        -11355.1371119330240588730966137278490      
   1.00000000000000000000000000000000000         4.00000000000000000000000000000000000        -11355.1371119330240588730966137278490      
   1.00000000000000000000000000000000000         4.00000000000000000000000000000000000        -11355.1371119330240588730966137278490      
   1.00000000000000000000000000000000000         4.00000000000000000000000000000000000        -11355.1371119330240588730966137278490      
   1.00000000000000000000000000000000000         4.00000000000000000000000000000000000        -11355.1371119330240588730966137278490      
   1.00000000000000000000000000000000000         4.00000000000000000000000000000000000        -11355.1371119330240588730966137278490      
   1.00000000000000000000000000000000000         4.00000000000000000000000000000000000        -11355.1371119330240588730966137278490      
   1.00000000000000000000000000000000000         4.00000000000000000000000000000000000        -11355.1371119330240588730966137278490      
   1.00000000000000000000000000000000000         4.00000000000000000000000000000000000        -11355.1371119330240588730966137278490      
   1.00000000000000000000000000000000000         4.00000000000000000000000000000000000        -11355.1371119330240588730966137278490      
   1.00000000000000000000000000000000000         4.00000000000000000000000000000000000        -11355.1371119330240588730966137278490      
   1.00000000000000000000000000000000000         4.00000000000000000000000000000000000        -11355.1371119330240588730966137278490      
   1.00000000000000000000000000000000000         4.00000000000000000000000000000000000        -11355.1371119330240588730966137278490      
   1.00000000000000000000000000000000000         4.00000000000000000000000000000000000        -11355.1371119330240588730966137278490      
   1.00000000000000000000000000000000000         4.00000000000000000000000000000000000        -11355.1371119330240588730966137278490      
   1.00000000000000000000000000000000000         4.00000000000000000000000000000000000        -11355.1371119330240588730966137278490      
   1.00000000000000000000000000000000000         4.00000000000000000000000000000000000        -11355.1371119330240588730966137278490      
   1.00000000000000000000000000000000000         4.00000000000000000000000000000000000        -10515.8696342383364585589519322827021      
   1.00000000000000000000000000000000000         4.00000000000000000000000000000000000        -9370.97645890300971646372505027526460      
   1.00000000000000000000000000000000000         4.00000000000000000000000000000000000        -8350.55804182638565796292466849869451      
   1.00000000000000000000000000000000000         4.00000000000000000000000000000000000        -7441.07786982180155538786939856748488      
   1.00000000000000000000000000000000000         4.00000000000000000000000000000000000        -6630.47151281258443548434094937354440      
   1.00000000000000000000000000000000000         4.00000000000000000000000000000000000        -5907.98653617485053532608150610380292      
   1.00000000000000000000000000000000000         4.00000000000000000000000000000000000        -5264.03982246284168393503667778644117      
   1.00000000000000000000000000000000000         4.00000000000000000000000000000000000        -4690.09040926278004818446530323995572      
   1.00000000000000000000000000000000000         4.00000000000000000000000000000000000        -4178.52615581082107463221155107674861      
   1.00000000000000000000000000000000000         4.00000000000000000000000000000000000        -3722.56273450998217873622485651296353      
   1.00000000000000000000000000000000000         4.00000000000000000000000000000000000        -3316.15360702484597256390441714023201      
   1.00000000000000000000000000000000000         4.00000000000000000000000000000000000        -2953.90979039151005302475770086973373      
   1.00000000000000000000000000000000000         4.00000000000000000000000000000000000        -2631.02834848780963084151373834454272      
   1.00000000000000000000000000000000000         4.00000000000000000000000000000000000        -2343.22865998906888374324257756534991      
   1.00000000000000000000000000000000000         4.00000000000000000000000000000000000        -2086.69561712387516861745926273238505      
   1.00000000000000000000000000000000000         4.00000000000000000000000000000000000        -1858.02900151187562409438653011167894      
   1.00000000000000000000000000000000000         4.00000000000000000000000000000000000        -1654.19836533172115769798983424279381      
   1.00000000000000000000000000000000000         4.00000000000000000000000000000000000        -1472.50281911966902548369306597077247      
   1.00000000000000000000000000000000000         4.00000000000000000000000000000000000        -1310.53519260736295802752590719555207      
   1.00000000000000000000000000000000000         4.00000000000000000000000000000000000        -1166.15009303488277022396541613211586      
   1.00000000000000000000000000000000000         4.00000000000000000000000000000000000        -1037.43543709228425160094755431553636      
   1.00000000000000000000000000000000000         4.00000000000000000000000000000000000        -922.687078735789747251972842076139521      
   1.00000000000000000000000000000000000         4.00000000000000000000000000000000000        -820.386196205165511262440779859830663      
   1.00000000000000000000000000000000000         4.00000000000000000000000000000000000        -729.179138181745270865483228828057614      
   1.00000000000000000000000000000000000         4.00000000000000000000000000000000000        -647.859461657861728735678359870010276      
   1.00000000000000000000000000000000000         4.00000000000000000000000000000000000        -575.351923171126508580400391504385443      
   1.00000000000000000000000000000000000         4.00000000000000000000000000000000000        -510.698210976963793301843884633997320      
   1.00000000000000000000000000000000000         4.00000000000000000000000000000000000        -453.044228833995799587334723140696640      
   1.00000000000000000000000000000000000         4.00000000000000000000000000000000000        -401.628762665838072092657323885723991      
   1.00000000000000000000000000000000000         4.00000000000000000000000000000000000        -355.773379712792352363606630390692794      
   1.00000000000000000000000000000000000         4.00000000000000000000000000000000000        -314.873426141316901606922562414768326      
   1.00000000000000000000000000000000000         4.00000000000000000000000000000000000        -278.390003655021479513555866749066569      
   1.00000000000000000000000000000000000         4.00000000000000000000000000000000000        -245.842818641689607155779446457895481      
   1.00000000000000000000000000000000000         4.00000000000000000000000000000000000        -216.803808968853702306500306341324139      
   1.00000000000000000000000000000000000         4.00000000000000000000000000000000000        -190.891463859372500654469950819375699      
   1.00000000000000000000000000000000000         4.00000000000000000000000000000000000        -167.765761475210716062710653518653111      
   1.00000000000000000000000000000000000         4.00000000000000000000000000000000000        -147.123657034233439283618959893112566      
   1.00000000000000000000000000000000000         4.00000000000000000000000000000000000        -128.695061590066395922737259027258445      
   1.00000000000000000000000000000000000         4.00000000000000000000000000000000000        -112.239258115873959037668519111084449      
   1.00000000000000000000000000000000000         4.00000000000000000000000000000000000        -97.5417073356641101178604459660888165      
   1.00000000000000000000000000000000000         4.00000000000000000000000000000000000        -84.4112009184424281161066357457788565      
   1.00000000000000000000000000000000000         4.00000000000000000000000000000000000        -72.6773242598311475417571404831872098      
   1.00000000000000000000000000000000000         4.00000000000000000000000000000000000        -62.1881951838068938033519102229043217      
   1.00000000000000000000000000000000000         4.00000000000000000000000000000000000        -52.8084485585030396242041310810750306      
   1.00000000000000000000000000000000000         4.00000000000000000000000000000000000        -44.4174400831528552717716201466182995      
   1.00000000000000000000000000000000000         4.00000000000000000000000000000000000        -36.9076454115175031167917992714038262      
   1.00000000000000000000000000000000000         4.00000000000000000000000000000000000        -30.1832333691394014494841245457130172      
   1.00000000000000000000000000000000000         4.00000000000000000000000000000000000        -24.1587943318807719385811843577309740      
   1.00000000000000000000000000000000000         4.00000000000000000000000000000000000        -18.7582068921031690496614203935817130      
   1.00000000000000000000000000000000000         4.00000000000000000000000000000000000        -13.9136277738367669373043270054266010      
   1.00000000000000000000000000000000000         4.00000000000000000000000000000000000        -9.56459159372739172218389616918217097      
   1.00000000000000000000000000000000000         4.00000000000000000000000000000000000        -5.65720852213601937339520256395999749      
   1.00000000000000000000000000000000000         4.00000000000000000000000000000000000        -2.14344919784100199816553649619089612      
   1.00000000000000000000000000000000000         4.00000000000000000000000000000000000         1.01949259240441862621440155411822515      
   1.00000000000000000000000000000000000         4.00000000000000000000000000000000000         3.86976792631436893086946114496502666      
   1.00000000000000000000000000000000000         4.00000000000000000000000000000000000         6.44137898769237752949741491368934541      
   1.00000000000000000000000000000000000         4.00000000000000000000000000000000000         8.76463025475193534685860831489535853      
   1.00000000000000000000000000000000000         4.00000000000000000000000000000000000         10.8665306221304698223988024401327615      
   1.00000000000000000000000000000000000         4.00000000000000000000000000000000000         12.7711517925115436503577004704021541      
   1.00000000000000000000000000000000000         4.00000000000000000000000000000000000         14.4999476934943586817905318235536833      
   1.00000000000000000000000000000000000         4.00000000000000000000000000000000000         16.0720391581783570214179368842367124      
   1.00000000000000000000000000000000000         4.00000000000000000000000000000000000         17.5044676470013152183049104491478522      
   1.00000000000000000000000000000000000         4.00000000000000000000000000000000000         18.8124213775655707315974575138281260      
   1.00000000000000000000000000000000000         4.00000000000000000000000000000000000         20.0094368630577862889642594666630469      
   1.00000000000000000000000000000000000         4.00000000000000000000000000000000000         21.1075785335546348636595345987606976      
   1.00000000000000000000000000000000000         4.00000000000000000000000000000000000         22.1175988236800002186095407249341645      
   1.00000000000000000000000000000000000         4.00000000000000000000000000000000000         23.0490808508796405247923322361552251      
   1.00000000000000000000000000000000000         4.00000000000000000000000000000000000         23.9105655775673336153346502936054188      
   1.00000000000000000000000000000000000         4.00000000000000000000000000000000000         24.7096651445069240436786507286723348      
   1.00000000000000000000000000000000000         4.00000000000000000000000000000000000         25.4531638792953943943663841061398391      
   1.00000000000000000000000000000000000         4.00000000000000000000000000000000000         26.1471083202681620553304512284162809      
   1.00000000000000000000000000000000000         4.00000000000000000000000000000000000         26.7968874503891294296613446275904797      
   1.00000000000000000000000000000000000         4.00000000000000000000000000000000000         27.4073042057804613066363352730193800      
   1.00000000000000000000000000000000000         4.00000000000000000000000000000000000         27.9826392077668335085263531167022832      
