   1.00000000000000000000000000000000000         2.00000000000000000000000000000000000        -11355.1371119330240588730966137278490      
   1.00000000000000000000000000000000000         2.00000000000000000000000000000000000        -11355.1371119330240588730966137278490      
   1.00000000000000000000000000000000000         2.00000000000000000000000000000000000        -11355.1371119330240588730966137278490      
   1.00000000000000000000000000000000000         2.00000000000000000000000000000000000        -11355.1371119330240588730966137278490      
   1.00000000000000000000000000000000000         2.00000000000000000000000000000000000        -11355.1371119330240588730966137278490      
   1.00000000000000000000000000000000000         2.00000000000000000000000000000000000        -11355.1371119330240588730966137278490      
   1.00000000000000000000000000000000000         2.00000000000000000000000000000000000        -11355.1371119330240588730966137278490      
   1.00000000000000000000000000000000000         2.00000000000000000000000000000000000        -11355.1371119330240588730966137278490      
   1.00000000000000000000000000000000000         2.00000000000000000000000000000000000        -11355.1371119330240588730966137278490      
   1.00000000000000000000000000000000000         2.00000000000000000000000000000000000        -11355.1371119330240588730966137278490      
   1.00000000000000000000000000000000000         2.00000000000000000000000000000000000        -11355.1371119330240588730966137278490      
   1.00000000000000000000000000000000000         2.00000000000000000000000000000000000        -11355.1371119330240588730966137278490      
   1.00000000000000000000000000000000000         2.00000000000000000000000000000000000        -11355.1371119330240588730966137278490      
   1.00000000000000000000000000000000000         2.00000000000000000000000000000000000        -11355.1371119330240588730966137278490      
   1.00000000000000000000000000000000000         2.00000000000000000000000000000000000        -11355.1371119330240588730966137278490      
   1.00000000000000000000000000000000000         2.00000000000000000000000000000000000        -11355.1371119330240588730966137278490      
   1.00000000000000000000000000000000000         2.00000000000000000000000000000000000        -11355.1371119330240588730966137278490      
   1.00000000000000000000000000000000000         2.00000000000000000000000000000000000        -11355.1371119330240588730966137278490      
   1.00000000000000000000000000000000000         2.00000000000000000000000000000000000        -11355.1371119330240588730966137278490      
   1.00000000000000000000000000000000000         2.00000000000000000000000000000000000        -11355.1371119330240588730966137278490      
   1.00000000000000000000000000000000000         2.00000000000000000000000000000000000        -11355.1371119330240588730966137278490      
   1.00000000000000000000000000000000000         2.00000000000000000000000000000000000        -11355.1371119330240588730966137278490      
   1.00000000000000000000000000000000000         2.00000000000000000000000000000000000        -10862.3854353149995830353734925157433      
   1.00000000000000000000000000000000000         2.00000000000000000000000000000000000        -9680.04087327682966185076518293373095      
   1.00000000000000000000000000000000000         2.00000000000000000000000000000000000        -8626.24387266688693715760104941529293      
   1.00000000000000000000000000000000000         2.00000000000000000000000000000000000        -7687.01500677465698274194488544376826      
   1.00000000000000000000000000000000000         2.00000000000000000000000000000000000        -6849.89509842982187594425586353862462      
   1.00000000000000000000000000000000000         2.00000000000000000000000000000000000        -6103.77989429096122318258292297413570      
   1.00000000000000000000000000000000000         2.00000000000000000000000000000000000        -5438.77271815025932017680115260080376      
   1.00000000000000000000000000000000000         2.00000000000000000000000000000000000        -4846.05314805309450135192997728853108      
   1.00000000000000000000000000000000000         2.00000000000000000000000000000000000        -4317.75997465767472182041474072791552      
   1.00000000000000000000000000000000000         2.00000000000000000000000000000000000        -3846.88688776326205736579394523802907      
   1.00000000000000000000000000000000000         2.00000000000000000000000000000000000        -3427.18950683059280206715980103051540      
   1.00000000000000000000000000000000000         2.00000000000000000000000000000000000        -3053.10252184598407420869438372616853      
   1.00000000000000000000000000000000000         2.00000000000000000000000000000000000        -2719.66584503873587728949855924456544      
   1.00000000000000000000000000000000000         2.00000000000000000000000000000000000        -2422.45879352998612094404305204764911      
   1.00000000000000000000000000000000000         2.00000000000000000000000000000000000        -2157.54142955675718018702108802355003      
   1.00000000000000000000000000000000000         2.00000000000000000000000000000000000        -1921.40227989160667601317406057368479      
   1.00000000000000000000000000000000000         2.00000000000000000000000000000000000        -1710.91174072634505694539329572096409      
   1.00000000000000000000000000000000000         2.00000000000000000000000000000000000        -1523.28054973093644262803682360288003      
   1.00000000000000000000000000000000000         2.00000000000000000000000000000000000        -1356.02277423703523775197407343958755      
   1.00000000000000000000000000000000000         2.00000000000000000000000000000000000        -1206.92282442184110520761839685285917      
   1.00000000000000000000000000000000000         2.00000000000000000000000000000000000        -1074.00605377726366552432533944141243      
   1.00000000000000000000000000000000000         2.00000000000000000000000000000000000        -955.512556750484843266412484444558494      
   1.00000000000000000000000000000000000         2.00000000000000000000000000000000000        -849.873815866528740657644047054062705      
   1.00000000000000000000000000000000000         2.00000000000000000000000000000000000        -755.691888454343915076626406618258152      
   1.00000000000000000000000000000000000         2.00000000000000000000000000000000000        -671.720856796898574257405480389090736      
   1.00000000000000000000000000000000000         2.00000000000000000000000000000000000        -596.850295560050678841786162293991532      
   1.00000000000000000000000000000000000         2.00000000000000000000000000000000000        -530.090537123018658401755961218005759      
   1.00000000000000000000000000000000000         2.00000000000000000000000000000000000        -470.559539290340346379816819648126445      
   1.00000000000000000000000000000000000         2.00000000000000000000000000000000000        -417.471181127836538287213271953413000      
   1.00000000000000000000000000000000000         2.00000000000000000000000000000000000        -370.124831615433441702299168365771618      
   1.00000000000000000000000000000000000         2.00000000000000000000000000000000000        -327.896052699204686032983729906368983      
   1.00000000000000000000000000000000000         2.00000000000000000000000000000000000        -290.228313377781983107685164137282329      
   1.00000000000000000000000000000000000         2.00000000000000000000000000000000000        -256.625604874095333276313557650470012      
   1.00000000000000000000000000000000000         2.00000000000000000000000000000000000        -226.645858900258527502315982892126382      
   1.00000000000000000000000000000000000         2.00000000000000000000000000000000000        -199.895081679973803287161762451064082      
   1.00000000000000000000000000000000000         2.00000000000000000000000000000000000        -176.022125890496922730325035667425985      
   1.00000000000000000000000000000000000         2.00000000000000000000000000000000000        -154.714031151008930684094935143501942      
   1.00000000000000000000000000000000000         2.00000000000000000000000000000000000        -135.691871228506239112907263893041549      
   1.00000000000000000000000000000000000         2.00000000000000000000000000000000000        -118.707052856154288485848964838060276      
   1.00000000000000000000000000000000000         2.00000000000000000000000000000000000        -103.538017051673045091961373140735471      
   1.00000000000000000000000000000000000         2.00000000000000000000000000000000000        -89.9872991642534709841800433609388138      
   1.00000000000000000000000000000000000         2.00000000000000000000000000000000000        -77.8789086386137586189367338226014056      
   1.00000000000000000000000000000000000         2.00000000000000000000000000000000000        -67.0559937272563182186078660448998491      
   1.00000000000000000000000000000000000         2.00000000000000000000000000000000000        -57.3787601630760055210540779626674076      
   1.00000000000000000000000000000000000         2.00000000000000000000000000000000000        -48.7226161743696412996799613010986587      
   1.00000000000000000000000000000000000         2.00000000000000000000000000000000000        -40.9765192277230216186660054529367546      
   1.00000000000000000000000000000000000         2.00000000000000000000000000000000000        -34.0415025610579894352109613066861898      
   1.00000000000000000000000000000000000         2.00000000000000000000000000000000000        -27.8293619548283280935650231110462617      
   1.00000000000000000000000000000000000         2.00000000000000000000000000000000000        -22.2614853156161171448526443029229273      
   1.00000000000000000000000000000000000         2.00000000000000000000000000000000000        -17.2678095414139773469092099055067929      
   1.00000000000000000000000000000000000         2.00000000000000000000000000000000000        -12.7858908268292716405256420209145475      
   1.00000000000000000000000000000000000         2.00000000000000000000000000000000000        -8.76007607172517120854376140535388569      
   1.00000000000000000000000000000000000         2.00000000000000000000000000000000000        -5.14076439839467608595457671802066498      
   1.00000000000000000000000000000000000         2.00000000000000000000000000000000000        -1.88374897804916536910279520353431189      
   1.00000000000000000000000000000000000         2.00000000000000000000000000000000000         1.05036956694113719186465087922391180      
   1.00000000000000000000000000000000000         2.00000000000000000000000000000000000         3.69670596885065538700034759623970614      
   1.00000000000000000000000000000000000         2.00000000000000000000000000000000000         6.08655626576128473107538168728410695      
   1.00000000000000000000000000000000000         2.00000000000000000000000000000000000         8.24781308097338402764617285098213934      
   1.00000000000000000000000000000000000         2.00000000000000000000000000000000000         10.2053357411704092298040267951322547      
   1.00000000000000000000000000000000000         2.00000000000000000000000000000000000         11.9812801445803637086448100035167052      
   1.00000000000000000000000000000000000         2.00000000000000000000000000000000000         13.5953927562841512588749670201484042      
   1.00000000000000000000000000000000000         2.00000000000000000000000000000000000         15.0652726318099526348513220126341156      
   1.00000000000000000000000000000000000         2.00000000000000000000000000000000000         16.4066049459075268143362328290562630      
   1.00000000000000000000000000000000000         2.00000000000000000000000000000000000         17.6333691252873882235436356759314983      
   1.00000000000000000000000000000000000         2.00000000000000000000000000000000000         18.7580243471198547851330713807403496      
   1.00000000000000000000000000000000000         2.00000000000000000000000000000000000         19.7916748647463468926864910042085565      
   1.00000000000000000000000000000000000         2.00000000000000000000000000000000000         20.7442173543746802504840194574855918      
   1.00000000000000000000000000000000000         2.00000000000000000000000000000000000         21.6244722379594765241006373157015736      
   1.00000000000000000000000000000000000         2.00000000000000000000000000000000000         22.4403007248425277584238992351658982      
   1.00000000000000000000000000000000000         2.00000000000000000000000000000000000         23.1987091252245718776702667135594960      
   1.00000000000000000000000000000000000         2.00000000000000000000000000000000000         23.9059418196448725877606475406707287      
   1.00000000000000000000000000000000000         2.00000000000000000000000000000000000         24.5675641181171127704108596408787785      
   1.00000000000000000000000000000000000         2.00000000000000000000000000000000000         25.1885361084119924221218021482640910      
   1.00000000000000000000000000000000000         2.00000000000000000000000000000000000         25.7732784734083736332590043383647159      
   1.00000000000000000000000000000000000         2.00000000000000000000000000000000000         26.3257311508692340288077729852925326      
   1.00000000000000000000000000000000000         2.00000000000000000000000000000000000         26.8494056140220159877733666956461063      
   1.00000000000000000000000000000000000         2.00000000000000000000000000000000000         27.3474314666749090616328941434025327      
   1.00000000000000000000000000000000000         2.00000000000000000000000000000000000         27.8225979711579491307419972984243262      
   1.00000000000000000000000000000000000         2.00000000000000000000000000000000000         28.2773910601394817904098067314913280      
