   1.00000000000000000000000000000000000         6.00000000000000000000000000000000000        -4555.80448526448103416739623874880202      
   1.00000000000000000000000000000000000         6.00000000000000000000000000000000000        -4059.86382298615784388814705023626117      
   1.00000000000000000000000000000000000         6.00000000000000000000000000000000000        -3617.82494197583994618587901216879729      
   1.00000000000000000000000000000000000         6.00000000000000000000000000000000000        -3223.82607408771171718291577592646172      
   1.00000000000000000000000000000000000         6.00000000000000000000000000000000000        -2872.64291296269247603609873668306842      
   1.00000000000000000000000000000000000         6.00000000000000000000000000000000000        -2559.61929065715347350365151564801666      
   1.00000000000000000000000000000000000         6.00000000000000000000000000000000000        -2280.60539312322731405090282310335156      
   1.00000000000000000000000000000000000         6.00000000000000000000000000000000000        -2031.90269469767158542892098063475842      
   1.00000000000000000000000000000000000         6.00000000000000000000000000000000000        -1810.21488091340975432458741115927292      
   1.00000000000000000000000000000000000         6.00000000000000000000000000000000000        -1612.60410840927602297950568518088615      
   1.00000000000000000000000000000000000         6.00000000000000000000000000000000000        -1436.45202153354137795072834584635797      
   1.00000000000000000000000000000000000         6.00000000000000000000000000000000000        -1279.42500835523454132116764858112979      
   1.00000000000000000000000000000000000         6.00000000000000000000000000000000000        -1139.44323505163726023174780396631915      
   1.00000000000000000000000000000000000         6.00000000000000000000000000000000000        -1014.65304777708959763526248025103355      
   1.00000000000000000000000000000000000         6.00000000000000000000000000000000000        -903.402375802671909493430677776249011      
   1.00000000000000000000000000000000000         6.00000000000000000000000000000000000        -804.218809541371262255348971344405913      
   1.00000000000000000000000000000000000         6.00000000000000000000000000000000000        -715.790062567445258075119929813671992      
   1.00000000000000000000000000000000000         6.00000000000000000000000000000000000        -636.946558372850805082757100425034592      
   1.00000000000000000000000000000000000         6.00000000000000000000000000000000000        -566.645910797575307474825953509783986      
   1.00000000000000000000000000000000000         6.00000000000000000000000000000000000        -503.959092198609906660313930308555289      
   1.00000000000000000000000000000000000         6.00000000000000000000000000000000000        -448.058105817570774983216422201831105      
   1.00000000000000000000000000000000000         6.00000000000000000000000000000000000        -398.204998766776625815839479311924993      
   1.00000000000000000000000000000000000         6.00000000000000000000000000000000000        -353.742069842783005906160651466526637      
   1.00000000000000000000000000000000000         6.00000000000000000000000000000000000        -314.083142231008352866412303803640817      
   1.00000000000000000000000000000000000         6.00000000000000000000000000000000000        -278.705785295544598612278575840649756      
   1.00000000000000000000000000000000058         6.00000000000000000000000000000000000        -247.144382242028868219581829698492611      
   1.00000000000000000000000000000301890         6.00000000000000000000000000000000000        -218.983951665674422134854936405377127      
   1.00000000000000000000000000649339029         6.00000000000000000000000000000000000        -193.854641000157019133204728126356198      
   1.00000000000000000000000609143855980         6.00000000000000000000000000000000000        -171.426818798769005883319353225100630      
   1.00000000000000000000272740460698026         6.00000000000000000000000000000000000        -151.406700725393802609361877901778598      
   1.00000000000000000063156222861778718         6.00000000000000000000000000000000000        -133.532451214858507967660954753684599      
   1.00000000000000008123535906345446102         6.00000000000000000000000000000000000        -117.570709074065994245856657823346470      
   1.00000000000000618528414453798257796         6.00000000000000000000000000000000000        -103.313490920744442101511434797722479      
   1.00000000000029502981146007720634701         6.00000000000000000000000000000000000        -90.5754313703281345469381938832633336      
   1.00000000000927257581203085633327541         6.00000000000000000000000000000000000        -79.1913233499335131393035174294501136      
   1.00000000020088418162656109685510489         6.00000000000000000000000000000000000        -69.0139259010332298818377187512555712      
   1.00000000312333936677984209134985402         6.00000000000000000000000000000000000        -59.9120103836012545046586243913540777      
   1.00000003613566589941983706251592171         6.00000000000000000000000000000000000        -51.7686191741923049505947775061256458      
   1.00000032139991601381727996297184387         6.00000000000000000000000000000000000        -44.4795138789671241686983007442027474      
   1.00000226325094637211960924015355593         6.00000000000000000000000000000000000        -37.9517931379572748064805639201971049      
   1.00001295907626387850484900786179940         6.00000000000000000000000000000000000        -32.1026643726354420508882193183316816      
   1.00006180855712192958789142403246379         6.00000000000000000000000000000000000        -26.8583616922489529877904560237760401      
   1.00025095835249110216255049573692995         6.00000000000000000000000000000000000        -22.1532170971084203176300030154628996      
   1.00088446637268041184176572527559859         6.00000000000000000000000000000000000        -17.9289166615641926504174104296452167      
   1.00275277578810831286752701470538479         6.00000000000000000000000000000000000        -14.1340050634330272314162559675143161      
   1.00768136985956404027449636120956242         6.00000000000000000000000000000000000        -10.7237269596286280630514434357969527      
   1.01947225787105286379856862926499816         6.00000000000000000000000000000000000        -7.66027615984005596658412615872825072      
   1.04536241403294100960106087337855000         6.00000000000000000000000000000000000        -4.91338280414887358973853061433880775      
   1.09809127926222868860906171580803022         6.00000000000000000000000000000000000        -2.46076959999748096235499154444486636      
   1.19861434843737679887362582683029217         6.00000000000000000000000000000000000       -0.287309677736584656329107384645353594      
   1.37941810670973923075110202833697420         6.00000000000000000000000000000000000         1.61866052780614219819824059982728140      
   1.68825432625877309170986637386157212         6.00000000000000000000000000000000000         3.27184226124794987353008469451299216      
   2.19187705173243457245003195665636964         6.00000000000000000000000000000000000         4.69554167360688008326619353684522774      
   2.97903437245377194681700484621963517         6.00000000000000000000000000000000000         5.92154751766800182492331832024945979      
   4.16164419351965815844966935608350028         6.00000000000000000000000000000000000         6.98468811957340694284742357239459084      
   5.87297098528336312508069583500041275         6.00000000000000000000000000000000000         7.91701828628696581008547656350352910      
   8.26191238021938590975396352538539531         6.00000000000000000000000000000000000         8.74495521369087432035528138765554450      
   11.4832405007706206179436726469612643         6.00000000000000000000000000000000000         9.48910262001336158027812885872918805      
   15.6846392402612020995684644962655576         6.00000000000000000000000000000000000         10.1652607845941401992968464592415282      
   20.9922953712088186732674297199043666         6.00000000000000000000000000000000000         10.7856002335992192258189320279097056      
   27.4973065219595782911946079323181466         6.00000000000000000000000000000000000         11.3596224307666001530817960840795934      
   35.2450936775712186020886630034052116         6.00000000000000000000000000000000000         11.8948601286331097940213849789702079      
   44.2294016813721380469729696950583454         6.00000000000000000000000000000000000         12.3973708919004047851961015000715984      
   54.3915592044581840726805188949266881         6.00000000000000000000000000000000000         12.8720858574855593139135975086498189      
   65.6247281742933305051078415832311541         6.00000000000000000000000000000000000         13.3230607334413308809522814580556008      
   77.7821311792134137025711056245244553         6.00000000000000000000000000000000000         13.7536605195867374341952518179112094      
   90.6878258219779708689788627527298893         6.00000000000000000000000000000000000         14.1666983356161035680631039876548151      
   104.148507464964636472820927212063590         6.00000000000000000000000000000000000         14.5645416339913926324332544013876338      
   117.964996721261868881043861976683443         6.00000000000000000000000000000000000         14.9491946557338264578186717580751016      
   131.942400289958319816428728061064158         6.00000000000000000000000000000000000         15.3223632183168044830033618609129872      
   145.898320108843493296618919770954847         6.00000000000000000000000000000000000         15.6855061431211264021783673201579374      
   159.668847454869968318771556921232464         6.00000000000000000000000000000000000         16.0398764442286496411185329374933954      
   173.112368601983822829495639130934157         6.00000000000000000000000000000000000         16.3865545849146071448525294259850041      
   186.111408982734757024027722513117684         6.00000000000000000000000000000000000         16.7264755313869066566754537643699624      
   198.572856531448260356187761837735526         6.00000000000000000000000000000000000         17.0604509160657342680596903375051380      
   210.426947126825785194413252596501885         6.00000000000000000000000000000000000         17.3891873156633969624932324247756215      
   221.625385549683897076161879636976471         6.00000000000000000000000000000000000         17.7133014204436157504775165055997150      
   232.138933445312928799188780820533307         6.00000000000000000000000000000000000         18.0333326986836305048550433035554588      
   241.954737546694356552505902711641567         6.00000000000000000000000000000000000         18.3497540294980339269489085196044224      
   251.073608777744832484623463674142028         6.00000000000000000000000000000000000         18.6629806771154893130109675829595978      
   259.507403612355062395144591966214431         6.00000000000000000000000000000000000         18.9733779026887038979278582296890946      
   267.276607592460096386753496055433052         6.00000000000000000000000000000000000         19.2812674500921336890793704738658071      
   274.408179041781903957968341501606431         6.00000000000000000000000000000000000         19.5869330957247207949039834679173015      
   280.933678885473437993871273617360785         6.00000000000000000000000000000000000         19.8906254159593107510838547158270765      
   286.887689227188961795478471379605212         6.00000000000000000000000000000000000         20.1925658972215107881276229736367271      
   292.306507579813965989999017262945634         6.00000000000000000000000000000000000         20.4929504909711569174520687299682193      
   297.227093885710410837737282866496965         6.00000000000000000000000000000000000         20.7919526977603697478809223843151003      
   301.686242255822250078296390019626144         6.00000000000000000000000000000000000         21.0897262500343713197039779795399035      
   305.719947442244123892833327893217739         6.00000000000000000000000000000000000         21.3864074516456232785272067515609524      
   309.362936396474314711304529349094999         6.00000000000000000000000000000000000         21.6821172225698706224698309520641212      
   312.648337040675465532339985015995609         6.00000000000000000000000000000000000         21.9769628895823825850748917420685271      
   315.607458980315658165452451885123741         6.00000000000000000000000000000000000         22.2710397573158717964324773403369272      
   318.269663873861691068566406887686029         6.00000000000000000000000000000000000         22.5644324888991734250872896745469808      
   320.662306247026118716308292894158954         6.00000000000000000000000000000000000         22.8572163210493142181089491175227153      
   322.810728499936239108920700962141598         6.00000000000000000000000000000000000         23.1494581348872545068146554619307673      
   324.738296588748035185161939243416473         6.00000000000000000000000000000000000         23.4412174007335181888697592456516729      
   326.466465308158239793047878252689497         6.00000000000000000000000000000000000         23.7325470126062561563073114792394216      
   328.014864236027854663080204213505941         6.00000000000000000000000000000000000         24.0234940260049161727288623327269719      
   329.401397229163150612094081432164926         6.00000000000000000000000000000000000         24.3141003107485629379177030034117544      
   330.642349898831810381135018255389992         6.00000000000000000000000000000000000         24.6044031290933552913999031550065014      
   331.752500772880194124969477428923327         6.00000000000000000000000000000000000         24.8944356480336770280762216936244414      
