   1.00000000000000000000000000000000000         2.00000000000000000000000000000000000        -11355.1371119330240588730966137278490      
   1.00000000000000000000000000000000000         2.00000000000000000000000000000000000        -11355.1371119330240588730966137278490      
   1.00000000000000000000000000000000000         2.00000000000000000000000000000000000        -11355.1371119330240588730966137278490      
   1.00000000000000000000000000000000000         2.00000000000000000000000000000000000        -11355.1371119330240588730966137278490      
   1.00000000000000000000000000000000000         2.00000000000000000000000000000000000        -11355.1371119330240588730966137278490      
   1.00000000000000000000000000000000000         2.00000000000000000000000000000000000        -11355.1371119330240588730966137278490      
   1.00000000000000000000000000000000000         2.00000000000000000000000000000000000        -11355.1371119330240588730966137278490      
   1.00000000000000000000000000000000000         2.00000000000000000000000000000000000        -11355.1371119330240588730966137278490      
   1.00000000000000000000000000000000000         2.00000000000000000000000000000000000        -11355.1371119330240588730966137278490      
   1.00000000000000000000000000000000000         2.00000000000000000000000000000000000        -11355.1371119330240588730966137278490      
   1.00000000000000000000000000000000000         2.00000000000000000000000000000000000        -11355.1371119330240588730966137278490      
   1.00000000000000000000000000000000000         2.00000000000000000000000000000000000        -11355.1371119330240588730966137278490      
   1.00000000000000000000000000000000000         2.00000000000000000000000000000000000        -11355.1371119330240588730966137278490      
   1.00000000000000000000000000000000000         2.00000000000000000000000000000000000        -11355.1371119330240588730966137278490      
   1.00000000000000000000000000000000000         2.00000000000000000000000000000000000        -11355.1371119330240588730966137278490      
   1.00000000000000000000000000000000000         2.00000000000000000000000000000000000        -11355.1371119330240588730966137278490      
   1.00000000000000000000000000000000000         2.00000000000000000000000000000000000        -11355.1371119330240588730966137278490      
   1.00000000000000000000000000000000000         2.00000000000000000000000000000000000        -11355.1371119330240588730966137278490      
   1.00000000000000000000000000000000000         2.00000000000000000000000000000000000        -11355.1371119330240588730966137278490      
   1.00000000000000000000000000000000000         2.00000000000000000000000000000000000        -11355.1371119330240588730966137278490      
   1.00000000000000000000000000000000000         2.00000000000000000000000000000000000        -11355.1371119330240588730966137278490      
   1.00000000000000000000000000000000000         2.00000000000000000000000000000000000        -11355.1371119330240588730966137278490      
   1.00000000000000000000000000000000000         2.00000000000000000000000000000000000        -10328.9534102172275372754935422637293      
   1.00000000000000000000000000000000000         2.00000000000000000000000000000000000        -9204.61908047785663546643176163680105      
   1.00000000000000000000000000000000000         2.00000000000000000000000000000000000        -8202.52375382557504232670946321864431      
   1.00000000000000000000000000000000000         2.00000000000000000000000000000000000        -7309.37405335119561147712995782636352      
   1.00000000000000000000000000000000000         2.00000000000000000000000000000000000        -6513.32224441343982815010523975374719      
   1.00000000000000000000000000000000000         2.00000000000000000000000000000000000        -5803.80902239850854099143404798593468      
   1.00000000000000000000000000000000000         2.00000000000000000000000000000000000        -5171.42339716331326882157166531147851      
   1.00000000000000000000000000000000000         2.00000000000000000000000000000000000        -4607.77781491405897070818266509064767      
   1.00000000000000000000000000000000000         2.00000000000000000000000000000000000        -4105.39686046337856001341337879919197      
   1.00000000000000000000000000000000000         2.00000000000000000000000000000000000        -3657.61806301259187165509552982882424      
   1.00000000000000000000000000000000000         2.00000000000000000000000000000000000        -3258.50348921208652365398520464219124      
   1.00000000000000000000000000000000231         2.00000000000000000000000000000000000        -2902.76095039344482659199682297238768      
   1.00000000000000000000000000000841535         2.00000000000000000000000000000000077        -2585.67377844115873722139957681632918      
   1.00000000000000000000000001226279308         2.00000000000000000000000000000271710        -2303.03823847241618637438726350740490      
   1.00000000000000000000000811767564151         2.00000000000000000000000000480932325        -2051.10774782924536657774766417619749      
   1.00000000000000000000266413036088203         2.00000000000000000000000377458649572        -1826.54316120293328256032404370304751      
   1.00000000000000000046872643160744242         2.00000000000000000000143499237075064        -1626.36846220452458195546183680329581      
   1.00000000000000004740576289159024433         2.00000000000000000028592977000609098        -1447.93127343546140528262640473410989      
   1.00000000000000293246564386384991317         2.00000000000000003203395056393740694        -1288.86766105099431954689614462126237      
   1.00000000000011720732423972343453392         2.00000000000000214830834138337251719        -1147.07076679430438568271583418540378      
   1.00000000000317664253732111907685815         2.00000000000009119144070203576777487        -1020.66285126748959199515430947291483      
   1.00000000006090678149112962899398981         2.00000000000257503755611117804771287        -907.970377470647159890690362365672204      
   1.00000000085735923566682506043555378         2.00000000005056345154453401548643662        -807.501803983229628684082233640637564      
   1.00000000915404252514912087535284185         2.00000000071824322908141673246256481        -717.927793120792698818919563512212016      
   1.00000007629608850292472838876805252         2.00000000764504714416904965758272246        -638.063571467733931505590052400674822      
   1.00000050922582215856279058952976306         2.00000006292043737578638168708691651        -566.853208848570884932788583499926093      
   1.00000278435183578406723935968011058         2.00000041176872903085850389280003919        -503.355607602787669428676470821937012      
   1.00001272936429758225574728523186137         2.00000219680643403275071046839131476        -446.732017607317459455518934694242197      
   1.00004955997017479462932836489386624         2.00000976918648479217728251742480849        -396.234914382567729344651807621322660      
   1.00016706527831817814137583651467132         2.00003693692527726680951476773860448        -351.198097723398793136778913198921675      
   1.00049495825390699846958394031054223         2.00012086039721756383996610971869212        -311.027885344783754647034789275687877      
   1.00130636470810504641477649837652498         2.00034770072682764035070720088437843        -275.195287909431012544625687319211693      
   1.00310977194722723590204884842710761         2.00089208060229995364303916349899939        -243.229057220090535043673691943460887      
   1.00675240481466279221000488736072253         2.00206757624868062580264100337960418        -214.709499849805718226576736421189329      
   1.01351329487166662826951968738941219         2.00437979513438041949970746674240590        -189.262948808591682035572677196759895      
   1.02516555544239233245427442659375448         2.00857082449405412627040065983170405        -166.556791882664724775297265347504210      
   1.04400092814456059060129251606372080         2.01564673031895833665153556448216729        -146.294970755996914066874373806034270      
   1.07282996472745903565434256281401976         2.02688748402064018959040314582502570        -128.213889406134867008603318171348676      
   1.11498858694458337911635909791795760         2.04384696032027412233034596149121345        -112.078699090149078584298060959380662      
   1.17439038227756354480754659958539208         2.06835532822306153762823527789979862        -97.6799538948017355811275319841117198      
   1.25566590260166246685452752632878852         2.10253623583022925014371376541937930        -84.8306477780275305021739459023011695      
   1.36443087119441059344152391004651336         2.14884789267311035947270529468810310        -73.3636434540553421491784912609666421      
   1.50772505632639921195129091895022300         2.21015038461134529678083101356098313        -63.1294810884250000730122915719256228      
   1.69465556785616588645544466833804900         2.28978903485859672210536140475802903        -53.9945176359737073415256865081126076      
   1.93725383851484669812370017716658037         2.39166509749140146548887839666936543        -45.8393164209741427531900243672371265      
   2.25151178989690075670764133701650215         2.52024703872413476476795204409149089        -38.5572026586091018282942911712453845      
   2.65850366498366755526268220663490524         2.68047004496100755276971185681421800        -32.0529277952460129795727159491545229      
   3.18543201788931721529233965845164254         2.87748758067970693820749333536944555        -26.2414261796390402177925297920834640      
   3.86636652161947296260869430994845749         3.11627568774345054381577111074016609        -21.0466779379649268780824490758155125      
   4.74238708856582528867801860513444770         3.40113565772942562502338340160199163        -16.4006996957602318790697177251164933      
   5.86082754665265742195518618253781532         3.73517652773272666379237375885853244        -12.2426735638053978418371699970395631      
   7.27338106001058433170806210702341052         4.11987359718452049932640445647048691        -8.51820630875054368341448773851215952      
   9.03299727076175738549789595361187972         4.55479259786275200198534289306949040        -5.17869515218160407547494856601875148      
   11.1897555267390726998056505963850428         5.03755212752386457905570789904551759        -2.18076900752736608722791926932985911      
   13.7861713831074057908051845870831360         5.56408367348637084274184474876297360        0.514225499909868587310910646834964760      
   16.8525929827303488416347391884209333         6.12924575641313823901419581886355545         2.94071714501263461630295931974525612      
   20.4033959430491552253641882511486022         6.72784918380275902698284044873513217         5.12939602184593137347310416257107995      
   24.4345681852478561599836132153395250         7.35613531052792548036551321852703448         7.10769450593153189316030149823991458      
   28.9230270006714901590114005096398626         8.01369668563288280834663385955777054         8.90025379602053365317486672901703056      
   33.8277054252008426560898304567605141         8.70572405254607215460675726506260966         10.5293541328198200847929004236050150      
   39.0921652682221950750849958258070640         9.44530775486435949012986401770837009         12.0152736149956735858599727146078616      
   44.6482994187289956186209176958811980         10.2553499621137690379337841022750867         13.3765305413188425114535699235430330      
   50.4206009824290287155175269595254649         11.1695290442794041321107357399265590         14.6299674926145053285413796705916968      
   56.3304936585016996024313829794731079         12.2317849623983642444661751371033419         15.7906647701460334546827010477795890      
   62.3003080736220719806832512243461176         13.4940135270947990140909335720734741         16.8717297944504389194641220703608557      
   68.2566170041524317511924009478823783         15.0120346225265952226238897243057286         17.8840763618650713250374702416384197      
   74.1327765622386907873817685480911391         16.8403201354680159784699224273634541         18.8363377505762239311458848578220171      
   79.8706378472001863956160106274333134         19.0262863988263773877015160198800531         19.7350136092683320550751949569786651      
   85.4214822198423522435662396865419370         21.6050678974559644060885598897643175         20.5848469531258216938421448501998946      
   90.7462901664460842760170308131320029         24.5955714682591994229430222933587959         21.3893295819315191857404841783955974      
   95.8154816979845458509638209511590613         27.9983216988088368641147607412770077         22.1512009494706164428093752844878217      
   100.608271579053067223370272077660279         31.7952503295410023240806489416940941         22.8728409501928050946652618591861195      
   105.111772494010995294149440855771677         35.9512545672187707516740579573266736         23.5565206916438323452529967346401558      
   109.319960049141037713317090545623883         40.4171174135345166510677740685554102         24.2045262458820798351191266095223688      
   113.232590476471349011696965505667672         45.1332710810061246669093260540016196         24.8191933184787314865309581006648803      
   116.854138727200780527574258560191598         50.0338813232720968706455034353454010         25.4028914750556389544173924509626756      
   120.192803607871994720748626568653094         55.0508054241799935764894213688833971         25.9579869083157366805296342060415789      
   123.259608893759062484078395650628787         60.1170937765819652913050563549690435         26.4868015177228839218944212008909827      
   126.067615325432444604059880287966084         65.1698330446421232859163641368867423         26.9915772786785776139230152845663433      
