   1.00000000000000000000000000000000000         6.00000000000000002407756625288162527        -2824.83139504569369620543791250691527      
   1.00000000000000000000000000000000000         6.00000000000000179605688148599056417        -2517.13243244439509012538047840573742      
   1.00000000000000000000000000000000000         6.00000000000008382477630330508104119        -2242.86414286711612261403945143486489      
   1.00000000000000000000000000000000000         6.00000000000257582791765197841756673        -1998.39097198493676784685333158977189      
   1.00000000000000000000000000000000000         6.00000000005453712327691773110902180        -1780.47272859156335598118169207100638      
   1.00000000000000000000000000000000000         6.00000000082849668940462565064632460        -1586.22158923454884329004701147515291      
   1.00000000000000000000000000000000000         6.00000000936249491231588773262505258        -1413.06377855166206212908229350280253      
   1.00000000000000000000000000000000000         6.00000008127719108581660977726367097        -1258.70541682854429716681683531381599      
   1.00000000000000000000000000000000000         6.00000055779728921500031887182635486        -1121.10208156919858923712105276550164      
   1.00000000000000000000000000000000000         6.00000310466455525121215797289710576        -998.431679079188544377219829036994788      
   1.00000000000000000000000000000000000         6.00001433759731689825581417526071486        -889.070265788795099847377376996761032      
   1.00000000000000000000000000000000000         6.00005606327808811742836756674427164        -791.570497816326940411020663414348528      
   1.00000000000000000000000000000000000         6.00018900755898429221099177563750466        -704.642421687995564273204964093543480      
   1.00000000000000000000000000000000000         6.00055831851379994023292443598611995        -627.136349991757050863913514766443050      
   1.00000000000000000000000000000000000         6.00146598327627150415866460496168827        -558.027593988092420250412004641409637      
   1.00000000000000000000000000000000000         6.00346563871222284451500281599434910        -496.402851534918000206588233280714598      
   1.00000000000000000000000000000000000         6.00746110247767830914514577311692368        -441.448073120779353629202484780786556      
   1.00000000000000000000000000000000000         6.01477771007614357390719521645718568        -392.437650582695198031305918913340438      
   1.00000000000000000000000000000000000         6.02717278217038936315451556516708757        -348.724791183860177459436255092928344      
   1.00000000000000000000000000000000000         6.04676210076276469995316934468054018        -309.732953616459355364349303125199831      
   1.00000000000000000000000000000000000         6.07586042139967989594842916406228926        -274.948232652570301303498084901332686      
   1.00000000000000000000000000000006298         6.11675782624928386570452371598342542        -243.912586992632994186466347151783648      
   1.00000000000000000000000000020454455         6.17147121790112755642131468564803556        -216.217812144659751616565761040110541      
   1.00000000000000000000000027657435623         6.24151587182673719265774380104291498        -191.500168408902529656853925694018534      
   1.00000000000000000000017161580110838         6.32773529511696386719447912707727997        -169.435583928803956196557250299281076      
   1.00000000000000000005318534163935625         6.43021254466878341812208334503340367        -149.735363976148607957748051427408132      
   1.00000000000000000887643285967064548         6.54826831927970668040184807122163074        -132.142349041944974535529369671120201      
   1.00000000000000085313286757811637079         6.68053561876354988116143782640578144        -116.427474517043219217309286346887377      
   1.00000000000005012376718097393929679         6.82509058626115446402382796804693044        -102.386692729177416725847617769714941      
   1.00000000000189842733537332621051244         6.97961507684278713631812150247365028        -89.8382235446898796326367904046432431      
   1.00000000004859840781557967739890530         7.14156758933104213418185841143706870        -78.6201030460398797257410687656894708      
   1.00000000087710637067676137005520828         7.30834368034353950712882716199619839        -68.5880017592923950283165583418224645      
   1.00000001158885521780442991663964107         7.47741297752021126822630365793467465        -59.6132853417303373731896572927175091      
   1.00000011593467948149229187504068334         7.64642592177298968930640200885882324        -51.5812921429345675344594376276695841      
   1.00000090508278879345807800934460672         7.81328844388980619050596579953320073        -44.3898040420586937556407727891247432      
   1.00000566598974699634641351526555722         7.97620648856062911167428369639022330        -37.9476900582982164820696407569432724      
   1.00002915126292228189009383475642936         8.13370460294955171395879968320788354        -32.1737078398398277979037653752956397      
   1.00012604671261858152046550594344916         8.28462394025125246349050870875563126        -26.9954585999830413476090452452841477      
   1.00046743071866818773289835605474622         8.42810554565296043509166587271466031        -22.3485082251410211179466241967664462      
   1.00151429797006173160980287491559604         8.56356626596846806273117432191913212        -18.1757092620104066813806024185698405      
   1.00435717066399379260379754030118203         8.69068174631240192169625746779021279        -14.4267762983432392139018796815293530      
   1.01129988740710820752789829112977310         8.80941454486283191850795756495148158        -11.0581609857410883544109695489251243      
   1.02675326339482974878984337073620891         8.92018082492360308996013687099990732        -8.03320308236548005643054701912697317      
   1.05846096145492240845271224270302322         9.02434072061045345714621526175525316        -5.32233151300540532640281592605311340      
   1.11899935963085680322839746244481267         9.12528896575413426713695782208453228        -2.90269898572351280297916506639498084      
   1.22737944174879384007705952662401128         9.23042156791152172353392048212282708       -0.756234036550138340210164330374781027      
   1.41045445756836659946705044467133994         9.35405470518972876961357155103995032         1.13456356060509696579667457214534045      
   1.70374363152850815155408956286583381         9.52094984840277879550230861536818155         2.79186078986954757572532298630536551      
   2.15126664039556912734693294496269501         9.76959015827946698338715839669691412         4.24539010765649986195266176337211749      
   2.80407901250254564247863853113756262         10.1540185093001179752980170296674850         5.53061571323968992449951729391205958      
   3.71740655971210523242534233859700901         10.7431238714627185943621498749784723         6.68361998683535963484783037760000665      
   4.94655912222448928717859431421522815         11.6168033335208211323341155270181782         7.73608326115677266712208025965107619      
   6.54208835363931664078377126123346640         12.8592532531215043897570331946096589         8.71235551607114570830931979389458027      
   8.54485781486326975863549441376663113         14.5504399966637268044541347698191879         9.62884486434562989522599709151290856      
   10.9817531072613246047449953773581828         16.7572814106561149884633653016332754         10.4951820483718832042541021054350292      
   13.8626570997327271026001787502344720         19.5261013205406577209853688096382007         11.3163266733689318934078619152889670      
   17.1790832751949910255532341830302657         22.8775497040046480473767522719096205         12.0947228075366315175887553371099479      
   20.9045668361391036722363674647784554         26.8045827726364101920444485710431690         12.8319014819668058904003930545279723      
   24.9966344071496307418700170044013282         31.2734726964184436436717659546734564         13.5293781952724336852701814461377611      
   29.3999677366711997627578359856219889         36.2273236360401667280896745356215650         14.1890000525551835710860584582457446      
   34.0502729436186992775851684446979934         41.5912868866061780354006164224581382         14.8129767539365898301843078339078751      
   38.8783622649188677875959599782163426         47.2785953508949040291260646554296817         15.4037781906727945587350852292031855      
   43.8140263777268054086588285784725852         53.1966285237380760130650207009535559         15.9640030038043529972509547129477646      
   48.7893896940710072492542897839851328         59.2524064105242374586305891403277153         16.4962639992975238630955972939577909      
   53.7415675442327195643926340524804892         65.3571308945432461808374622760079007         17.0031038082051665622331313411074895      
   58.6145595958483379672714877396244850         71.4295991405427873932908599601631393         17.4869396944674792156988399576535491      
   63.3604046641358264699737435065464587         77.3984786855900566031034867926328882         17.9500315953424487485184889933198236      
   67.9396834917404104178551410083755261         83.2035481512130439921784852651484884         18.3944669684822658238561821727049318      
   72.3214896650941458502028348377775384         88.7960732296472312885598969692445909         18.8221570427780531592922683090170303      
   76.4829997282621563421098787479086080         94.1385135773438476587612637755281951         19.2348403998099862395070584400372323      
   80.4087682129667645613288007931902144         99.2037536555925161436706789507060981         19.6340909939517880240237980417731716      
   84.0898579530741096484619682838123576         103.974030108726613237611458007670000         20.0213286360734996840445720107225482      
   87.5228958489652482444584885117698123         108.439698783349669882573665782842191         20.3978306316055872061087947347481545      
   90.7091229746260552182353762655900137         112.597952409582484961320190555473985         20.7647437290949136335381825510319582      
   93.6534880348844910938944860211138171         116.451569472054506110085080073464513         21.1230958528173444160381359346278618      
   96.3638160392502121804229957992687908         120.007748230031017190072047124093782         21.4738073057794132224935050281996215      
   98.8500702050449174402829597007668859         123.277058182479564054639068453594576         21.8177012699586451462737114352488122      
   101.123714536261901566606835151788178         126.272524597536598269107775360572129         22.1555135220353437907748366063649790      
   103.197176927714425413601045437309349         129.008849593244192045024393169587910         22.4879013412282876497640952687757157      
   105.083407545868922775672177001116367         131.501764969583306106963940523408394         22.8154516221490378868956078563275344      
   106.795524126928383778622478460658622         133.767506779292580684107079529924624         23.1386882272739087185465915705640519      
   108.346534224888916058899874349561381         135.822398750874217135622212712175728         23.4580786257076754497102516801932985      
   109.749123915466761447299052922689516         137.682530498013472283254559977316361         23.7740398707379879909185003488186601      
   111.015502669798582867709501037926803         139.363516435952149423753925033801071         24.0869439705005119491071203970103730      
   112.157294784144334005310544004989379         140.880322062293918687796975368855934         24.3971227053895552125400047609095390      
   113.185468686128549830744624160370631         142.247145435826970160340812901700511         24.7048719436517361885513967689711395      
   114.110296489410058146104477989651453         143.477343077958744047823194408487317         25.0104555035475716297748461886578848      
   114.941337238109915661584449757717173         144.583390972886716831587385934847727         25.3141086069872831562378863192964940      
   115.687438306196003970877728625654243         145.576872754050867772151519384970936         25.6160409659199793320146271315050949      
   116.356750357768219076084456412086518         146.468488474941386326858114419793012         25.9164395391549983754881078076725217      
   116.956752112845587069094912035149147         147.268078539659460443340607934916713         26.2154709938277765270992350538252952      
   117.494281893558458703791015388776083         147.984658400011076951404393989340109         26.5132839024520047620408575308799275      
   117.975573549573662511818774849547925         148.626460511450836725753233566990640         26.8100107034570224578642671045673225      
   118.406294886097353532922840945279446         149.200980787883958668156738662827837         27.1057694503068586794250923878480389      
   118.791587152566471246890701887740780         149.715027417580635537072642542463700         27.4006653717351004392509985458625645      
   119.136104505929545526678837913583446         150.174770413660879383005414717415495         27.6947922633001445891898248549374067      
   119.444052650097125949033596758408547         150.585790687597307250571437335839110         27.9882337283561185839793408530757037      
   119.719226083038564011801976652177287         150.953127767226195872557504238856216         28.2810642846311276875986599780677791      
   119.965043564550541961599072086391047         151.281325544998565272661351725965689         28.5733503508907325122065169365800479      
   120.184581559302814488176229417070435         151.574475649387080597275122755490352         28.8651511266247471128591190838514161      
   120.380605518660671439154450833457776         151.836258192745255392394341572904827         29.1565193763140416942151385030423232      
