   4.00000000000000000000000000000000000         1.00000000000000000000000000000000000        -11355.1371119330240588730966137278490      
   4.00000000000000000000000000000000000         1.00000000000000000000000000000000000        -11355.1371119330240588730966137278490      
   4.00000000000000000000000000000000000         1.00000000000000000000000000000000000        -11355.1371119330240588730966137278490      
   4.00000000000000000000000000000000000         1.00000000000000000000000000000000000        -11355.1371119330240588730966137278490      
   4.00000000000000000000000000000000000         1.00000000000000000000000000000000000        -11355.1371119330240588730966137278490      
   4.00000000000000000000000000000000000         1.00000000000000000000000000000000000        -11355.1371119330240588730966137278490      
   4.00000000000000000000000000000000000         1.00000000000000000000000000000000000        -11355.1371119330240588730966137278490      
   4.00000000000000000000000000000000000         1.00000000000000000000000000000000000        -11355.1371119330240588730966137278490      
   4.00000000000000000000000000000000000         1.00000000000000000000000000000000000        -11355.1371119330240588730966137278490      
   4.00000000000000000000000000000000000         1.00000000000000000000000000000000000        -11355.1371119330240588730966137278490      
   4.00000000000000000000000000000000000         1.00000000000000000000000000000000000        -11355.1371119330240588730966137278490      
   4.00000000000000000000000000000000000         1.00000000000000000000000000000000000        -11355.1371119330240588730966137278490      
   4.00000000000000000000000000000000000         1.00000000000000000000000000000000000        -11355.1371119330240588730966137278490      
   4.00000000000000000000000000000000000         1.00000000000000000000000000000000000        -11355.1371119330240588730966137278490      
   4.00000000000000000000000000000000000         1.00000000000000000000000000000000000        -11355.1371119330240588730966137278490      
   4.00000000000000000000000000000000000         1.00000000000000000000000000000000000        -11355.1371119330240588730966137278490      
   4.00000000000000000000000000000000000         1.00000000000000000000000000000000000        -11355.1371119330240588730966137278490      
   4.00000000000000000000000000000000000         1.00000000000000000000000000000000000        -11355.1371119330240588730966137278490      
   4.00000000000000000000000000000000000         1.00000000000000000000000000000000000        -11212.9120000857744892518517879278451      
   4.00000000000000000000000000000000000         1.00000000000000000000000000000000000        -9992.79934227081047560958499661279789      
   4.00000000000000000000000000000000000         1.00000000000000000000000000000000000        -8905.34149086827486339568692419365304      
   4.00000000000000000000000000000000000         1.00000000000000000000000000000000000        -7936.11236012876646619712028860243803      
   4.00000000000000000000000000000000000         1.00000000000000000000000000000000000        -7072.25468759453361920125010609533119      
   4.00000000000000000000000000000000000         1.00000000000000000000000000000000000        -6302.30942603827336439159564813466993      
   4.00000000000000000000000000000000000         1.00000000000000000000000000000000000        -5616.06368886853304488162051119992725      
   4.00000000000000000000000000000000000         1.00000000000000000000000000000000000        -5004.41523132962692950908213273935004      
   4.00000000000000000000000000000000000         1.00000000000000000000000000000000000        -4459.25166924392714499380390632918157      
   4.00000000000000000000000000000000000         1.00000000000000000000000000000000000        -3973.34283260262149553886324102764561      
   4.00000000000000000000000000000000000         1.00000000000000000000000000000000000        -3540.24482560248964045493356055492060      
   4.00000000000000000000000000000000000         1.00000000000000000000000000000000000        -3154.21452006367534542280866981421717      
   4.00000000000000000000000000000000000         1.00000000000000000000000000000000000        -2810.13334760805939117834475148236972      
   4.00000000000000000000000000000000000         1.00000000000000000000000000000000000        -2503.43937936674129923621317964177971      
   4.00000000000000000000000000000000000         1.00000000000000000000000000000000000        -2230.06679195561410152353651705435253      
   4.00000000000000000000000000000000000         1.00000000000000000000000000000000000        -1986.39191646930634274982356722198153      
   4.00000000000000000000000000000000000         1.00000000000000000000000000000000000        -1769.18515459641963063087548226460632      
   4.00000000000000000000000000000000000         1.00000000000000000000000000000000000        -1575.56812381212498761401443353780443      
   4.00000000000000000000000000000000000         1.00000000000000000000000000000000000        -1402.97546299086080836964434324124334      
   4.00000000000000000000000000000000000         1.00000000000000000000000000000000000        -1249.12079162281847078771756758848709      
   4.00000000000000000000000000000000000         1.00000000000000000000000000000000000        -1111.96637093370032903920779186516600      
   4.00000000000000000000000000000000000         1.00000000000000000000000000000000000        -989.696064329242097535529088695010320      
   4.00000000000000000000000000000000000         1.00000000000000000000000000000000000        -880.691238366026706174687257414443729      
   4.00000000000000000000000000000000000         1.00000000000000000000000000000000000        -783.509284469114036315378569816668722      
   4.00000000000000000000000000000000000         1.00000000000000000000000000000000000        -696.864476392728921476339527527308220      
   4.00000000000000000000000000000000000         1.00000000000000000000000000000000000        -619.610909414141065855922057692589535      
   4.00000000000000000000000000000000000         1.00000000000000000000000000000000000        -550.727294874205203765472519960463181      
   4.00000000000000000000000000000000000         1.00000000000000000000000000000000000        -489.303408297352762088766658075753522      
   4.00000000000000000000000000000000000         1.00000000000000000000000000000000000        -434.528011265820953497786811396083859      
   4.00000000000000000000000000000000000         1.00000000000000000000000000000000000        -385.678086778728558412840720827279449      
   4.00000000000000000000000000000000000         1.00000000000000000000000000000000000        -342.109245255753542764995728741354566      
   4.00000000000000000000000000000000000         1.00000000000000000000000000000000000        -303.247173878910283122331215628632245      
   4.00000000000000000000000000000000000         1.00000000000000000000000000000000000        -268.580015810386857558432799756795484      
   4.00000000000000000000000000000000000         1.00000000000000000000000000000000000        -237.651578163293218224767618534084016      
   4.00000000000000000000000000000000000         1.00000000000000000000000000000000000        -210.055278599218668314047928236689829      
   4.00000000000000000000000000000000000         1.00000000000000000000000000000000000        -185.428750227626062297224609214800717      
   4.00000000000000000000000000000000000         1.00000000000000000000000000000000000        -163.449033217375560945877776680411178      
   4.00000000000000000000000000000000000         1.00000000000000000000000000000000000        -143.828289315984266504739647769078987      
   4.00000000000000000000000000000000000         1.00000000000000000000000000000000000        -126.309982410896018440850614700770644      
   4.00000000000000000000000000000000000         1.00000000000000000000000000000000000        -110.665474451129954543205913096843291      
   4.00000000000000000000000000000000000         1.00000000000000000000000000000000000        -96.6909915592563102289029114858591993      
   4.00000000000000000000000000000000000         1.00000000000000000000000000000000000        -84.2049200758486569390830171301916438      
   4.00000000000000000000000000000000000         1.00000000000000000000000000000000000        -73.0453966565652876635468099634829776      
   4.00000000000000000000000000000000000         1.00000000000000000000000000000000000        -63.0681604439121905381639171650534992      
   4.00000000000000000000000000000000000         1.00000000000000000000000000000000000        -54.1446388133118489148079888974654566      
   4.00000000000000000000000000000000000         1.00000000000000000000000000000000000        -46.1602412924912332133142178753415858      
   4.00000000000000000000000000000000000         1.00000000000000000000000000000000000        -39.0128390155358168648172400634769716      
   4.00000000000000000000000000000000000         1.00000000000000000000000000000000000        -32.6114095348887425576946298363540145      
   4.00000000000000000000000000000000000         1.00000000000000000000000000000000000        -26.8748290087737315591446211297350558      
   4.00000000000000000000000000000000000         1.00000000000000000000000000000000000        -21.7307957371026619111979880342026193      
   4.00000000000000000000000000000000000         1.00000000000000000000000000000000000        -17.1148707618433302069614647869581374      
   4.00000000000000000000000000000000000         1.00000000000000000000000000000000000        -12.9696228011971741032429894370339187      
   4.00000000000000000000000000000000000         1.00000000000000000000000000000000000        -9.24386617138300140740112381119825145      
   4.00000000000000000000000000000000000         1.00000000000000000000000000000000000        -5.89198158371180733458258165027510796      
   4.00000000000000000000000000000000000         1.00000000000000000000000000000000000        -2.87331080434252220405858858188370315      
   4.00000000000000000000000000000000000         1.00000000000000000000000000000000000       -0.151617144221431462924232641042798729      
   4.00000000000000000000000000000000000         1.00000000000000000000000000000000000         2.30539537976544881166247465104814278      
   4.00000000000000000000000000000000000         1.00000000000000000000000000000000000         4.52651059286640839522831158083335178      
   4.00000000000000000000000000000000000         1.00000000000000000000000000000000000         6.53738210633706334106923892631617878      
   4.00000000000000000000000000000000000         1.00000000000000000000000000000000000         8.36087372527549987028573312536089893      
   4.00000000000000000000000000000000000         1.00000000000000000000000000000000000         10.0173628374246944411680573251113048      
   4.00000000000000000000000000000000000         1.00000000000000000000000000000000000         11.5250108087272899096020707993300534      
   4.00000000000000000000000000000000000         1.00000000000000000000000000000000000         12.9000039736174569766077155546529075      
   4.00000000000000000000000000000000000         1.00000000000000000000000000000000000         14.1567684178445968285980288731478320      
   4.00000000000000000000000000000000000         1.00000000000000000000000000000000000         15.3081614038664611303856457385586564      
   4.00000000000000000000000000000000000         1.00000000000000000000000000000000000         16.3656419789103528399870468794230220      
   4.00000000000000000000000000000000000         1.00000000000000000000000000000000000         17.3394230295677246142887686992614722      
   4.00000000000000000000000000000000000         1.00000000000000000000000000000000000         18.2386068005942621844530537606257603      
   4.00000000000000000000000000000000000         1.00000000000000000000000000000000000         19.0713056761675934237600786699396356      
   4.00000000000000000000000000000000000         1.00000000000000000000000000000000000         19.8447498262965305280067660181448899      
   4.00000000000000000000000000000000000         1.00000000000000000000000000000000000         20.5653831467842938378824423815213206      
   4.00000000000000000000000000000000000         1.00000000000000000000000000000000000         21.2389487658107395877063139551657322      
   4.00000000000000000000000000000000000         1.00000000000000000000000000000000000         21.8705652517539869967425245564012914      
   4.00000000000000000000000000000000000         1.00000000000000000000000000000000000         22.4647945334829365434764028111455880      
   4.00000000000000000000000000000000000         1.00000000000000000000000000000000000         23.0257024343816951959808261566367348      
   4.00000000000000000000000000000000000         1.00000000000000000000000000000000000         23.5569126233556344095462857893728097      
   4.00000000000000000000000000000000000         1.00000000000000000000000000000000000         24.0616546987161525764569805572338928      
   4.00000000000000000000000000000000000         1.00000000000000000000000000000000000         24.5428070429880786742655882888644053      
   4.00000000000000000000000000000000000         1.00000000000000000000000000000000000         25.0029350172969743083017050620646821      
   4.00000000000000000000000000000000000         1.00000000000000000000000000000000000         25.4443250021526481006753785206211457      
   4.00000000000000000000000000000000000         1.00000000000000000000000000000000000         25.8690147363293976972156349792481747      
   4.00000000000000000000000000000000000         1.00000000000000000000000000000000000         26.2788203564214873835110603653220398      
   4.00000000000000000000000000000000000         1.00000000000000000000000000000000000         26.6753604958723342296636488795063170      
