   2.00000000000000000000000000000000000         1.00000000000000000000000000000000000        -5377.48167708680817178626555259941952      
   2.00000000000000000000000000000000000         1.00000000000000000000000000000000000        -4792.45462230789814848031198427836810      
   2.00000000000000000000000000000000000         1.00000000000000000000000000000000000        -4271.01741040648116351594265580601174      
   2.00000000000000000000000000000000000         1.00000000000000000000000000000000000        -3806.25470562540732529726546538658471      
   2.00000000000000000000000000000000000         1.00000000000000000000000000000000000        -3392.00320848360695748719956602131140      
   2.00000000000000000000000000000000000         1.00000000000000000000000000000000000        -3022.76987253657748405160986505365441      
   2.00000000000000000000000000000000000         1.00000000000000000000000000000000000        -2693.65901498744374874888010470937888      
   2.00000000000000000000000000000000000         1.00000000000000000000000000000000000        -2400.30735395068552941962285551915103      
   2.00000000000000000000000000000000000         1.00000000000000000000000000000000000        -2138.82611035249094999820198406703776      
   2.00000000000000000000000000000000000         1.00000000000000000000000000000000000        -1905.74940619513029788748200837446025      
   2.00000000000000000000000000000000000         1.00000000000000000000000000000000000        -1697.98827446166985917523633439742035      
   2.00000000000000000000000000000000000         1.00000000000000000000000000000000000        -1512.78967040040326392268188772112308      
   2.00000000000000000000000000000000000         1.00000000000000000000000000000000000        -1347.69994029364802539200165774248036      
   2.00000000000000000000000000000000000         1.00000000000000000000000000000000000        -1200.53226296366427487515081418766871      
   2.00000000000000000000000000000000000         1.00000000000000000000000000000000000        -1069.33763198426061210875805391586952      
   2.00000000000000000000000000000000000         1.00000000000000000000000000000000000        -952.378993549665252943207272732794634      
   2.00000000000000000000000000000000000         1.00000000000000000000000000000000000        -848.108196825895301759409573849230716      
   2.00000000000000000000000000000000000         1.00000000000000000000000000000000000        -755.145450929790962307157497745392067      
   2.00000000000000000000000000000000000         1.00000000000000000000000000000000000        -672.261015942307676911672088619845515      
   2.00000000000000000000000000000025499         1.00000000000000000000000000000000000        -598.358885006936467264334395838807433      
   2.00000000000000000000000000058411298         1.00000000000000000000000000000000000        -532.462240984612689024310092119039862      
   2.00000000000000000000000057658481469         1.00000000000000000000000000000000000        -473.700494683759856554262711536283059      
   2.00000000000000000000026891793914380         1.00000000000000000000000000000000000        -421.297732670656327918373888821072607      
   2.00000000000000000006430061015594079         1.00000000000000000000000000000000000        -374.562421369587113957086161586586029      
   2.00000000000000000847781295013125565         1.00000000000000000000000000000000000        -332.878230832445247040834303781394713      
   2.00000000000000065778885595182784638         1.00000000000000000000000000000000000        -295.695856414780469882478831146825202      
   2.00000000000003183484643768055703203         1.00000000000000000000000000000000000        -262.525729836905281801282621937983669      
   2.00000000000101245370691676990169016         1.00000000000000000000000000000000000        -232.931522910268120038335112396975096      
   2.00000000002217174536586296109693917         1.00000000000000000000000000000000000        -206.524357727497411602570412988555450      
   2.00000000034862819535611164938366015         1.00000000000000000000000000000000000        -182.957646488962744477026384470752947      
   2.00000000408625177960034694028790333         1.00000000000000000000000000000000000        -161.922492494523682256399921684228995      
   2.00000003691294128075756779476795433         1.00000000000000000000000000000000039        -143.143591281848537174037592949227034      
   2.00000026471731641357920123180187171         1.00000000000000000000000000000232941        -126.375577562113362158842586556431883      
   2.00000154707653556272811981574572779         1.00000000000000000000000000519101714        -111.399769647332476121114789651914731      
   2.00000754095362931214990651905394288         1.00000000000000000000000502384779447        -98.0212687233620175304686293500593793      
   2.00003129309174916971999439554093598         1.00000000000000000000231173704048021        -86.0663759328944137109970967683422455      
   2.00011259876655136047578515508582400         1.00000000000000000054824758683094830        -75.3802960889306446715201354482786263      
   2.00035710883226719046583719993664512         1.00000000000000007200339782264672058        -65.8251029170370467526898377960916280      
   2.00101299784695152425284465777435119         1.00000000000000558354359957039896809        -57.2779464275458836246015766874431735      
   2.00260365820129586743123670490978079         1.00000000000027074683157403278301603        -49.6294871228063310222599279101906860      
   2.00613230251664565380587467793082935         1.00000000000864400967001801844771692        -42.7825423753509911318650349282218749      
   2.01336309010038775715766663086131468         1.00000000019038864187035215593911399        -36.6509247843796695572837670830636124      
   2.02716102767044060906624864358982549         1.00000000301875847081449486277740155        -31.1584375599497374455966661233324451      
   2.05184172667078228536281889924978032         1.00000003582794474390945832261166120        -26.2379670614623003191175707124985925      
   2.09345275963791437514760903927319607         1.00000032985585371591353254782499456        -21.8305838386438353740645634405374627      
   2.15989777298240708005723377188926827         1.00000243291618933270509726788449299        -17.8845496231441310713639172678477461      
   2.26083642891431164451250639019102789         1.00001478823431051034637128698672209        -14.3541577400330280472098225718671643      
   2.40734845336724783769095291375481063         1.00007587081797353041347102074923035        -11.1984262134795058520173719296438403      
   2.61142568988228193338463050452676269         1.00033499962365818294968561602219890        -8.37978019519882126783386166377411175      
   2.88543350752248810954236196380574359         1.00129279613931611798396284436697088        -5.86289006840433924452924711539888602      
   3.24174353780402647517699431886205873         1.00441466242443319342160212103311171        -3.61365702339458793651942296238806016      
   3.69276117574437846378253044689504168         1.01347786077623936668346528213898908        -1.59800633188399750347677739307265611      
   4.25152337737010085037936415257029865         1.03712372877264518935072675067351344        0.219996372264742196431036466530072861      
   4.93289902740888051911787712451443436         1.09303544260855950589945800308157576         1.88047595732198731522726090789254149      
   5.75519382142095570632882856014423710         1.21383749736762901032965263333311022         3.42801949613160714208235595158333028      
   6.74171073471522217315343435670496281         1.45421941851775904632175180065888650         4.90502224326725935528097216645943755      
   7.92165730769036457827836893469878811         1.89808702624755559121847766876404367         6.33776566287345434254237037368920338      
   9.32982379650280058521729792036852163         2.66400211528841978808149368265518273         7.72770533407491773043868421610893027      
   11.0047099005497875290929258199626466         3.90702113095009584778846278702382112         9.05933304209993436936979683031732064      
   12.9851805758178868910409880243166768         5.81539658798841506110929991977684818         10.3155476190957811018161031838103764      
   15.3061423598098360839775682657151874         8.60142297682442104681402460801285257         11.4864321743193422473974816301450072      
   17.9940076857647855886619444634881882         12.4868252137599652387719368530570140         12.5699564093065070925264384469270058      
   21.0627732855880176717228558705565363         17.6842456573540499860511571524970400         13.5694606096007605151514397288964081      
   24.5113832360860446492809738902034465         24.3772932708933108066455301233640004         14.4911061073483358921123671936868121      
   28.3227501479070507970174310621640402         32.7020292746053843621233519031310747         15.3421502135913116781499497781385820      
   32.4644709804391565223603485418387406         42.7325630986184566176344903372148242         16.1299620442625442388631393622538487      
   36.8909868890330038170565597613152211         54.4726835337819073832049381667978789         16.8615253676029127597654735775033807      
   41.5467531932010749137968963777221778         67.8543678716972124397814349438992090         17.5432246326689615060297697444162649      
   46.3699190618236541617146826449937978         82.7428804564836426078631793538185747         18.1807838270810860746931883753901558      
   51.2960487131980928891132373075770813         98.9472458340917819274117268629806527         18.7792819355362488479717306842560786      
   56.2615126904300712001593366425400226         116.234316034955602576745218279279476         19.3432026984296838715132931766514090      
   61.2063028123385950267866457515445052         134.344482490483271415645060000817350         19.8764962813324406729605229915263407      
   66.0761482767705619815170832996523982         153.007249322476381610884743365942111         20.3826416929689277848146627050286893      
   70.8239142112978534410286928269894642         171.955271185737881931397435647720606         20.8647048977827426414989162975035787      
   75.4103391088271123604199619847004923         190.935940589304463102470516196557453         21.3253907586485904153488607823139450      
   79.8042133060747959675854031684716439         209.720082916583365508373983575633495         21.7670885191258043562981100170950866      
   83.9821210661291099282668973343360995         228.107713959019552387291013815647068         22.1919112429502799150271097519160011      
   87.9278701953532355679574030707858092         245.931102581691933808350391691253372         22.6017298914266011831388497736625252      
   91.6317220034554338905395834035264242         263.055556728486899716956864177155287         22.9982027658803986056630477142363917      
   95.0895164863155582520656484995474599         279.378429214264768238109626603916575         23.3828009930775685379045490191633801      
   98.3017672151978373083725344469382088         294.826844130122408560258630849770104         23.7568306476304030050931008559675423      
   101.272780502358986792869168673043593         309.354600113000014063138305856768572         24.1214520160536317060654817701953568      
   104.009835725627728062487767661221897         322.938635143927523062962561536065226         24.4776964248741485405560449368818106      
   106.522449053248537197191912086797219         335.575355918097009457993068262775156         24.8264809843441861583734087896814553      
   108.821731397546562637522470386367770         347.277054856036891152850524374951063         25.1686215403082348680560250027135013      
   110.919843031628174171087219111131123         358.068566508188278719349345628172932         25.5048440784722823156427471865419622      
   112.829541511696689089405963841247200         367.984255819614162404048376492862107         25.8357947860585723587720586350522932      
   114.563815867172335418042072568477672         377.065384298134086093211264272196635         26.1620489439359717219667634362590365      
   116.135597966022462480161998028434478         385.357865808707332407037290098342721         26.4841187963282148483367862399288295      
   117.557541098905096586289438509835905         392.910399890217727317078746728584548         26.8024605239045742689605322175750285      
   118.841855789222156967161670460713117         399.772955219471181887233398842508664         27.1174804284768957899121124539863266      
   120.000193338108191083642814136858046         405.995567195747336316742696488163464         27.4295404228990194962655224328389774      
   121.043568434412189214496720186380977         411.627409842694088210343094736995157         27.7389629074946384334486869211720421      
   121.982313140321689336220848992797332         416.716101853905590882260788564881921         28.0460351039665769048732318617350297      
   122.826055592541559079060010168007860         421.307208471485350407174872235930045         28.3510129089066188305083055394744196      
   123.583717763864335131357894653286372         425.443904088470154004114495929759103         28.6541243214517883598858337886211808      
   124.263527565910567443456752569340210         429.166764352092550718899278054358582         28.9555724931019922891144455378726192      
   124.873041416595666548738434565513158         432.513660658403824093788238781163647         29.2555384420525844112546371578462003      
   125.419174135504669218382328704064754         435.519733966815534295989476502590397         29.5541834694660243678683039325425604      
   125.908233666233645802164388201181461         438.217428638658681777293264954548742         29.8516513107984359275650035012943106      
   126.345958662141345321074247788255825         440.636570413962883293079924983267231         30.1480700515191981416069363113978883      
