   4.00000000000000000000000000000000000         1.00000000000000000000000000000000000        -11355.1371119330240588730966137278490      
   4.00000000000000000000000000000000000         1.00000000000000000000000000000000000        -11355.1371119330240588730966137278490      
   4.00000000000000000000000000000000000         1.00000000000000000000000000000000000        -11355.1371119330240588730966137278490      
   4.00000000000000000000000000000000000         1.00000000000000000000000000000000000        -11355.1371119330240588730966137278490      
   4.00000000000000000000000000000000000         1.00000000000000000000000000000000000        -11355.1371119330240588730966137278490      
   4.00000000000000000000000000000000000         1.00000000000000000000000000000000000        -11355.1371119330240588730966137278490      
   4.00000000000000000000000000000000000         1.00000000000000000000000000000000000        -11355.1371119330240588730966137278490      
   4.00000000000000000000000000000000000         1.00000000000000000000000000000000000        -11355.1371119330240588730966137278490      
   4.00000000000000000000000000000000000         1.00000000000000000000000000000000000        -11355.1371119330240588730966137278490      
   4.00000000000000000000000000000000000         1.00000000000000000000000000000000000        -11355.1371119330240588730966137278490      
   4.00000000000000000000000000000000000         1.00000000000000000000000000000000000        -11355.1371119330240588730966137278490      
   4.00000000000000000000000000000000000         1.00000000000000000000000000000000000        -11355.1371119330240588730966137278490      
   4.00000000000000000000000000000000000         1.00000000000000000000000000000000000        -11355.1371119330240588730966137278490      
   4.00000000000000000000000000000000000         1.00000000000000000000000000000000000        -11355.1371119330240588730966137278490      
   4.00000000000000000000000000000000000         1.00000000000000000000000000000000000        -11355.1371119330240588730966137278490      
   4.00000000000000000000000000000000000         1.00000000000000000000000000000000000        -11355.1371119330240588730966137278490      
   4.00000000000000000000000000000000000         1.00000000000000000000000000000000000        -11355.1371119330240588730966137278490      
   4.00000000000000000000000000000000000         1.00000000000000000000000000000000000        -11355.1371119330240588730966137278490      
   4.00000000000000000000000000000000000         1.00000000000000000000000000000000000        -11355.1371119330240588730966137278490      
   4.00000000000000000000000000000000000         1.00000000000000000000000000000000000        -11355.1371119330240588730966137278490      
   4.00000000000000000000000000000000000         1.00000000000000000000000000000000000        -11355.1371119330240588730966137278490      
   4.00000000000000000000000000000000000         1.00000000000000000000000000000000000        -11355.1371119330240588730966137278490      
   4.00000000000000000000000000000000000         1.00000000000000000000000000000000000        -11355.1371119330240588730966137278490      
   4.00000000000000000000000000000000000         1.00000000000000000000000000000000000        -11355.1371119330240588730966137278490      
   4.00000000000000000000000000000000000         1.00000000000000000000000000000000000        -11355.1371119330240588730966137278490      
   4.00000000000000000000000000000000000         1.00000000000000000000000000000000000        -11355.1371119330240588730966137278490      
   4.00000000000000000000000000000000000         1.00000000000000000000000000000000000        -11355.1371119330240588730966137278490      
   4.00000000000000000000000000000000000         1.00000000000000000000000000000000000        -11355.1371119330240588730966137278490      
   4.00000000000000000000000000000000000         1.00000000000000000000000000000000000        -11355.1371119330240588730966137278490      
   4.00000000000000000000000000000000000         1.00000000000000000000000000000000000        -11355.1371119330240588730966137278490      
   4.00000000000000000000000000000000000         1.00000000000000000000000000000000000        -11355.1371119330240588730966137278490      
   4.00000000000000000000000000000000000         1.00000000000000000000000000000000000        -10515.8196271451215718082135278257557      
   4.00000000000000000000000000000000000         1.00000000000000000000000000000000000        -9371.10820447238797799896721448580658      
   4.00000000000000000000000000000000000         1.00000000000000000000000000000000000        -8350.85177462680836902659901595369788      
   4.00000000000000000000000000000000000         1.00000000000000000000000000000000000        -7441.51597389385831988151426356934225      
   4.00000000000000000000000000000000000         1.00000000000000000000000000000000000        -6631.03828791592461190242385613408017      
   4.00000000000000000000000000000000000         1.00000000000000000000000000000000000        -5908.66798945553268914092881565832269      
   4.00000000000000000000000000000000000         1.00000000000000000000000000000000000        -5264.82348277666334314512771884330858      
   4.00000000000000000000000000000000000         1.00000000000000000000000000000000000        -4690.96516169077115839673555882733047      
   4.00000000000000000000000000000000000         1.00000000000000000000000000000000000        -4179.48209417102229430420321396326885      
   4.00000000000000000000000000000000000         1.00000000000000000000000000000000000        -3723.59102990842892113280407511913666      
   4.00000000000000000000000000000000000         1.00000000000000000000000000000000000        -3317.24639070150961639349859523463671      
   4.00000000000000000000000000000000000         1.00000000000000000000000000000000000        -2955.06004930663314024292588877277046      
   4.00000000000000000000000000000000000         1.00000000000000000000000000000000000        -2632.22983226312915771093335052170060      
   4.00000000000000000000000000000000000         1.00000000000000000000000000000000000        -2344.47579796909425741217416122467277      
   4.00000000000000000000000000000000000         1.00000000000000000000000000000000000        -2087.98344445667437830634316010584698      
   4.00000000000000000000000000000000000         1.00000000000000000000000000000000000        -1859.35309326850657005696129948933171      
   4.00000000000000000000000000000000000         1.00000000000000000000000000000000000        -1655.55477779011301837324403772831289      
   4.00000000000000000000000000000000000         1.00000000000000000000000000000000000        -1473.88803743382644239774628550942656      
   4.00000000000000000000000000000000000         1.00000000000000000000000000000000000        -1311.94608416749517230194561891537607      
   4.00000000000000000000000000000000000         1.00000000000000000000000000000000000        -1167.58386589957496105206020381941885      
   4.00000000000000000000000000000000000         1.00000000000000000000000000000000000        -1038.88960294113124548196765335247998      
   4.00000000000000000000000000000000000         1.00000000000000000000000000000000000        -924.159419850896055961590997979835076      
   4.00000000000000000000000000000000000         1.00000000000000000000000000000000000        -821.874736043376264924902154087972357      
   4.00000000000000000000000000000000000         1.00000000000000000000000000000000000        -730.682115147119429870941654810884688      
   4.00000000000000000000000000000000000         1.00000000000000000000000000000000000        -649.375305726364228933580590028706512      
   4.00000000000000000000000000000000000         1.00000000000000000000000000000000000        -576.879235057363206517979061942477751      
   4.00000000000000000000000000000000000         1.00000000000000000000000000000000000        -512.235743566514441778946928222325477      
   4.00000000000000000000000000000000000         1.00000000000000000000000000000000000        -454.590870634963393164655688182075679      
   4.00000000000000000000000000000000000         1.00000000000000000000000000000000000        -403.183523060026676615950429657017538      
   4.00000000000000000000000000000000000         1.00000000000000000000000000000000000        -357.335375810805509159358491733952253      
   4.00000000000000000000000000000000000         1.00000000000000000000000000000000000        -316.441871067151748545975919706850350      
   4.00000000000000000000000000000000000         1.00000000000000000000000000000000000        -279.964196104702270791466625022011669      
   4.00000000000000000000000000000000000         1.00000000000000000000000000000000000        -247.422133577390042398815347158252724      
   4.00000000000000000000000000000000000         1.00000000000000000000000000000000000        -218.387689325024722229487404189897949      
   4.00000000000000000000000000000000000         1.00000000000000000000000000000000000        -192.479413150820904179452280039363392      
   4.00000000000000000000000000000000000         1.00000000000000000000000000000000000        -169.357337209042293215062069939059833      
   4.00000000000000000000000000000000000         1.00000000000000000000000000000000000        -148.718464838241107907238319724305944      
   4.00000000000000000000000000000000000         1.00000000000000000000000000000000000        -130.292749979650620170236520463765305      
   4.00000000000000000000000000000000000         1.00000000000000000000000000000000000        -113.839513830055663021204429765708300      
   4.00000000000000000000000000000000000         1.00000000000000000000000000000000000        -99.1442511803018117567638642174606073      
   4.00000000000000000000000000000000000         1.00000000000000000000000000000000000        -86.0157840614956100603025851321147035      
   4.00000000000000000000000000000000000         1.00000000000000000000000000000000000        -74.2837249295102609688128955561982256      
   4.00000000000000000000000000000000000         1.00000000000000000000000000000000000        -63.7962157257964517256919871283599625      
   4.00000000000000000000000000000000000         1.00000000000000000000000000000000000        -54.4179128132089380808439131619992118      
   4.00000000000000000000000000000000000         1.00000000000000000000000000000000000        -46.0281910481715878476557826451294080      
   4.00000000000000000000000000000000000         1.00000000000000000000000000000000000        -38.5195431583096554666436057978545370      
   4.00000000000000000000000000000000000         1.00000000000000000000000000000000000        -31.7961531862629488532883683871873191      
   4.00000000000000000000000000000000000         1.00000000000000000000000000000000000        -25.7726250701460138524072203445103394      
   4.00000000000000000000000000000000000         1.00000000000000000000000000000000000        -20.3728494896905120580846704533525342      
   4.00000000000000000000000000000000000         1.00000000000000000000000000000000000        -15.5289939418065651729734526223940216      
   4.00000000000000000000000000000000000         1.00000000000000000000000000000000000        -11.1806026444793589721831713810318952      
   4.00000000000000000000000000000000000         1.00000000000000000000000000000000000        -7.27379432527258105728021787389592657      
   4.00000000000000000000000000000000000         1.00000000000000000000000000000000000        -3.76054724957952807856306604886809303      
   4.00000000000000000000000000000000000         1.00000000000000000000000000000000000       -0.598062001381165922178247713380624794      
   4.00000000000000000000000000000000000         1.00000000000000000000000000000000000         2.25180643900104602227728874032482631      
   4.00000000000000000000000000000000000         1.00000000000000000000000000000000000         4.82305485614073725816833378900713444      
   4.00000000000000000000000000000000000         1.00000000000000000000000000000000000         7.14598291618268592840273284913457711      
   4.00000000000000000000000000000000000         1.00000000000000000000000000000000000         9.24759522500356484155493681384060388      
   4.00000000000000000000000000000000000         1.00000000000000000000000000000000000         11.1519596629248906959101699222982934      
   4.00000000000000000000000000000000000         1.00000000000000000000000000000000000         12.8805267508621059618062505157750553      
   4.00000000000000000000000000000000000         1.00000000000000000000000000000000000         14.4524142857045562709044024629616141      
   4.00000000000000000000000000000000000         1.00000000000000000000000000000000000         15.8846610218649213195053954592052925      
   4.00000000000000000000000000000000000         1.00000000000000000000000000000000000         17.1924527651981323832695103406410918      
   4.00000000000000000000000000000000000         1.00000000000000000000000000000000000         18.3893238794187138872063417759291593      
   4.00000000000000000000000000000000000         1.00000000000000000000000000000000000         19.4873368788842790499771788662681296      
   4.00000000000000000000000000000000000         1.00000000000000000000000000000000000         20.4972424908323024275304205896476109      
   4.00000000000000000000000000000000000         1.00000000000000000000000000000000000         21.4286223109988032283179683693663316      
   4.00000000000000000000000000000000000         1.00000000000000000000000000000000000         22.2900159455723268678581072122860115      
   4.00000000000000000000000000000000000         1.00000000000000000000000000000000000         23.0890343265797071867423862400537813      
   4.00000000000000000000000000000000000         1.00000000000000000000000000000000000         23.8324607043299320147055320618016218      
