   5.00000000000000000000000000000000000         4.00000000000000000000000000000000000        -11355.1371119330240588730966137278490      
   5.00000000000000000000000000000000000         4.00000000000000000000000000000000000        -11355.1371119330240588730966137278490      
   5.00000000000000000000000000000000000         4.00000000000000000000000000000000000        -11355.1371119330240588730966137278490      
   5.00000000000000000000000000000000000         4.00000000000000000000000000000000000        -11355.1371119330240588730966137278490      
   5.00000000000000000000000000000000000         4.00000000000000000000000000000000000        -11355.1371119330240588730966137278490      
   5.00000000000000000000000000000000000         4.00000000000000000000000000000000000        -11355.1371119330240588730966137278490      
   5.00000000000000000000000000000000000         4.00000000000000000000000000000000000        -11355.1371119330240588730966137278490      
   5.00000000000000000000000000000000000         4.00000000000000000000000000000000000        -11355.1371119330240588730966137278490      
   5.00000000000000000000000000000000000         4.00000000000000000000000000000000000        -11355.1371119330240588730966137278490      
   5.00000000000000000000000000000000000         4.00000000000000000000000000000000000        -11355.1371119330240588730966137278490      
   5.00000000000000000000000000000000000         4.00000000000000000000000000000000000        -11355.1371119330240588730966137278490      
   5.00000000000000000000000000000000000         4.00000000000000000000000000000000000        -11355.1371119330240588730966137278490      
   5.00000000000000000000000000000000000         4.00000000000000000000000000000000000        -11355.1371119330240588730966137278490      
   5.00000000000000000000000000000000000         4.00000000000000000000000000000000000        -11355.1371119330240588730966137278490      
   5.00000000000000000000000000000000000         4.00000000000000000000000000000000000        -11355.1371119330240588730966137278490      
   5.00000000000000000000000000000000000         4.00000000000000000000000000000000000        -11355.1371119330240588730966137278490      
   5.00000000000000000000000000000000000         4.00000000000000000000000000000000000        -11355.1371119330240588730966137278490      
   5.00000000000000000000000000000000000         4.00000000000000000000000000000000000        -11355.1371119330240588730966137278490      
   5.00000000000000000000000000000000000         4.00000000000000000000000000000000000        -11355.1371119330240588730966137278490      
   5.00000000000000000000000000000000000         4.00000000000000000000000000000000000        -10172.8624318735624079784936866810286      
   5.00000000000000000000000000000000000         4.00000000000000000000000000000000000        -9065.69639684061286187004634161699088      
   5.00000000000000000000000000000000000         4.00000000000000000000000000000000000        -8078.90232895158591929562978070966699      
   5.00000000000000000000000000000000000         4.00000000000000000000000000000000000        -7199.38988970458439065748238569094483      
   5.00000000000000000000000000000000000         4.00000000000000000000000000000000000        -6415.49230262930411668683344918820494      
   5.00000000000000000000000000000000000         4.00000000000000000000000000000000000        -5716.81154225158980708822439564232942      
   5.00000000000000000000000000000000000         4.00000000000000000000000000000000000        -5094.08035861286197520065864897189076      
   5.00000000000000000000000000000000000         4.00000000000000000000000000000000000        -4539.03930649361673913304638481226849      
   5.00000000000000000000000000000000000         4.00000000000000000000000000000000000        -4044.32714759350698437731136661555748      
   5.00000000000000000000000000000000000         4.00000000000000000000000000000000000        -3603.38317137152228668494619414188185      
   5.00000000000000000000000000000000000         4.00000000000000000000000000000000000        -3210.36013840316315226851431627120009      
   5.00000000000000000000000000000000000         4.00000000000000000000000000000000000        -2860.04669106585178497384533918961698      
   5.00000000000000000000000000000000000         4.00000000000000000000000000000000000        -2547.79820198951527821355526691809730      
   5.00000000000000000000000000000000000         4.00000000000000000000000000000000000        -2269.47514267329448271420661974724816      
   5.00000000000000000000000000000000000         4.00000000000000000000000000000000000        -2021.38815445736730444686282097791027      
   5.00000000000000000000000000000000000         4.00000000000000000000000000000000000        -1800.24909297505544396596495070638200      
   5.00000000000000000000000000000000000         4.00000000000000000000000000000000000        -1603.12739647483767633553002356152624      
   5.00000000000000000000000000000000000         4.00000000000000000000000000000000000        -1427.41119904641183736993669724967757      
   5.00000000000000000000000000000000000         4.00000000000000000000000000000000000        -1270.77267274694157398498012276701620      
   5.00000000000000000000000000000000000         4.00000000000000000000000000000000000        -1131.13713873856003953200923263068524      
   5.00000000000000000000000000000000000         4.00000000000000000000000000000000000        -1006.65553756069217799565860546448744      
   5.00000000000000000000000000000000000         4.00000000000000000000000000000000000        -895.679893234435393245361846919431686      
   5.00000000000000000000000000000000000         4.00000000000000000000000000000000000        -796.741445622570868848468166790045771      
   5.00000000000000000000000000000000000         4.00000000000000000000000000000000000        -708.531160874908885845201403249523659      
   5.00000000000000000000000000000000000         4.00000000000000000000000000000000000        -629.882361344419028308684485560597170      
   5.00000000000000000000000000000000000         4.00000000000000000000000000000000000        -559.755244483685767209371556167357591      
   5.00000000000000000000000000000000000         4.00000000000000000000000000000000000        -497.223085296851153881162957461661708      
   5.00000000000000000000000000000000000         4.00000000000000000000000000000000000        -441.459939261964800134949707007046753      
   5.00000000000000000000000000000000000         4.00000000000000000000000000000000000        -391.729682548991994519924181148724739      
   5.00000000000000000000000000000000000         4.00000000000000000000000000000000000        -347.376244103831694611235639862704815      
   5.00000000000000000000000000000000000         4.00000000000000000000000000000000000        -307.814899984033951030140428036984631      
   5.00000000000000000000000000000000000         4.00000000000000000000000000000000000        -272.524514427340984161221506290174333      
   5.00000000000000000000000000000000000         4.00000000000000000000000000000000000        -241.040624696745503345740475024369899      
   5.00000000000000000000000000000000000         4.00000000000000000000000000000000000        -212.949277942161593656353586268633510      
   5.00000000000000000000000000000000000         4.00000000000000000000000000000000000        -187.881538297607045690167182353047699      
   5.00000000000000000000000000000000000         4.00000000000000000000000000000000000        -165.508591326414029502625371287242876      
   5.00000000000000000000000000000000000         4.00000000000000000000000000000000000        -145.537380853430422600129854534105317      
   5.00000000000000000000000000000000000         4.00000000000000000000000000000000000        -127.706720287626008564118497864268218      
   5.00000000000000000000000000000000000         4.00000000000000000000000000000000000        -111.783826834717152086170816377350345      
   5.00000000000000000000000000000000000         4.00000000000000000000000000000000000        -97.5612326109171685014217033250652564      
   5.00000000000000000000000000000000000         4.00000000000000000000000000000000000        -84.8540316701685522083346165697934920      
   5.00000000000000000000000000000000000         4.00000000000000000000000000000000000        -73.4974264145810435938529166766359066      
   5.00000000000000000000000000000000000         4.00000000000000000000000000000000000        -63.3445408304327610147115246250453462      
   5.00000000000000000000000000000000000         4.00000000000000000000000000000000000        -54.2644715327047325749328242323411240      
   5.00000000000000000000000000000000000         4.00000000000000000000000000000000000        -46.1405507566939166818291084247964802      
   5.00000000000000000000000000000000000         4.00000000000000000000000000000000000        -38.8687982476587604324457914468205398      
   5.00000000000000000000000000000000000         4.00000000000000000000000000000000000        -32.3565415060134689601729075375989689      
   5.00000000000000000000000000000000000         4.00000000000000000000000000000000000        -26.5211860795630034460995584534854700      
   5.00000000000000000000000000000000000         4.00000000000000000000000000000000000        -21.2891195853038927451449818290012842      
   5.00000000000000000000000000000000000         4.00000000000000000000000000000000000        -16.5947349178260326148241036617472963      
   5.00000000000000000000000000000000000         4.00000000000000000000000000000000000        -12.3795596828844281172625584405232901      
   5.00000000000000000000000000000000000         4.00000000000000000000000000000000000        -8.59148030425330129091864222719027186      
   5.00000000000000000000000000000000000         4.00000000000000000000000000000000000        -5.18405050823192306991851506195783195      
   5.00000000000000000000000000000000000         4.00000000000000000000000000000000000        -2.11587500981170196152780214773220923      
   5.00000000000000000000000000000000000         4.00000000000000000000000000000000000        0.649939777605582974542862282478367160      
   5.00000000000000000000000000000000000         4.00000000000000000000000000000000000         3.14627529768671473274906742771083821      
   5.00000000000000000000000000000000000         4.00000000000000000000000000000000000         5.40243716794690556245064314167658786      
   5.00000000000000000000000000000000000         4.00000000000000000000000000000000000         7.44454404748917710550380284731229034      
   5.00000000000000000000000000000000000         4.00000000000000000000000000000000000         9.29587421574189289275059503465606356      
   5.00000000000000000000000000000000000         4.00000000000000000000000000000000000         10.9771744610837213906775303785365654      
   5.00000000000000000000000000000000000         4.00000000000000000000000000000000000         12.5069353781204131594382630927157330      
   5.00000000000000000000000000000000000         4.00000000000000000000000000000000000         13.9016367266409941603384571206834809      
   5.00000000000000000000000000000000000         4.00000000000000000000000000000000000         15.1759661080176525577046203644945143      
   5.00000000000000000000000000000000000         4.00000000000000000000000000000000000         16.3430138607522855411345144424169560      
   5.00000000000000000000000000000000000         4.00000000000000000000000000000000000         17.4144467613151972698969100618233986      
   5.00000000000000000000000000000000000         4.00000000000000000000000000000000000         18.4006628351805430342872657982729832      
   5.00000000000000000000000000000000000         4.00000000000000000000000000000000000         19.3109293323069023209665782278471327      
   5.00000000000000000000000000000000000         4.00000000000000000000000000000000000         20.1535056979137790118259371749104614      
   5.00000000000000000000000000000000000         4.00000000000000000000000000000000000         20.9357531703015202213734188760108900      
   5.00000000000000000000000000000000000         4.00000000000000000000000000000000000         21.6642324600111363738575307313882710      
   5.00000000000000000000000000000000000         4.00000000000000000000000000000000000         22.3447908064671269630657092921626608      
   5.00000000000000000000000000000000000         4.00000000000000000000000000000000000         22.9826395672920697851521249521479546      
   5.00000000000000000000000000000000000         4.00000000000000000000000000000000000         23.5824233698560377467041617073231836      
   5.00000000000000000000000000000000000         4.00000000000000000000000000000000000         24.1482817426598899969952570373977514      
   5.00000000000000000000000000000000000         4.00000000000000000000000000000000000         24.6839040443634486300543475190707944      
   5.00000000000000000000000000000000000         4.00000000000000000000000000000000000         25.1925784193333919453269920722460292      
   5.00000000000000000000000000000000000         4.00000000000000000000000000000000000         25.6772354293212411677491736822945968      
   5.00000000000000000000000000000000000         4.00000000000000000000000000000000000         26.1404869402372984615065136915101591      
   5.00000000000000000000000000000000000         4.00000000000000000000000000000000000         26.5846607800244001796832169488965296      
   5.00000000000000000000000000000000000         4.00000000000000000000000000000000000         27.0118316275204131689279345219365681      
   5.00000000000000000000000000000000000         4.00000000000000000000000000000000000         27.4238485421859124852560318320064742      
   5.00000000000000000000000000000000000         4.00000000000000000000000000000000000         27.8223594999998007247980752734552399      
