   4.00000000000000000000000000000645341         1.00000000000000000000000261754262021        -2057.72756117978554890474274342068684      
   4.00000000000000000000000001121185510         1.00000000000000000000108221159093273        -1833.79603123802237485410584618804647      
   4.00000000000000000000000865414497673         1.00000000000000000023237936117640832        -1634.18554460360972886509189313327978      
   4.00000000000000000000324155118889898         1.00000000000000002782867908911817086        -1456.25121063326469410478979752677610      
   4.00000000000000000063740121279221902         1.00000000000000198050106804582686737        -1297.63576805990020337236669691229977      
   4.00000000000000007057324352588363882         1.00000000000008863883027695603605360        -1156.23830556779848526779065639752812      
   4.00000000000000468340512274789391804         1.00000000000262389510688890856569065        -1030.18638397588798537928601013164216      
   4.00000000000019695120204954033742414         1.00000000005373660764791186753849862        -917.811190107396321365811790989200292      
   4.00000000000551557536020027568776401         1.00000000079251498753691511586669682        -817.625392652358369403823612796655371      
   4.00000000010752073480450025350561663         1.00000000872356729081268459852541491        -728.303406179538789611678151654731690      
   4.00000000151788417817725422968969271         1.00000007399614105985575761084301720        -648.663801385703170117796655980918559      
   4.00000001607647075739291902447132019         1.00000049770828894643414953640721199        -577.653628042292759014412876890895445      
   4.00000013185937202154592235101105319         1.00000272356779450155770195102835251        -514.334442114326757285227014284093681      
   4.00000086169114578175363261487234273         1.00001240869785977905981473732424896        -457.869850213470115926929510871863884      
   4.00000460266240608263219922742040144         1.00004805888885142711208824026227987        -407.514402969730396872183233989234356      
   4.00002056102999237678513353304186230         1.00016121952245239153369291758623889        -362.603684657067281815122890211824333      
   4.00007841051198708869344159926307195         1.00047638718776654349168666551963943        -322.545461015775147446189937484177552      
   4.00025997584395213868506788275560103         1.00125865735656261643232077260399096        -286.811762831180596200776307389835238      
   4.00076160922063133393799131823959883         1.00301299448158175166454653511389082        -254.931801240202913548338080883754479      
   4.00199947702978984102393005548035616         1.00661049225888208668836091892781889        -226.485632621019590647649447233379902      
   4.00476248109430615999323583654905419         1.01342533466625087566631254358185442        -201.098515755043882962184761373880356      
   4.01040203395652459394479563093461223         1.02545438213988866018679539877664535        -178.435929358283072478810143423365434      
   4.02102767745485296266546970996650566         1.04538415752873403459083350157459094        -158.199237270148445388528379753140462      
   4.03966032241910536934325880648933962         1.07657294083235251770194442491420402        -140.121987788667306549782979162519993      
   4.07029015550661313952548900115936046         1.12293169646002419980195159252858347        -123.966796328131192752445214022879253      
   4.11780001282740006771091330243812514         1.18871344288565382938893846094231189        -109.522685280724935858538932348569333      
   4.18774510416195335668383436505506791         1.27824639694687776129246863968572430        -96.6026781286744268390200382411413078      
   4.28601555230789164461029639177952743         1.39565972189578477312430203701188198        -85.0414349305987272584077203550235975      
   4.41843485459251942203901142619108940         1.54464549900893305192240230431555197        -74.6928151534776882965617715702874753      
   4.59035499938594425230736846686655856         1.72828021729929011236539224349024008        -65.4274151324550385051450397493650109      
   4.80629745307631585525734345187500170         1.94890501065378494538792966854198478        -57.1302426391956290377064122881694917      
   5.06966791757154133926666201494531671         2.20804824425627180743833244729611101        -49.6986915163692020484190451786754648      
   5.38255471865005156487674108137231500         2.50637362146622441972091084029843356        -43.0408921623704868309550679712791970      
   5.74561615331695453253287732834993305         2.84365134934373586933676670708251604        -37.0744151626138208760088438333474452      
   6.15807529365387238482239224254184288         3.21877372884869578376946181231655613        -31.7252486624511408314878137484522011      
   6.61787092114101297306791396103250091         3.62986272615956079915136594111121660        -26.9269619792464818116068981893427724      
   7.12205785714372998631299330791444238         4.07453866924971719932922012268396773        -22.6199891568956757729329331597347593      
   7.66760439781110061419033906957078459         4.55042992283695062469456895431789707        -18.7509954729938469014499818978102047      
   8.25278455440376674291470043977594261         5.05599762903638370221882745848978035        -15.2723139732972404406068133499915682      
   8.87937151288104274035774063799308721         5.59172161308649025630227340943626495        -12.1414514608817854304107733265998482      
   9.55574518463457634682861058678543253         6.16163582680229310749773562415939380        -9.32066136875409718753748245409907049      
   10.3007757610748562397091115897550695         6.77510636454579381666987834789441404        -6.77656504184728555848134988311788723      
   11.1479463256356682689713723682562350         7.44861387888565588903956199988416661        -4.47977846378774376390800106837145500      
   12.1487506317438593084866167413214306         8.20716227476065336059407530619026376        -2.40448199713989175915889838714965653      
   13.3741546808434728774523002492994226         9.08484514194531585449236278016991077       -0.527879984605081745142530141630126520      
   14.9130357230142767272883585955872637         10.1241298529309976822948352602942840         1.17044193633187735602228541260672606      
   16.8670644499049453780332287413929255         11.3736057726188011718977267934016955         2.70915261641725085915072424803789477      
   19.3423347768546971025740963333520300         12.8842615318013284746784697917850644         4.10562726860135846979192077909735715      
   22.4388892628132950691811829420994567         14.7047150339892004512587070933927626         5.37609243523909378844307763098861114      
   26.2398470757940493031175691469422398         16.8760996759970016880467044500453414         6.53550385798252680379303765624357647      
   30.8019454387067286371323890133962808         19.4274186895717144244094121187665974         7.59733309725097417555727462144711118      
   36.1489603155176045231424012531386113         22.3720886606140160259737489184736371         8.57343813262258161132262415561115455      
   42.2688284937778814665818135863915726         25.7061439670625457105878213676682090         9.47408905196379027327390029631123337      
   49.1145644240287171767440432009826303         29.4082501040698840339609622899466245         10.3081192845328796384646069586438946      
   56.6084418420204939890012780877188226         33.4413658940104943794187129592742165         11.0831341931765388174178039041720481      
   64.6485078874489237327006068930151388         37.7556690010617177838580320662034408         11.8057202912499694872577965277800164      
   73.1163455404079291718418421245489305         42.2922455485206052624107773617760851         12.4816256172516949104512133906985235      
   81.8850613865093606666033404642902326         46.9870381140459542653461037277384920         13.1159035457089038648276863348731269      
   90.8266778529370686187450541249720097         51.7746197203182386960158927600783930         13.7130236205123626106663463238761530      
   99.8183746925831608001109782989987604         56.5914791208417615782127292094684563         14.2769566386064906900675784335386291      
   108.747290282370426641229346160463112         61.3786319486895599126958724268429177         14.8112410026757941272449963693463633      
   117.513818142414969954807587774623068         66.0834892785481918355616876670185175         15.3190358418915967826616439386339375      
   126.033498775904563326451594753214007         70.6610064451359779007424118551221047         15.8031647886291611315882331675253289      
   134.237709183584918462702498148808415         75.0741962225293891373657270797444894         16.2661530156753683846245174250984284      
   142.073400460729687533436839713277189         79.2941236766108078222182299256824769         16.7102592364949003415258876324720822      
   149.502140811996022180572923299617889         83.2995105955744530530181181368796224         17.1375037791348061559581848027092176      
   156.498700913207743205125735215002375         87.0760719845395701395827793608125060         17.5496934709558941118228046270837990      
   163.049382887554808448460857802571396         90.6156919321147832790921230404980425         17.9484438409209755175873107161088131      
   169.150252546333310075617129897975023         93.9155263262246911648254607772498641         18.3351990049760053201339423128936623      
   174.805393348752539261119589284741851         96.9770991182172995104078403778344030         18.7112495129747071548133695569238506      
   180.025263589139345379357792719140349         99.8054394870346843265423736037500997         19.0777483806656193879419615592835149      
   184.825207482555020465905233620582582         102.408290633969407405535835545205712         19.4357254941996108567733503656497822      
   189.224146582265712154627614274161067         104.795407544669959595969486800424011         19.7861005495713245409999777924188312      
   193.243459963749364811216100764098374         106.977950867357650934854331071602466         20.1296946708186489067183848924652264      
   196.906049034184611427015395093938796         108.967976750562421003741659541068262         20.4672408360627556830710080668662940      
   200.235574680139236150244963885943309         110.778017594055193358732025869376407         20.7993932281083100330896827318062403      
   203.255849754015343565899677611746850         112.420745692409090336667953101935017         21.1267356155224534423070410278176578      
   205.990367723031799630018616750153866         113.908710220785941181411174402913043         21.4497888604230981178574666989156349      
   208.461947906152517377457838022439544         115.254137518761065585328931553841109         21.7690176403861513749277266700512030      
   210.692478499664286151446532635589623         116.468784836511313910678278574539586         22.0848364637911794457886075469304213      
   212.702740079226997062053055639376137         117.563838358521468068531410770467556         22.3976150504863902004414888227803490      
   214.512294127053782537598635810552635         118.549847219194053455119435794379518         22.7076831428155807398901828181095269      
   216.139423130555157355047763078106160         119.436686233845382327971131806378045         23.0153348057737578555741836228782871      
   217.601110775628074319668349527027547         120.233541093200972261067455285260576         23.3208322693116476917303579888714820      
   218.913052615722433261304002120552032         120.948910749174701194802082010895532         23.6244093605610603295227652536098542      
   220.089689282046535287850670685756932         121.590622618895350277202998281568784         23.9262745689720787043878384120037654      
   221.144255786138042836676973030749496         122.165857034825708609508049835014083         24.2266137830082014514377385558564893      
   222.088841749052442115187103917456526         122.681178065676500726263162123296057         24.5255927331058476024382089114653290      
   222.934458479856405917272151608306913         123.142568427745017881757729177694446         24.8233591720394031538914698272621209      
   223.691109735584849347220892572654345         123.555466706117147323129677530958301         25.1200448206124239810029566328020376      
   224.367863744612309017660452955059022         123.924805519195685728794803693225262         25.4157671036909984211392046232578678      
   224.972924685958104865934044300847136         124.255049598623255016861043685023483         25.7106306989792866459090263754574460      
   225.513702308436373424231336128653691         124.550233030281102867233413009399608         26.0047289185841180753255190373241714      
   225.996878764472923658488406480088190         124.813995120557094979918994045388464         26.2981449413011279522048074512113314      
   226.428472040695115202957318232423566         125.049614524512648820294356925717252         26.5909529116568409713353863793162863      
   226.813895605875567083435108125394837         125.260041406946134798024068560273297         26.8832189200386594330103080703750844      
   227.158014079251120510055816155124031         125.447927510602551573626084241527511         27.1750018767188499390158543934351491      
   227.465194859490144123854324180806670         125.615654083852650053091820477760741         27.4663542912119167966040089238808553      
   227.739355755731719306126714367089884         125.765357678057698118753930270446720         27.7573229671812999995559044276846506      
   227.984008734700859767621969492120617         125.898953866708237313316711158594216         28.0479496220166762632994750639631345      
   228.202299948095910310120251778843959         126.018158967702481650441421050491725         28.3382714392241500707458703522392139      
