   2.00000000000000000000000000000000000         1.00000000000000000000000000000000000        -3044.34197235768761198122625988204627      
   2.00000000000000000000000000000000039         1.00000000000000000000000000000000000        -2713.04167167097940737534987979547090      
   2.00000000000000000000000000000153150         1.00000000000000000000000000000000000        -2417.73866738386745100207390497339658      
   2.00000000000000000000000000311141840         1.00000000000000000000000000000000000        -2154.51828728317415117122701482413466      
   2.00000000000000000000000276088150323         1.00000000000000000000000000000000000        -1919.89157608641887341861887002252371      
   2.00000000000000000000117094145128205         1.00000000000000000000000000000000000        -1710.74899912498406513796721288609642      
   2.00000000000000000025720878752597077         1.00000000000000000000000000000000000        -1524.31918070830492704362315181062191      
   2.00000000000000003143208865741419027         1.00000000000000000000000000000000000        -1358.13212965224452492725555970371968      
   2.00000000000000227767564747028479374         1.00000000000000000000000000000000000        -1209.98646399675873625375340280975218      
   2.00000000000010359155666793407230830         1.00000000000000000000000000000000000        -1077.92020000476758074840831583475630      
   2.00000000000311077867460830068982778         1.00000000000000000000000000000000000        -960.184717829996734298518161720722526      
   2.00000000006452563111985219423712770         1.00000000000000000000000000000000000        -855.221558394041419757277498145360428      
   2.00000000096247127549336573894557228         1.00000000000000000000000000000000000        -761.641743581594655564615908927044826      
   2.00000001070063022708198731741834941         1.00000000000000000000000000000000000        -678.207345347996942393541710709198249      
   2.00000009155394678495923259873937255         1.00000000000000000000000000000000000        -603.815059189674254617560664763832521      
   2.00000062024253483948845372251008912         1.00000000000000000000000000000000000        -537.481564093377767088632743796561518      
   2.00000341262142943957033087211826117         1.00000000000000000000000000000000039        -478.330475023613004723394913485026203      
   2.00001559850985996293757766012904677         1.00000000000000000000000000000200412        -425.580715751022485310328637669737186      
   2.00006043719129152146783307413700984         1.00000000000000000000000000359406473        -378.536159805503770583449352084521950      
   2.00020209563570182475193344095558000         1.00000000000000000000000289033752015        -336.576405532578609301526808009412404      
   2.00059264907599276987062181056050313         1.00000000000000000000113720809893701        -299.148566792343184836815615278907442      
   2.00154605985370379707136588942683670         1.00000000000000000023645018333231938        -265.759972351361092407384302483153209      
   2.00363386479883546971904090572662654         1.00000000000000002782074964829419667        -235.971673652169360412843456608479137      
   2.00778305021247178051685979319302458         1.00000000000000196879778308774539054        -209.392663508073423989936385455748465      
   2.01534471296133252915867777908897839         1.00000000000008849082749558447174340        -185.674710666363602290818538619976285      
   2.02810007702304439110105249842520055         1.00000000000265254826831584527052016        -164.507721325214410788145808239228525      
   2.04818175040083348352284749168682823         1.00000000005540088318080601721995003        -145.615551676928573527709961528520574      
   2.07790966298292505178571173074427674         1.00000000083851358578348757537156448        -128.752215717697881691307227337953495      
   2.11956477374830900955361972935292272         1.00000000952571263152803438329951623        -113.698456674033640825053274829145501      
   2.17514059121086535270775688024526843         1.00000008380754928786709823366448098        -100.258671907473437964529757200207548      
   2.24611765105642846698603518443635849         1.00000058716828460559785876838529001        -88.2581922990121944698562231360426789      
   2.33329969614552287389599256902496115         1.00000335787146440550264786601459813        -77.5409129686725438608268279278556057      
   2.43673751700003326167275202949291152         1.00001602107466661505621499523319293        -67.9672546184100330953594021823247206      
   2.55575457870306457757201063945603067         1.00006502273013313577278413639814244        -59.4124124247000365038554997541880187      
   2.68908394475601969560103484966393973         1.00022837667138505468889672813651168        -51.7648327323322376391790354980896896      
   2.83513053020358806881409086955257962         1.00070483107224147189822379204385081        -44.9248535249943040105393972534454544      
   2.99238204403139561880731630071395386         1.00193764937319447453280528838646788        -38.8034542256348446396725556870238455      
   3.15999661731116930153093560245837530         1.00480300777586277312730605522866562        -33.3210823471928862533201390055157914      
   3.33858568851904179693951875126913228         1.01085369103482043745825301426870649        -28.4065562990655910493412996839653574      
   3.53118768263185730685213327607442158         1.02258618113841541416262391701126783        -23.9960802863293291802025200187084577      
   3.74441252453093618303047809268396789         1.04369094663971659649760513504054124        -20.0324380051725713911934449907107831      
   3.98977100903565226105816967233391345         1.07927050227180175573923632679847380        -16.4644372611657687679695561020624350      
   4.28532047869623940959646988550248333         1.13607268729135444736957982203411014        -13.2466318635881281384882197099642095      
   4.65792776767877363912193592034646673         1.22286904915260463166519703942410395        -10.3392360074670694845827722440419211      
   5.14653530095818994767000935710787724         1.35117424243884615637921320595718632        -7.70800281113871415001703668123478378      
   5.80662208578238825095332097311533266         1.53651704401005429659108745230621495        -5.32376323860378503899923719679932376      
   6.71547351838110433448096429105268398         1.80041486345108450647910871060770230        -3.16143656522415874446253889651972772      
   7.97704776181653563996305566794040074         2.17305765900449728418385352516421410        -1.19865707658815791864277119679632972      
   9.72453396191660699190371991886859899         2.69646526312846938057413625067947457        0.585467425170632037654950338696450490      
   12.1185798094726177289262917376479899         3.42756281586864471301425574202818337         2.21089484651543896393065765952736458      
   15.3398522368199640973616465403654761         4.44030418428377505020130634497852570         3.69635363127127886800106885649236343      
   19.5759391610494455609729188130489337         5.82581083903465902423106465770549959         5.05865838146624355267544568838903086      
   25.0041366759602715558610319158489527         7.68963453681786890112235881389290506         6.31223644325527236461058136545039483      
   31.7728415412753762873479426038065717         10.1457503788912927434524325115504723         7.46913640182860992171062294748329590      
   39.9846973339312610456942784371368707         13.3076371317827504088611028738461468         8.53940239504080593167251937330374201      
   49.6842459900076735255298857385458319         17.2775679068898342384842292290335012         9.53156208388956445284934584313641103      
   60.8518232208023881573486711571843224         22.1357552631132098647819208029037839         10.4530491920640919644054679556476607      
   73.4041684617700691897126836444443741         27.9311019280499863486787480305492604         11.3104994534845804307367034239708794      
   87.2010558177399287720795874308239425         34.6749885229963674813223848016726865         12.1099322314118339026910312045667442      
   102.056435594383620209090796007423896         42.3389103575795196117425542433378048         12.8568537707020070158106210136974866      
   117.752197804272262218065232605558908         50.8560547888786888731652487678116420         13.5563152255551218358426036712095395      
   134.052691093797635941890984354228851         60.1262773531868939815871044862341791         14.2129480838695754737702754951269599      
   150.718437505010969761731862970063139         70.0235120065834064802431109196922786         14.8309899958224691605529889500871052      
   167.517937694520133161847715464967233         80.4044785315158348376441917756418453         15.4143075033691460306145036065033482      
   184.236942161163446106191262493173117         91.1175995852664971218273020573092053         15.9664184035495143046856846510157350      
   200.684987904308812001470683945025849         102.011242358627811791287906376103964         16.4905145490767549253754196069765421      
   216.699322734691193434492805914922819         112.940676778795428507511523488101435         16.9894850223129583158376444575532373      
   232.146549913373297296311450853152710         123.773426264489841661670911305729540         17.4659393072130705538629535107359946      
   246.922434418539738761183396156020375         134.392932343072109139649491160395244         17.9222300359341078553423441405821018      
   260.950340641526363650383764441998606         144.700637763095160939387897612790645         18.3604749476905897655781491664003642      
   274.178744456083324788169950330271157         154.616709280420919613554181181074851         18.7825777910304662635842300652905523      
   286.578203074214159776163542063921563         164.079678340086276063534407697974145         19.1902479929925419449902313027754297      
   298.138091985257834370684375080437931         173.045288733687832762182607707476411         19.5850189966745059814422501725075189      
   308.863342405113216534206714048998849         181.484819737600202095983558573494369         19.9682652295823150869991269280967887      
   318.771343072866667112914877811090427         189.383114554765140519856156759556922         20.3412177099441067677915354704671083      
   327.889111123997059654791962504468417         196.736497605692117531120560224382226         20.7049783296011220341800763086597436      
   336.250789596061441143832253693067605         203.550717724950213572136829969642481         21.0605328729832216186563048562949924      
   343.895493566311131546486889824227063         209.839012173037668980127432662874512         21.4087628445881512386284872402393564      
   350.865501666637978059270142954486308         215.620350886451819488503214342180732         21.7504561844129404461594741293781155      
   357.204773015469326618693393524406392         220.917892283834690864433055279991162         22.0863169535857849527161111054780292      
   362.957759618867060218654312755449684         225.757660928800594657937748916825986         22.4169740722812896170140327601011570      
   368.168479331498668565760090647543318         230.167442563113051323235854219829111         22.7429891898184708337428926090072692      
   372.879813081687274415776451798409917         234.175882371562038391752334792798550         23.0648637633391103543892198466994075      
   377.132991078399925214998327557423242         237.811766698877222660612382107692963         23.3830454171539655786675191492619570      
   380.967235223515769449730352889092201         241.103465780300170634581374502116162         23.6979336500930234195347022291218286      
   384.419528277336198489462998770130986         244.078514494999190335101205307477820         24.0098849532637602315441034117592695      
   387.524483991971664848931439700758993         246.763308999509360416114203009643167         24.3192173956895326588009004224482739      
   390.314296113758525649163671279487796         249.182898803819929372535948956376357         24.6262147304919347262254920324854391      
   392.818747657824252866077513009052344         251.360856015441495120180212507543705         24.9311300696768945606604372304111506      
   395.065265057267418487755191872841110         253.319205814584261170892054867316648         25.2341891712343098466423091234206502      
   397.079004629016231279704734080236943         255.078404547317077998519966531650115         25.5355933781928336895538912182232388      
   398.882961262361780994424416370848576         256.657354014593684630252989619862022         25.8355222454969698302410385173557263      
   400.498091334963294450260253493966032         258.073442526113841747541574166308238         26.1341358870938456814350879605119893      
   401.943443621057877642767853577852357         259.342605048054604756249004743888472         26.4315770724252913489121484905445502      
   403.236293412152245487909017140414082         260.479396295979178859788810446013069         26.7279730986055610748349261135306553      
   404.392276259229471762152475577950090         261.497071917378931640882853982529797         27.0234374619114574182984614442962310      
   405.425518704910532450555146318864436         262.407673990058566235648843077514539         27.3180713498032373331932474325111585      
   406.348764139358952925487208433964424         263.222117955255437517643788263358693         27.6119649725141466051765725971279421      
   407.173492517061003141811539726398314         263.950278831895166216272929394684636         27.9051987512762510431126412605992110      
   407.910033141294044034669516079400338         264.601075144286367031919113279275563         28.1978443784732372813354712136203491      
   408.567670083657842326384507067968417         265.182549461907794978470455824952319         28.4899657634105072044805736556567821      
