   1.00000000000000000000000000000000000         4.00000000000000000000000000000000000        -11355.1371119330240588730966137278490      
   1.00000000000000000000000000000000000         4.00000000000000000000000000000000000        -11355.1371119330240588730966137278490      
   1.00000000000000000000000000000000000         4.00000000000000000000000000000000000        -11355.1371119330240588730966137278490      
   1.00000000000000000000000000000000000         4.00000000000000000000000000000000000        -11355.1371119330240588730966137278490      
   1.00000000000000000000000000000000000         4.00000000000000000000000000000000000        -11355.1371119330240588730966137278490      
   1.00000000000000000000000000000000000         4.00000000000000000000000000000000000        -11355.1371119330240588730966137278490      
   1.00000000000000000000000000000000000         4.00000000000000000000000000000000000        -11355.1371119330240588730966137278490      
   1.00000000000000000000000000000000000         4.00000000000000000000000000000000000        -11355.1371119330240588730966137278490      
   1.00000000000000000000000000000000000         4.00000000000000000000000000000000000        -11355.1371119330240588730966137278490      
   1.00000000000000000000000000000000000         4.00000000000000000000000000000000000        -11355.1371119330240588730966137278490      
   1.00000000000000000000000000000000000         4.00000000000000000000000000000000000        -11355.1371119330240588730966137278490      
   1.00000000000000000000000000000000000         4.00000000000000000000000000000000000        -11355.1371119330240588730966137278490      
   1.00000000000000000000000000000000000         4.00000000000000000000000000000000000        -11355.1371119330240588730966137278490      
   1.00000000000000000000000000000000000         4.00000000000000000000000000000000000        -11355.1371119330240588730966137278490      
   1.00000000000000000000000000000000000         4.00000000000000000000000000000000000        -11355.1371119330240588730966137278490      
   1.00000000000000000000000000000000000         4.00000000000000000000000000000000000        -11355.1371119330240588730966137278490      
   1.00000000000000000000000000000000000         4.00000000000000000000000000000000000        -11355.1371119330240588730966137278490      
   1.00000000000000000000000000000000000         4.00000000000000000000000000000000000        -11355.1371119330240588730966137278490      
   1.00000000000000000000000000000000000         4.00000000000000000000000000000000000        -11355.1371119330240588730966137278490      
   1.00000000000000000000000000000000000         4.00000000000000000000000000000000000        -11355.1371119330240588730966137278490      
   1.00000000000000000000000000000000000         4.00000000000000000000000000000000000        -11355.1371119330240588730966137278490      
   1.00000000000000000000000000000000000         4.00000000000000000000000000000000000        -11355.1371119330240588730966137278490      
   1.00000000000000000000000000000000000         4.00000000000000000000000000000000000        -11355.1371119330240588730966137278490      
   1.00000000000000000000000000000000000         4.00000000000000000000000000000000000        -11355.1371119330240588730966137278490      
   1.00000000000000000000000000000000000         4.00000000000000000000000000000000000        -11355.1371119330240588730966137278490      
   1.00000000000000000000000000000000000         4.00000000000000000000000000000000000        -11355.1371119330240588730966137278490      
   1.00000000000000000000000000000000000         4.00000000000000000000000000000000000        -11355.1371119330240588730966137278490      
   1.00000000000000000000000000000000000         4.00000000000000000000000000000000000        -11355.1371119330240588730966137278490      
   1.00000000000000000000000000000000000         4.00000000000000000000000000000000000        -11355.1371119330240588730966137278490      
   1.00000000000000000000000000000000000         4.00000000000000000000000000000000000        -10830.9784304993446201001652137040842      
   1.00000000000000000000000000000000000         4.00000000000000000000000000000000000        -9651.75486819264594501775222876755617      
   1.00000000000000000000000000000000000         4.00000000000000000000000000000000000        -8600.73946152129213629626765389454827      
   1.00000000000000000000000000000000000         4.00000000000000000000000000000000000        -7663.98969383633669339220500741146029      
   1.00000000000000000000000000000000000         4.00000000000000000000000000000000000        -6829.07928409446068170625323705552793      
   1.00000000000000000000000000000000000         4.00000000000000000000000000000000000        -6084.93329765829252260013075418422425      
   1.00000000000000000000000000000000000         4.00000000000000000000000000000000000        -5421.68118864250488375565702891193272      
   1.00000000000000000000000000000000000         4.00000000000000000000000000000000000        -4830.52582376690759841685636915543324      
   1.00000000000000000000000000000000000         4.00000000000000000000000000000000000        -4303.62674974264358639146185906902837      
   1.00000000000000000000000000000000000         4.00000000000000000000000000000000000        -3833.99615522062516442998360546995819      
   1.00000000000000000000000000000000000         4.00000000000000000000000000000000000        -3415.40614678047630085997077351544847      
   1.00000000000000000000000000000000000         4.00000000000000000000000000000000000        -3042.30610856868987623463417687422779      
   1.00000000000000000000000000000000000         4.00000000000000000000000000000000000        -2709.74904899860762969845147578931136      
   1.00000000000000000000000000000000000         4.00000000000000000000000000000000000        -2413.32595717768063996705852340554391      
   1.00000000000000000000000000000000000         4.00000000000000000000000000000000000        -2149.10729801168277823648462491245219      
   1.00000000000000000000000000000000000         4.00000000000000000000000000000000000        -1913.59086966145553107243546798230386      
   1.00000000000000000000000000000000000         4.00000000000000000000000000000000000        -1703.65533145231514440492963811500978      
   1.00000000000000000000000000000000000         4.00000000000000000000000000000006317        -1516.51878557971470420303510950536348      
   1.00000000000000000000000000000000000         4.00000000000000000000000000016878080        -1349.70186301555956627553383657042982      
   1.00000000000000000000000000000000000         4.00000000000000000000000019068351579        -1200.99482378758062610961464258067314      
   1.00000000000000000000000000000000000         4.00000000000000000000010029808340638        -1068.42823507246140747616480930584854      
   1.00000000000000000000000000000000000         4.00000000000000000002669120323198455        -950.246838018829709828464839047256715      
   1.00000000000000000000000000000000000         4.00000000000000000387007144445944367        -844.886256528732498815903512460995497      
   1.00000000000000000000000000000000000         4.00000000000000032660658578778367573        -750.952238937275124305361095188205256      
   1.00000000000000000000000000000000000         4.00000000000001701558666971090589162        -667.202157140125688825068873133188524      
   1.00000000000000000000000000000000000         4.00000000000057672149251306993817353        -592.528517673546902848528139978032978      
   1.00000000000000000000000000000000000         4.00000000001332558602382146188280293        -525.944265949003121608495921852872991      
   1.00000000000000000000000000000000000         4.00000000021882816106884302910445904        -466.569688638430187291404067327790806      
   1.00000000000000000000000000000000000         4.00000000265060296123615434782922199        -413.620740412434012249588821022409763      
   1.00000000000000000000000000000000000         4.00000002447849845857891860015662131        -366.398640131813366058158630194739792      
   1.00000000000000000000000000000000000         4.00000017751486070131365344030467841        -324.280598426577559967031887787184967      
   1.00000000000000000000000000000000000         4.00000103779990405052256952893134417        -286.711553567365859200148028804773247      
   1.00000000000000000000000000000000000         4.00000500728028885816711788779364188        -253.196805795026458074120103204991105      
   1.00000000000000000000000000000000000         4.00002036010971571882517216315713040        -223.295451951776742865927235693769655      
   1.00000000000000000000000000000000000         4.00007108140273956546807041720911020        -196.614532532036807257319477334898496      
   1.00000000000000000000000000000000000         4.00021666117437555545332802168674065        -172.803812480418339138483062829054646      
   1.00000000000000000000000000000000000         4.00058527122845985346539674941669412        -151.551125693265468998280173411094123      
   1.00000000000000000000000000000000000         4.00142013759260363674274894380666134        -132.578221618758951218976977530978238      
   1.00000000000000000000000000000003255         4.00313307459498759573625255724154119        -115.637060548716013788055072329253488      
   1.00000000000000000000000000012009001         4.00635379867954477272705318466562242        -100.506511575592138264132619022315867      
   1.00000000000000000000000018270355487         4.01196197472336272331254391797206067        -86.9894130394871031972570383701740537      
   1.00000000000000000000012749404313967         4.02109210276326442345129610984160623        -74.9099593702412922567109309863170497      
   1.00000000000000000004442557064427613         4.03510740140771247197416356457656253        -64.1113810125429015899436623904211572      
   1.00000000000000000833361177818098284         4.05554438268922296085435073000143585        -54.4538864209571660622905917482343023      
   1.00000000000000089951993032897944581         4.08403270590694459939268139989609584        -45.8128374380027440625033578355785794      
   1.00000000000005926763652404265499475         4.12219563787056372150411803986072203        -38.0771316337335666606352605698590457      
   1.00000000000251221517418511315548346         4.17153711169597897747669785124592925        -31.1477670017348813996623928509350211      
   1.00000000007178684167231639868484746         4.23332345269808077481759737465040519        -24.9365656568123138746823628563639113      
   1.00000000144184462391018760462436141         4.30847092402227114479673522408107190        -19.3650343163073875782943799577913524      
   1.00000002112981180564932133957146020         4.39745247713166162412089217440017006        -14.3633411618978081842807236612077117      
   1.00000023361425601925363019337205688         4.50023665277335571660130084610232682        -9.86939179060310336450467126327950539      
   1.00000200794481870472210394026883163         4.61626806443210474321281395610461386        -5.82799166205094606823156951448733950      
   1.00001378293702857114893256246677405         4.74449409411251279556824261025464102        -2.19008972875005502433389113131961354      
   1.00007740453613203444499160440270783         4.88344083608421833215127851726641189         1.08788772914173687973183917064233073      
   1.00036345220253825265298189734537429         5.03135031492350189513903068570152692         4.04457158101850105597485590586270861      
   1.00145487069041663650512246122880754         5.18641817967581078498658161910944396         6.71394526233290403473894000939659122      
   1.00505164424980316385367347911593465         5.34721520074284525582780039546589772         9.12519301760117311501749690585239873      
   1.01545147011679620421646797803612627         5.51341408059221647157757152881763923         11.3018171418161200715851809091401058      
   1.04220464362623075861989457213024269         5.68692891870111765000399390228711093         13.2599125880797007011361503300653384      
   1.10418950857200292428958249506543232         5.87346329942382000154150720765058330         15.0064287056849873126530704019695535      
   1.23493568290683510878944428988495000         6.08425594360659304493778867510268922         16.5403921794904718713254541359695424      
   1.48839040055634309195820652588463812         6.33758531716723715520210830795454865         17.8612680667043929673825072032088723      
   1.94369094039146792382257662586382219         6.65946922326983024593132578702578787         18.9824672967774168260289696168755957      
   2.70717750795541852785518943766845974         7.08307053232563678516646050179887899         19.9371022274302792294939489355271607      
   3.91010450206878808724554783247372126         7.64660287035624308209391681090856624         20.7684444075922246020747276548451427      
   5.70132598773415733112002668813810202         8.38992451741634986540321018867997528         21.5157610745447957584480342034433576      
   8.23542467160048499609580662947630923         9.35036684219776689485169455355917457         22.2071863961384582286145056949924086      
   11.6579281040599730040750144246468422         10.5585398829721244907110967270752835         22.8598549564648297666538082371002164      
   16.0900183095564993835758934278684760         12.0348420743023198161565138840591901         23.4829476664277164481601616754145933      
   21.6152674603691064382235058543891945         13.7872059491244280564418123047766890         24.0808478895650003632120119080390416      
   28.2704380588490390462496663758488342         15.8103214408725860333655049729131493         24.6554783617505120412213270960148339      
   36.0414831031862750882773255990590039         18.0862869962551301532723306940549161         25.2077508412001385700800232485526044      
