   216324301.000000000000000000000000000         6.00000000000000000000000000000000000        -11355.1371119330240588730966137278490      
   216324301.000000000000000000000000000         6.00000000000000000000000000000000000        -11355.1371119330240588730966137278490      
   216324301.000000000000000000000000000         6.00000000000000000000000000000000000        -11355.1371119330240588730966137278490      
   216324301.000000000000000000000000000         6.00000000000000000000000000000000000        -11355.1371119330240588730966137278490      
   216324301.000000000000000000000000000         6.00000000000000000000000000000000000        -11355.1371119330240588730966137278490      
   216324301.000000000000000000000000000         6.00000000000000000000000000000000000        -11355.1371119330240588730966137278490      
   216324301.000000000000000000000000000         6.00000000000000000000000000000000000        -11355.1371119330240588730966137278490      
   216324301.000000000000000000000000000         6.00000000000000000000000000000000000        -11355.1371119330240588730966137278490      
   216324301.000000000000000000000000000         6.00000000000000000000000000000000000        -11355.1371119330240588730966137278490      
   216324301.000000000000000000000000000         6.00000000000000000000000000000000000        -11355.1371119330240588730966137278490      
   216324301.000000000000000000000000000         6.00000000000000000000000000000000000        -11355.1371119330240588730966137278490      
   216324301.000000000000000000000000000         6.00000000000000000000000000000000000        -11355.1371119330240588730966137278490      
   216324301.000000000000000000000000000         6.00000000000000000000000000000000000        -11355.1371119330240588730966137278490      
   216324301.000000000000000000000000000         6.00000000000000000000000000000000000        -11355.1371119330240588730966137278490      
   216324301.000000000000000000000000000         6.00000000000000000000000000000000000        -11355.1371119330240588730966137278490      
   216324301.000000000000000000000000000         6.00000000000000000000000000000000000        -11073.8776784705067374455708309498208      
   216324301.000000000000000000000000000         6.00000000000000000000000000000000000        -9870.72030726325387049469847328575680      
   216324301.000000000000000000000000000         6.00000000000000000000000000000000000        -8798.37387095616734959541646003543026      
   216324301.000000000000000000000000000         6.00000000000000000000000000000000462        -7842.61280309700639878253128540958631      
   216324301.000000000000000000000000000         6.00000000000000000000000000001771008        -6990.75855423972748835117827532629725      
   216324301.000000000000000000000000000         6.00000000000000000000000002756870878        -6231.51135529636924274836814146450429      
   216324301.000000000000000000000000000         6.00000000000000000000001929614810974        -5554.80027646659138789971175898911988      
   216324301.000000000000000000000000000         6.00000000000000000000662411469535921        -4951.64959211796155997396458212773772      
   216324301.000000000000000000000000000         6.00000000000000000120513227992010891        -4414.05967836014330830335269008212967      
   216324301.000000000000000000000000000         6.00000000000000012450272084510285083        -3934.90086289615714813801812510198930      
   216324301.000000000000000000000000000         6.00000000000000776759693596325428498        -3507.81881860273393611315194959654310      
   216324301.000000000000000000000000000         6.00000000000030915639009377000961548        -3127.15024547005129712436510460008178      
   216324301.000000000000000000000000000         6.00000000000824295765194213119815317        -2787.84772205142100849077489010170689      
   216324301.000000000000000000000000000         6.00000000015378787499581747168471363        -2485.41272924730523167987968907850389      
   216324301.000000000000000000000000000         6.00000000208717359255222535737286247        -2215.83595768977256490508263504795495      
   216324301.000000000000000000000000000         6.00000002133152441355295341384120597        -1975.54410664104367274616506584442232      
   216324301.000000000000000000000000000         6.00000016931951840845244699161956576        -1761.35246845007243801717724357331537      
   216324301.000000000000000000000000000         6.00000107288270012924542483282221340        -1570.42266934726279520858341390074597      
   216324301.000000000000000000000000000         6.00000556157176009912592055780212242        -1400.22500566920732347560321568438144      
   216324301.000000000000000000000000000         6.00002410603827127374731634420728746        -1248.50487532789829697172364910173123      
   216324301.000000000000000000000000000         6.00008908175889952268105001849438192        -1113.25285825677861222712757887245994      
   216324301.000000000000000000000000000         6.00028557416320737003931265326829095        -992.678047565379868166064740678139645      
   216324301.000000000000000000000000000         6.00080654687965661440992293072271188        -885.184276290824832769024850227565204      
   216324301.000000000000000000000000000         6.00203471788226709829002942100344054        -789.348924035233715979668846213485688      
   216324301.000000000000000000000000000         6.00464168114983179862934693041941418        -703.904024074262698666226446490868845      
   216324301.000000000000000000000000000         6.00968045198429123734315935536253100        -627.719424562886767552211897646421938      
   216324301.000000000000000000000000000         6.01863807498193898624298344282951108        -559.787786434359361898564501687264417      
   216324301.000000000000000000000000000         6.03341694751452415247090450230672465        -499.211224668657235878592178919139107      
   216324301.000000000000000000000000000         6.05622862507945231900622224576180123        -445.189418710873219444250366195199524      
   216324301.000000000000000000000000000         6.08940707283943144172825944987911526        -397.009032892564604074289243707574736      
   216324301.000000000000000000000000000         6.13517073035151444098930374637391637        -354.034300449776877207591997227587761      
   216324301.000000000000000000000000000         6.19537627039578810271067129373011222        -315.698636969238380247932553196125421      
   216324301.000000000000000000000000000         6.27130781206531080857724159115796626        -281.497162140044783779350366974908751      
   216324301.000000000000000000000000000         6.36353497663564489024667360102887327        -250.980022915153790714584381812256079      
   216324301.000000000000000000000000000         6.47185639931783894212647704172178548        -223.746425981833663632387982186932383      
   216324301.000000000000000000000000000         6.59532782493319018507008716351867471        -199.439301552802088644748605216642960      
   216324301.000000000000000000000000000         6.73236013262492383623350857056375327        -177.740532635711328650216493306986121      
   216324301.000000000000000000000000026         6.88086472061958125093206187015387079        -158.366693357878160308501954250795687      
   216324301.000000000000000000000018069         7.03842168091506202818910201682740367        -141.065246620123110394444166844703405      
   216324301.000000000000000000007397218         7.20244876252962539319765529934005509        -125.611155949981151212563391662302279      
   216324301.000000000000000001585896210         7.37035439283577212856689079243135760        -111.803869786020201789723593568305348      
   216324301.000000000000000191278018700         7.53966430479354613159967405432414958        -99.4646393004832070739532511101236214      
   216324301.000000000000013833787319933         7.70811752489746981573461301766298513        -88.4341336937039891112141598740223999      
   216324301.000000000000634994280450575         7.87373329997013306470895551323742172        -78.5703197864463943743147245253178578      
   216324301.000000000019456554567323650         8.03485614356588461025487484213655073        -69.7465756182882317486679535750734443      
   216324301.000000000416159229809802351         8.19019135170142019461321382981551568        -61.8500105572422229456589328762733443      
   216324301.000000006464754642297474092         8.33884649471272415773086938729729317        -54.7799672285261179949448849196791379      
   216324301.000000075536631410659431258         8.48039258955480104479503158789739624        -48.4466836319300161464382409827081842      
   216324301.000000684737514412798452898         8.61494938964076382558021094209304439        -42.7700973384803998503118286220338120      
   216324301.000004949158840640965584682         8.74328322768165368497900922962405304        -37.6787774993984300506473894454278326      
   216324301.000029219203121070762276517         8.86688850320465441863625474288349487        -33.1089739797090997345324885788720690      
   216324301.000143944180950174007162935         8.98801356342116496218973292008998013        -29.0037754257089617632975428861333610      
   216324301.000602957935850961448595179         9.10959564102508489152553156940749318        -25.3123688256368934216396421763064068      
   216324301.002183654592225618936459443         9.23509067879824912213860336262188587        -21.9893918837168959481295619390965134      
   216324301.006939182709924033407432437         9.36822162596196847057550639702895097        -18.9943664117651923647657439345494451      
   216324301.019605803113413174917601910         9.51272246080361688027865628715749845        -16.2911961708233780593151033392627764      
   216324301.049835302637502299079219089         9.67222519490692944749143813335122334        -13.8477065968914270275531514479287794      
   216324301.115178553342559404374513627         9.85051750125143589897239210258205864        -11.6351981066316928966551023214319343      
   216324301.244366569875731476906967982         10.0524629795948831804740614676516108        -9.62798288759728813912929308377456963      
   216324301.480066012672788585259713249         10.2858700181700825246494269940089701        -7.80288327749777688690606342654945626      
   216324301.880122380289516714331289082         10.5644514940461954294610858390201935        -6.13869468972067106978455827871722007      
   216324302.516474991033872066349682391         10.9116985557237266920891764609041402        -4.61566126472386354294596314072837378      
   216324303.471410776768297710849139991         11.3650413513412275617455627666915951        -3.21507289925842924346909955412315233      
   216324304.831453450649067817402991870         11.9792363562220301537325651624146547        -1.91914377254256871579875389436372587      
   216324306.679742426137028379182006425         12.8277153577978939343319817152856782       -0.711320973725728034636384709795969633      
   216324309.088075152694064029700697607         14.0008254546353913582428583737462071        0.422969724043382438206171772610721261      
   216324312.109808833112604275474214584         15.6005024674954212100736127950666377         1.49540293666135996354404737991773668      
   216324315.774586392175163600285334743         17.7317834479546427105932430446176146         2.51414449867337781965062191560141391      
   216324320.085468439406656987182816068         20.4923877814101436594834472606715970         3.48396449113152230227184466523334595      
   216324325.018628976662960372557963447         23.9621030317968963341228941389134454         4.40707864983763434571926928995566867      
   216324330.525397134408925953322120501         28.1937548328895154859922826812388536         5.28432293374620473452148472513357487      
   216324336.536155346598056003873776945         33.2071484920510435806567857042684280         6.11619146775995778341174335098693828      
   216324342.965457217492289523443438575         38.9867075971576100029645818782013697         6.90348486336615277133155583821143640      
   216324349.717699803869451616655425378         45.4828158229169475948797602767594865         7.64756896165129069838848767459335255      
   216324356.692750876107485092540373411         52.6162742779951916558556657142754413         8.35037190286458702373111222780448392      
   216324363.791058789340417439856796896         60.2849212307196926470563040823765979         9.01425557572761288338601013810045178      
   216324370.917927021864566543642197458         68.3713422874987985068376729497329645         9.64185424891281712764461779608837699      
   216324377.986788624393176023862166295         76.7506830581570785568958095245061308         10.2359278504537220889902079291561112      
   216324384.921447735145195539684524484         85.2977889585692467435947597753962314         10.7992470420008993428122064431944518      
   216324391.657355174370465006080356264         93.8931622642608849210082062809049969         11.3345114824323068841473981002706531      
   216324398.142050180162716899148340377         102.427484924489128051794889127867034         11.8442962920156233477262450794030172      
   216324404.334933578364138458589149901         110.804669586523799028735026354749144         12.3310201884707421213411329041164959      
   216324410.206545360502967729259697111         118.943554602037162973711432568916489         12.7969292910672184361332389149409996      
   216324415.737509196899579696387342647         126.778451178449605954478125754869997         13.2440917612636639028476447005665041      
   216324420.917284912958763268158484427         134.258791489261385812678390813580042         13.6743996495404071303744744707836140      
   216324425.742843278307061806241833407         141.348128712225430647881787724043065         14.0895753296093446604257719046239227      
