   4.00000000000000000000000000000000000         5.00000000000000000000000000000000000        -11355.1371119330240588730966137278490      
   4.00000000000000000000000000000000000         5.00000000000000000000000000000000000        -11355.1371119330240588730966137278490      
   4.00000000000000000000000000000000000         5.00000000000000000000000000000000000        -11355.1371119330240588730966137278490      
   4.00000000000000000000000000000000000         5.00000000000000000000000000000000000        -11355.1371119330240588730966137278490      
   4.00000000000000000000000000000000000         5.00000000000000000000000000000000000        -11355.1371119330240588730966137278490      
   4.00000000000000000000000000000000000         5.00000000000000000000000000000000000        -11355.1371119330240588730966137278490      
   4.00000000000000000000000000000000000         5.00000000000000000000000000000000000        -11355.1371119330240588730966137278490      
   4.00000000000000000000000000000000000         5.00000000000000000000000000000000000        -11355.1371119330240588730966137278490      
   4.00000000000000000000000000000000000         5.00000000000000000000000000000000000        -11355.1371119330240588730966137278490      
   4.00000000000000000000000000000000000         5.00000000000000000000000000000000000        -11355.1371119330240588730966137278490      
   4.00000000000000000000000000000000000         5.00000000000000000000000000000000000        -11355.1371119330240588730966137278490      
   4.00000000000000000000000000000000000         5.00000000000000000000000000000000000        -11355.1371119330240588730966137278490      
   4.00000000000000000000000000000000000         5.00000000000000000000000000000000000        -11355.1371119330240588730966137278490      
   4.00000000000000000000000000000000000         5.00000000000000000000000000000000000        -11355.1371119330240588730966137278490      
   4.00000000000000000000000000000000000         5.00000000000000000000000000000000000        -11355.1371119330240588730966137278490      
   4.00000000000000000000000000000000000         5.00000000000000000000000000000000000        -11355.1371119330240588730966137278490      
   4.00000000000000000000000000000000000         5.00000000000000000000000000000000000        -11355.1371119330240588730966137278490      
   4.00000000000000000000000000000000000         5.00000000000000000000000000000000000        -11355.1371119330240588730966137278490      
   4.00000000000000000000000000000000000         5.00000000000000000000000000000000000        -11355.1371119330240588730966137278490      
   4.00000000000000000000000000000000000         5.00000000000000000000000000000000000        -11355.1371119330240588730966137278490      
   4.00000000000000000000000000000000000         5.00000000000000000000000000000000000        -11355.1371119330240588730966137278490      
   4.00000000000000000000000000000000000         5.00000000000000000000000000000000000        -11355.1371119330240588730966137278490      
   4.00000000000000000000000000000000000         5.00000000000000000000000000000000000        -11355.1371119330240588730966137278490      
   4.00000000000000000000000000000000000         5.00000000000000000000000000000000000        -11355.1371119330240588730966137278490      
   4.00000000000000000000000000000000000         5.00000000000000000000000000000000000        -11355.1371119330240588730966137278490      
   4.00000000000000000000000000000000000         5.00000000000000000000000000000000000        -11355.1371119330240588730966137278490      
   4.00000000000000000000000000000000000         5.00000000000000000000000000000001541        -11355.1371119330240588730966137278490      
   4.00000000000000000000000000000000000         5.00000000000000000000000000004377331        -11355.1371119330240588730966137278490      
   4.00000000000000000000000000000000000         5.00000000000000000000000005311263426        -11355.1371119330240588730966137278490      
   4.00000000000000000000000000000000000         5.00000000000000000000002977205860445        -11143.2232662406696386618884541722695      
   4.00000000000000000000000000000000000         5.00000000000000000000838515352410757        -9930.16986253389448617975585687173016      
   4.00000000000000000000000000000000000         5.00000000000000000127882277106219458        -8849.00357797780669363749993373891002      
   4.00000000000000000000000000000000000         5.00000000000000011289584223681704457        -7885.38181209252608660935583994182511      
   4.00000000000000000000000000000000000         5.00000000000000612257706540974429232        -7026.52170874508194967057056949598307      
   4.00000000000000000000000000000000000         5.00000000000021507593806034882810108        -6261.03053541493539172702206199024519      
   4.00000000000000000000000000000000000         5.00000000000513051050266133544092421        -5578.75450855524842919293387487703022      
   4.00000000000000000000000000000000000         5.00000000008668022429352549390492462        -4970.64405905428113629875737300807760      
   4.00000000000000000000000000000000000         5.00000000107686629463256552687892989        -4428.63374995133555870168637018178473      
   4.00000000000000000000000000000000000         5.00000001017198654260159964199557251        -3945.53525298744010428255384138714218      
   4.00000000000000000000000000000000000         5.00000007526497133666318874634256097        -3514.94196384987718334583384765410268      
   4.00000000000000000000000000000000000         5.00000044797805509766138869859902786        -3131.14399039289802458176817851251360      
   4.00000000000000000000000000000000000         5.00000219622390064228741132134553580        -2789.05238571623078971535045162563001      
   4.00000000000000000000000000000000000         5.00000905761743489436528570059904749        -2484.13162056372932144414513831605614      
   4.00000000000000000000000000000000000         5.00003202093233689871654641088997503        -2212.33939869941078885009812210392031      
   4.00000000000000000000000000000000000         5.00009867651702464583265761757276742        -1970.07301625154617242781557498771677      
   4.00000000000000000000000000000000000         5.00026905390632424766740236752063827        -1754.12155292751710301818401932522080      
   4.00000000000000000000000000000006317         5.00065779554595438486909789851155678        -1561.62326078009209397743973142166488      
   4.00000000000000000000000000016878080         5.00145921926585218152575943503242950        -1390.02758585449384640968929949750683      
   4.00000000000000000000000019068351579         5.00296838196418312609772073218268847        -1237.06132022600095543279326081315099      
   4.00000000000000000000010029808340638         5.00558960201132629018986019966037765        -1100.69843707942445434228689978844224      
   4.00000000000000000002669120323198455         5.00982541950096324607186007619526561        -979.133210026131147174361240934380108      
   4.00000000000000000387007144445944367         5.01624355323493498308467765612883945        -870.756260458221194498932337117229178      
   4.00000000000000032660658578778367573         5.02542540004036510750868101357374913        -774.133214297066865000159321881253498      
   4.00000000000001701558666971090589162         5.03790473162160483690022295836821058        -687.985682978655397661137573092441597      
   4.00000000000057672149251306993817353         5.05410771360139303707899064338099062        -611.174313769187007325007288522919380      
   4.00000000001332558602382146188280293         5.07430466119703201471371694247368575        -542.683682078574696960113323775289312      
   4.00000000021882816106884302910445904         5.09858072439176699333681789493549244        -481.608823596872231984187960946561158      
   4.00000000265060296123615434782922199         5.12682830914758818610010781003638943        -427.143226871254222596007834201060771      
   4.00000002447849845857891860015662131         5.15875988009436379600610780351721464        -378.568127344903015747850324480967563      
   4.00000017751486070131365344030467841         5.19393688791694405922618008016895373        -335.242961902832242940462049885007521      
   4.00000103779990405052256952893134417         5.23180958303090437213212708096479282        -296.596858700093375022883654304168945      
   4.00000500728028885816711788779364188         5.27176395686528568715131897671720900        -262.121050632390160896687471480560158      
   4.00002036010971571882517216315713040         5.31317644850698821343927608399389298        -231.362112435193720041052345561802266      
   4.00007108140273956546807041720911020         5.35548392322117999267358233807086847        -203.915931354572265826039357517833357      
   4.00021666117437555545332802168674065         5.39828295793982998797585020239927619        -179.422330149595970656160081419303736      
   4.00058527122845985346539674941669412         5.44147323107719775019066914434860597        -157.560269638445183496483623249594447      
   4.00142013759260363674274894380666134         5.48544983806760770889304682403588130        -138.043566775104079698269613300531569      
   4.00313307459498759573625255724154119         5.53132932194588181545378069176898665        -120.617073407741993481624564387727637      
   4.00635379867954477272705318466562242         5.58117264307177678637775640323229516        -105.053269684150546134059795882330080      
   4.01196197472336272331254391797206067         5.63815687193909938505355259448244180        -91.1492334567957187567994803522419200      
   4.02109210276326442345129610984160623         5.70665236567640448184737923776127585        -78.7239522957081870807070377545705581      
   4.03510740140771247197416356457656253         5.79218011226632229129352010385011274        -67.6159477553128471170392921232716247      
   4.05554438268922296085435073000143585         5.90124528598810125277659693066511586        -57.6811825579489682524775810363308013      
   4.08403270590694459939268139989609584         6.04105985937991437622299446338103544        -48.7912205235960402115271308650478336      
   4.12219563787056372150411803986072203         6.21917708641341175151053124298910000        -40.8316067928676385302288834823427912      
   4.17153711169597897747669785124592925         6.44306578794383322113108869322803257        -33.7004333715097770444910714229670690      
   4.23332345269808077481759737465040519         6.71965517334533927496108832475229847        -27.3070544033589493029130408896192629      
   4.30847092402227114479673522408107190         7.05488253164684337012543396387566174        -21.5709190083788126431927456535154624      
   4.39745247713166162412089217440017006         7.45327650472972813949452817424681001        -16.4204976569158754675672416840857572      
   4.50023665277335571660130084610232682         7.91760754587454611982841540426115314        -11.7922891068820949086670009225405277      
   4.61626806443210474321281395610461386         8.44863435160519136061736330381874385        -7.62990535284191357217680548373966406      
   4.74449409411251279556824261025464102         9.04497060708636169932970070579686815        -3.88323855545746303224468795861172730      
   4.88344083608421833215127851726641189         9.70309198185408004083474503148709499       -0.507715538999344591683131235106243437      
   5.03135031492350189513903068570152692         10.4175045276134531881693529465448264         2.53635612258618648980821467143574914      
   5.18641817967581078498658161910944396         11.1811120809983229059671339397813814         5.28434821365955418581662685624246586      
   5.34721520074284525582780039546589772         11.9858579624659541639060989413483373         7.76777634771107154406271777537462741      
   5.51341408059221647157757152881763923         12.8237610285690839836879187679275825         10.0146675813115444410208132567502805      
   5.68692891870111765000399390228711093         13.6884718829959703472036149458713295         12.0498355403910877746021668178800652      
   5.87346329942382000154150720765058330         14.5773805033036220489264307415497672         13.8950830310571266765938936599197322      
   6.08425594360659304493778867510268922         15.4940860651042008214086042843593556         15.5693789079494682401737139768947568      
   6.33758531716723715520210830795454865         16.4507528201704542154519429391288391         17.0890870692423482265552510428010690      
   6.65946922326983024593132578702578787         17.4696619118285760123896131779215611         18.4683412443675802881812373973584349      
   7.08307053232563678516646050179887899         18.5832727361561237037943687064699493         19.7196266935890820285550315121597744      
   7.64660287035624308209391681090856624         19.8323837492070220389694730875849608         20.8545224188573255021582830855810456      
   8.38992451741634986540321018867997528         21.2624525694140065712982125847930776         21.8844054444028094404102879884363546      
   9.35036684219776689485169455355917457         22.9186251518253257799587299016493116         22.8208399098593450236087811976458343      
   10.5585398829721244907110967270752835         24.8403560849202377616767180313301028         23.6754859364850599809082683254416927      
   12.0348420743023198161565138840591901         27.0565766797703124156961025916969903         24.4596211243157992335200929441006067      
   13.7872059491244280564418123047766890         29.5821916837893190778820324963241169         25.1835622684538693475512508908735213      
   15.8103214408725860333655049729131493         32.4163487585460871511489374503473332         25.8562592844356117267660149864664533      
   18.0862869962551301532723306940549161         35.5425470668812018093604536135825262         26.4851691281194469174838589661089757      
