   4.00000000000000000000000000000000000         1.00000000000000000000000000000000000        -11355.1371119330240588730966137278490      
   4.00000000000000000000000000000000000         1.00000000000000000000000000000000000        -11355.1371119330240588730966137278490      
   4.00000000000000000000000000000000000         1.00000000000000000000000000000000000        -11355.1371119330240588730966137278490      
   4.00000000000000000000000000000000000         1.00000000000000000000000000000000000        -11355.1371119330240588730966137278490      
   4.00000000000000000000000000000000000         1.00000000000000000000000000000000000        -11355.1371119330240588730966137278490      
   4.00000000000000000000000000000000000         1.00000000000000000000000000000000000        -11355.1371119330240588730966137278490      
   4.00000000000000000000000000000000000         1.00000000000000000000000000000000000        -11355.1371119330240588730966137278490      
   4.00000000000000000000000000000000000         1.00000000000000000000000000000000000        -11355.1371119330240588730966137278490      
   4.00000000000000000000000000000000000         1.00000000000000000000000000000000000        -11355.1371119330240588730966137278490      
   4.00000000000000000000000000000000000         1.00000000000000000000000000000000000        -11355.1371119330240588730966137278490      
   4.00000000000000000000000000000000000         1.00000000000000000000000000000000000        -11355.1371119330240588730966137278490      
   4.00000000000000000000000000000000000         1.00000000000000000000000000000000000        -11355.1371119330240588730966137278490      
   4.00000000000000000000000000000000000         1.00000000000000000000000000000000000        -11355.1371119330240588730966137278490      
   4.00000000000000000000000000000000000         1.00000000000000000000000000000000000        -11355.1371119330240588730966137278490      
   4.00000000000000000000000000000000000         1.00000000000000000000000000000000000        -11355.1371119330240588730966137278490      
   4.00000000000000000000000000000000000         1.00000000000000000000000000000000000        -11355.1371119330240588730966137278490      
   4.00000000000000000000000000000000000         1.00000000000000000000000000000000000        -11355.1371119330240588730966137278490      
   4.00000000000000000000000000000000000         1.00000000000000000000000000000000000        -11355.1371119330240588730966137278490      
   4.00000000000000000000000000000000000         1.00000000000000000000000000000000000        -11355.1371119330240588730966137278490      
   4.00000000000000000000000000000000000         1.00000000000000000000000000000000000        -11355.1371119330240588730966137278490      
   4.00000000000000000000000000000000000         1.00000000000000000000000000000000000        -11301.7234769853324692839988372282849      
   4.00000000000000000000000000000000000         1.00000000000000000000000000000000000        -10071.8900533824024139484216039019527      
   4.00000000000000000000000000000000000         1.00000000000000000000000000000000000        -8975.76856035196364899135192537549246      
   4.00000000000000000000000000000000000         1.00000000000000000000000000000000000        -7998.81795088393199659642860237645681      
   4.00000000000000000000000000000000000         1.00000000000000000000000000000000000        -7128.07850318912303778742414947261664      
   4.00000000000000000000000000000000000         1.00000000000000000000000000000000000        -6351.99985306497381603805150063493426      
   4.00000000000000000000000000000000000         1.00000000000000000000000000000000000        -5660.28772758016366475878088844028020      
   4.00000000000000000000000000000000000         1.00000000000000000000000000000000000        -5043.76734632724821728422722257598370      
   4.00000000000000000000000000000000000         1.00000000000000000000000000000000000        -4494.26167766092157377325306395861691      
   4.00000000000000000000000000000000000         1.00000000000000000000000000000000000        -4004.48293445615552626466584123048858      
   4.00000000000000000000000000000000000         1.00000000000000000000000000000000000        -3567.93586960084965218537126758200950      
   4.00000000000000000000000000000000000         1.00000000000000000000000000000000000        -3178.83158801293394849971841660524467      
   4.00000000000000000000000000000000000         1.00000000000000000000000000000000000        -2832.01073151975569917992615557094246      
   4.00000000000000000000000000000166554         1.00000000000000000000000000000009090        -2522.87501730977016402496757597388514      
   4.00000000000000000000000000335690206         1.00000000000000000000000000024447832        -2247.32622151338381633020681519507034      
   4.00000000000000000000000296107329432         1.00000000000000000000000027967432941        -2001.71179826213931661810384619394346      
   4.00000000000000000000125147356550365         1.00000000000000000000014942123461175        -1782.77641262419752478346198713869284      
   4.00000000000000000027478431453962484         1.00000000000000000004055058862045758        -1587.61874428761725464680509603982487      
   4.00000000000000003369337830386417447         1.00000000000000000602378921324243439        -1413.65298880255443280444909232770640      
   4.00000000000000246085809304466979109         1.00000000000000052342971742574820835        -1258.57454552725511517772680858373620      
   4.00000000000011338854168086529741060         1.00000000000002821704586623045626588        -1120.32943697773246689360800270377138      
   4.00000000000346874333107675141434744         1.00000000000099411841425958820827999        -997.087053794477504157927211064395342      
   4.00000000007371650789910769660752217         1.00000000002396819487695002442894050        -887.215863668466385387447653775869761      
   4.00000000113279813478713878593482396         1.00000000041190853780658451773979910        -789.261761898578220072340286629312320      
   4.00000001304113447716089384206243568         1.00000000523143755338131921469038842        -701.928776304293049130331032795742549      
   4.00000011604756456833079399766216266         1.00000005070255552410107253186487223        -624.061870449196787224174840041932711      
   4.00000082057046603944694351425371000         1.00000038586286739469950243286152103        -554.631616918724407992760133143870236      
   4.00000472469659111018490612861307125         1.00000236537419519143545290482035822        -492.720536966993283080983744554596013      
   4.00002263736404292984534989494662694         1.00001194882302067666955240652195803        -437.510924172170098759833641698494380      
   4.00009201153665007417387694795900026         1.00005076510541245928463024758240756        -388.273987556960993339581767860760024      
   4.00032276550566902726026386821519777         1.00018473758917226621032107172562004        -344.360163977259641799250688337822047      
   4.00099228993438516546339942284899327         1.00058534290516995519440594180627931        -305.190461897972355128212243541322803      
   4.00271079132377206526540869977190459         1.00163877078340525227018029411502443        -270.248712594466517788991590826526118      
   4.00666309131108056483171321739065329         1.00410794868314781583146418944010303        -239.074625164540924615558544797670597      
   4.01490381056645888240776060319370444         1.00933079214897221069339193579721584        -211.257571408328169619900665254339296      
   4.03065234920074899774201371567415562         1.01941373217891069149344755332152515        -186.431062946297545473209908762508999      
   4.05852419115316663482218507436468272         1.03736864299110548415292008849369268        -164.267915064983535973043677616636125      
   4.10466440367001089927944831251350279         1.06715792963352005772003729893289635        -144.476100368843579125974141938317909      
   4.17681975541995666582093332123130687         1.11365819474029932786558673117102049        -126.795258850482281833760284357497354      
   4.28447798915750118855251039116261628         1.18261277799100556278907183251764529        -110.993746346980552655734319461342421      
   4.43927978924231412053172768412801349         1.28069331441984221031712226917753589        -96.8660127270910002106557969836492718      
   4.65592693334711753867266274486129874         1.41580794644684321216176578408098551        -84.2300836775925780924010197129639284      
   4.95373071231730575808878795067329751         1.59776526218802159461476477288527540        -72.9250182099262253930905368980226419      
   5.35875302933870688791838517569547923         1.83932324255395607421105513947288344        -62.8083657830597962303033950820658396      
   5.90621627526343684876590045977142422         2.15752467490274690531322799760330642        -53.7537366191439594481631038526487528      
   6.64257541774987376455383896660353584         2.57506312680410687695896244479881450        -45.6485870944508409180817044756336204      
   7.62646960387829780400211810811131278         3.12127996952292522023112118805595165        -38.3922771055383401256480195899599780      
   8.92780622546369494893206495452876120         3.83232773629729528823748612196643472        -31.8944448318702493736264023730818505      
   10.6245226301474934795218956075572428         4.75010767307102588186904266618495653        -26.0737424203770231403554807158378076      
   12.7970682117789990117810931833938969         5.91981522824736148027838579227931427        -20.8569234457737356943553079259221829      
   15.5212119130378473993443957681829235         7.38625544103240191802457439134959336        -16.1781837287568266264179980420242664      
   18.8602296914938166203510153545847044         9.18941722462647559955141547045214704        -11.9786122446700507046699828751657936      
   22.8577216158807075192899129704228677         11.3600107546776687699285331202547420        -8.20564546540963807601680068495608492      
   27.5321984153330681112092935527133354         13.9157070380127098152430123028426354        -4.81249175783450616882946515094525686      
   32.8742142263176649080739270219336469         16.8586722153637359132135737625217508        -1.75754432070017558865850962307367640      
   38.8463278606171678980968396489151324         20.1747195377909153518523545690454502        0.996184970688938876126973443401416161      
   45.3856880846426490441355956088831478         23.8340956944247892005735424479879903         3.48158730390030191665436341728683035      
   52.4086679507245463313451219534492100         27.7936550378969085898881050791070170         5.72792432179355524706431198829470529      
   59.8167733226506107365221069202708907         32.0000052486398703399803319227270462         7.76124097470390168971852308524107550      
   67.5030211137058282744560927702555377         36.3931450796247519651445339872359850         9.60472843866960699029603232502885057      
   75.3580851964327207859037442556674477         40.9101441047019752911798081242772336         11.2790431818434174542856936494327527      
   83.2756879278038132449719230150800538         45.4885052129367102534717221563365386         12.8025881021061254179529471763309396      
   91.1569201113066766503682762295897121         50.0689693312453905001810764296718646         14.1917609155230281779073798452131457      
   98.9133620733105050003427227733359284         54.5976406107702019845478582326528696         15.4611741483331565185027168804979644      
   106.469029772118190490734694786945335         59.0274107444317186529219702240992960         16.6238503586763308668734180948539365      
   113.761273673552696364731902773563981         63.3187345057206060484077836264862853         17.6913956269576522348910033557803063      
   120.740816413738283661570474057771733         67.4398538864042678450621607327500665         18.6741538909750182519647323856779361      
   127.371136085168872067814800863756712         71.3665890138467112548865619800564842         19.5813443364079841124476174241335512      
   133.627395736311458216480648760402477         75.0818162298226199062686831321336154         20.4211837598782377641220951813946938      
   139.495096525656832062869610588463881         78.5747435613574049907220127252715633         21.2009955813103420930518098379337396      
   144.968600390826226198930960921864918         81.8400768072246525615780274852780221         21.9273069810870546980526244983392849      
   150.049634341416309915294168846624441         84.8771498455863997474376637371110487         22.6059354660932428510686428947175815      
   154.745856661117180419714620675701547         87.6890734536474468136771675159938450         23.2420660207122257700932265103163882      
   159.069537708661890946092472634116044         90.2819396670113650320034988045819978         23.8403198696741959238237068798747076      
   163.036385594770357087064375169494871         92.6641043385195206514895441480810431         24.4048157661324665824048300891243210      
   166.664529840437489946249999536163302         94.8455592973751741902488089961692362         24.9392246180668869614128350154061195      
   169.973663714714573046194149315223661         96.8373971803317422722444878678261716         25.4468181772418429227587355495075344      
   172.984337571278528320353941018038468         98.6513662192910666532539407859997017         25.9305124360077511042119226259843071      
   175.717390340601101537853548440854337         100.299508554372593395761551799691920         26.3929063070192083237958353936685319      
   178.193503613397536271413540978101631         101.793873529401272056383942693496977         26.8363160984291644902784897055865287      
   180.432861792655736607014405736927938         103.146296495116054430411269833872426         27.2628062414301538462616853030642262      
