   10.0000000000000000000000000000000000         9.00000000000000000000000000000000000        -11355.1371119330240588730966137278490      
   10.0000000000000000000000000000000000         9.00000000000000000000000000000000000        -10627.8479560732876350880967914716840      
   10.0000000000000000000000000000000000         9.00000000000000000000000000000000000        -9471.75327225590378937480262664815085      
   10.0000000000000000000000000000000000         9.00000000000000000000000000000000000        -8441.35150023613322941662961600759961      
   10.0000000000000000000000000000000000         9.00000000000000000000000000000000000        -7522.97365377274764164869150756131642      
   10.0000000000000000000000000000000000         9.00000000000000000000000000000000000        -6704.43723605491503152537047350552221      
   10.0000000000000000000000000000000000         9.00000000000000000000000000000000000        -5974.88458537117002085535695951230923      
   10.0000000000000000000000000000000000         9.00000000000000000000000000000000000        -5324.63880053523024225147006783378269      
   10.0000000000000000000000000000000000         9.00000000000000000000000000000000000        -4745.07533428659398076956101288030915      
   10.0000000000000000000000000000000000         9.00000000000000000000000000000000000        -4228.50755078836025797108713834857937      
   10.0000000000000000000000000000000000         9.00000000000000000000000000000000000        -3768.08472863979860862601664802895977      
   10.0000000000000000000000000000000000         9.00000000000000000000000000000000000        -3357.70115596561507834860551868248331      
   10.0000000000000000000000000000000000         9.00000000000000000000000000000000000        -2991.91511132897957959632799681720002      
   10.0000000000000000000000000000000000         9.00000000000000000000000000000000000        -2665.87665539425478318285985766131772      
   10.0000000000000000000000000000000000         9.00000000000000000000000000000000000        -2375.26327517866216493638961668717047      
   10.0000000000000000000000000000000000         9.00000000000000000000000000000000000        -2116.22252693120507055292370889715505      
   10.0000000000000000000000000000000000         9.00000000000000000000000000000000000        -1885.32091654470024631807454295163122      
   10.0000000000000000000000000000000000         9.00000000000000000000000000000000000        -1679.49833917504393033204609396562183      
   10.0000000000000000000000000000000000         9.00000000000000000000000000000000000        -1496.02747350914102568822976009362236      
   10.0000000000000000000000000000000000         9.00000000000000000000000000000000000        -1332.47759186810336855103741455927113      
   10.0000000000000000000000000000000000         9.00000000000000000000000000000000000        -1186.68230592777422114331887433536244      
   10.0000000000000000000000000000000000         9.00000000000000000000000000000000000        -1056.71082006188689810767043394076535      
   10.0000000000000000000000000000000000         9.00000000000000000000000000000000000        -940.842310857186683396888993419760045      
   10.0000000000000000000000000000000000         9.00000000000000000000000000000000000        -837.543092832247797261619668317051948      
   10.0000000000000000000000000000000000         9.00000000000000000000000000000000000        -745.446267362947408345373833433772588      
   10.0000000000000000000000000000000000         9.00000000000000000000000000000000000        -663.333584768202317193589705989541159      
   10.0000000000000000000000000000000000         9.00000000000000000000000000000000000        -590.119278876865985987136330551567894      
   10.0000000000000000000000000000000000         9.00000000000000000000000000000000000        -524.835659570310177987295617345063332      
   10.0000000000000000000000000000000000         9.00000000000000000000000000000000000        -466.620272122484721699652687811063458      
   10.0000000000000000000000000000000000         9.00000000000000000000000000000000000        -414.704452949699519280353276319238966      
   10.0000000000000000000000000000000000         9.00000000000000000000000000000000000        -368.403129911881524206394203248625028      
   10.0000000000000000000000000000000000         9.00000000000000000000000000000000000        -327.105731821501341039201066275325365      
   10.0000000000000000000000000000000000         9.00000000000000000000000000000000000        -290.268086534875961024521290050145324      
   10.0000000000000000000000000000000000         9.00000000000000000000000000000000000        -257.405200118441651243722452095904565      
   10.0000000000000000000000000000000000         9.00000000000000000000000000000000000        -228.084821273920559279623403959838049      
   10.0000000000000000000000000000000000         9.00000000000000000000000000000000000        -201.921705626213019701824789142184624      
   10.0000000000000000000000000000000000         9.00000000000000000000000000000000000        -178.572503764600707138887848508980204      
   10.0000000000000000000000000000000000         9.00000000000000000000000000000000000        -157.731205204673245400832979571727395      
   10.0000000000000000000000000000000000         9.00000000000000000000000000000000000        -139.125077815121124796999322145875170      
   10.0000000000000000000000000000000000         9.00000000000000000000000000000000000        -122.511048828055528943828063553788183      
   10.0000000000000000000000000000000000         9.00000000000000000000000000000000000        -107.672479411060784063604185492745361      
   10.0000000000000000000000000000000000         9.00000000000000000000000000000000000        -94.4162900015102216205873174146334420      
   10.0000000000000000000000000000000000         9.00000000000000000000000000000000000        -82.5703982580783700100571493238812006      
   10.0000000000000000000000000000000000         9.00000000000000000000000000000000000        -71.9814356326226512570781927749583344      
   10.0000000000000000000000000000000000         9.00000000000000000000000000000000000        -62.5127122627307822260015852479784011      
   10.0000000000000000000000000000000000         9.00000000000000000000000000000000000        -54.0424031802944429713711484649032547      
   10.0000000000000000000000000000000000         9.00000000000000000000000000000000000        -46.4619317681989797112737868824538384      
   10.0000000000000000000000000000000000         9.00000000000000000000000000000000000        -39.6745290145815687718376915231515377      
   10.0000000000000000000000000000000000         9.00000000000000000000000000000000000        -33.5939494468371930036213745310995135      
   10.0000000000000000000000000000000000         9.00000000000000000000000000000000000        -28.1433267065968426222394093432650676      
   10.0000000000000000000000000000000000         9.00000000000000000000000000000000000        -23.2541535798532129753914779975516888      
   10.0000000000000000000000000000000000         9.00000000000000000000000000000000000        -18.8653729478533645192201402615696648      
   10.0000000000000000000000000000000000         9.00000000000000000000000000000000000        -14.9225675962289963783001386003997401      
   10.0000000000000000000000000000000000         9.00000000000000000000000000000000000        -11.3772381316237352607682307663236659      
   10.0000000000000000000000000000000000         9.00000000000000000000000000000000000        -8.18615942420979592490630191406502533      
   10.0000000000000000000000000000000000         9.00000000000000000000000000000000000        -5.31080703647721182767441639364769266      
   10.0000000000000000000000000000000000         9.00000000000000000000000000000000000        -2.71684602735415043192869829167522291      
   10.0000000000000000000000000000000000         9.00000000000000000000000000000000000       -0.373675348399574118671187359297993177      
   10.0000000000000000000000000000000000         9.00000000000000000000000000000000000         1.74597821351746808116420242193922328      
   10.0000000000000000000000000000000000         9.00000000000000000000000000000000000         3.66642193518585780593335231979991244      
   10.0000000000000000000000000000000000         9.00000000000000000000000000000000000         5.40931969984716243340776416455618732      
   10.0000000000000000000000000000000000         9.00000000000000000000000000000000000         6.99397946376404881716147501101937175      
   10.0000000000000000000000000000000000         9.00000000000000000000000000000000000         8.43760946106906411766651585874658275      
   10.0000000000000000000000000000000000         9.00000000000000000000000000000000000         9.75554654657646613241643555229086331      
   10.0000000000000000000000000000000000         9.00000000000000000000000000000000000         10.9614597065274831749761203436408466      
   10.0000000000000000000000000000000000         9.00000000000000000000000000000000000         12.0675314377329472398911880606003512      
   10.0000000000000000000000000000000000         9.00000000000000000000000000000000000         13.0846194019043237053529482574972889      
   10.0000000000000000000000000000000000         9.00000000000000000000000000000000000         14.0224005002278949387485818320795037      
   10.0000000000000000000000000000000000         9.00000000000000000000000000000000000         14.8894992799641626550222375699367010      
   10.0000000000000000000000000000000000         9.00000000000000000000000000000000000         15.6936023769500278326124581273721339      
   10.0000000000000000000000000000000000         9.00000000000000000000000000000000000         16.4415605125862209367492753005954639      
   10.0000000000000000000000000000000000         9.00000000000000000000000000000000000         17.1394793987480359218184331128456606      
   10.0000000000000000000000000000000000         9.00000000000000000000000000000000000         17.7928007568723028753624573176146376      
   10.0000000000000000000000000000000000         9.00000000000000000000000000000000000         18.4063745262946591265676721396742413      
   10.0000000000000000000000000000000000         9.00000000000000000000000000000000000         18.9845232199978831996058890635520951      
   10.0000000000000000000000000000000000         9.00000000000000000000000000000000000         19.5310992817329717487811016542458167      
   10.0000000000000000000000000000000000         9.00000000000000000000000000000000000         20.0495362056071080278076975030950598      
   10.0000000000000000000000000000000000         9.00000000000000000000000000000000000         20.5428940964643957985854726349847664      
   10.0000000000000000000000000000000000         9.00000000000000000000000000000000000         21.0139002756179301580210356517604820      
   10.0000000000000000000000000000000000         9.00000000000000000000000000000000000         21.4649854707465992699499746801985439      
   10.0000000000000000000000000000000000         9.00000000000000000000000000000000000         21.8983160701745598721494399033261610      
   10.0000000000000000000000000000000000         9.00000000000000000000000000000000000         22.3158228695280786499768350266244666      
   10.0000000000000000000000000000000000         9.00000000000000000000000000000000000         22.7192266922204103194793631500491859      
   10.0000000000000000000000000000000000         9.00000000000000000000000000000000000         23.1100612237329806604063791580556038      
   10.0000000000000000000000000000000000         9.00000000000000000000000000000000000         23.4896933626899125041143716758425908      
   10.0000000000000000000000000000000000         9.00000000000000000000000000000000000         23.8593413587722890500579024861905309      
   10.0000000000000000000000000000000000         9.00000000000000000000000000000000000         24.2200909781512568360561025445322155      
   10.0000000000000000000000000000000000         9.00000000000000000000000000000000000         24.5729099109454440988476899406424320      
   10.0000000000000000000000000000000000         9.00000000000000000000000000000000000         24.9186606118809010099270795530801398      
   10.0000000000000000000000000000000000         9.00000000000000000000000000000000000         25.2581117445413176671381256474756734      
   10.0000000000000000000000000000000000         9.00000000000000000000000000000000000         25.5919483810667671170038314034499989      
   10.0000000000000000000000000000000000         9.00000000000000000000000000000000000         25.9207810926447787549627712233270048      
   10.0000000000000000000000000000000000         9.00000000000000000000000000000000000         26.2451540514190355897691976824559005      
   10.0000000000000000000000000000000000         9.00000000000000000000000000000000000         26.5655522513231013543417432033138502      
   10.0000000000000000000000000000000000         9.00000000000000000000000000000000000         26.8824079436552539010975889343536267      
   10.0000000000000000000000000000000000         9.00000000000000000000000000000000000         27.1961063727905928954671342320749873      
   10.0000000000000000000000000000000000         9.00000000000000000000000000000000000         27.5069908881398366628218178556119080      
   10.0000000000000000000000000000000000         9.00000000000000000000000000000000000         27.8153675001873955793516194074528695      
   10.0000000000000000000000000000000000         9.00000000000000000000000000000000000         28.1215089410645791547471997477824304      
   10.0000000000000000000000000000000000         9.00000000000000000000000000000000000         28.4256582835392762053921176892782250      
   10.0000000000000000000000000000000000         9.00000000000000000000000000000000000         28.7280321664439024050640882502429761      
