   10.8089062918227842640095007261726156         8.13038985053109277595114063530574629        -203.363295072354316896693404111918470      
   11.0630674581226510252022825361385103         8.22130584280987552072922043702201429        -180.984470441258435456138295551011157      
   11.3461594344629239825615801933039660         8.35863449304185075388206312704285378        -161.005919037181969466746298807614597      
   11.6709863406753985299244369992073929         8.55864149075320844621572036564522587        -143.165541348940584179371889868298841      
   12.0551998130595574769397767168431724         8.84160057977840131199357396267021111        -127.229769022650846807905350642182187      
   12.5218949162813938279361566220708401         9.23303196222378692047684442084196982        -112.990481044916141708886281941702787      
   13.1003843628155622785675182204624451         9.76540392566134681953818051273285637        -100.262262758568618326465741095158786      
   13.8273116240272305897807110609611380         10.4802715602002349704119940494550803        -88.8799919749331445813136582291270641      
   14.7482292869756631948024408107142424         11.4308005017746026257539943258902385        -78.6967267534048775144667519376681449      
   15.9196929810245685337063633599883912         12.6846259779571574886383528569649487        -69.5818464644747400191418456623610174      
   17.4118349765651358058075870109415479         14.3270054980139932060676060836969191        -61.4193769907024570821146871341096717      
   19.3113332068405426300546167921888081         16.4642140250360749116602835932497528        -54.1064316581032200114609606332093709      
   21.7247155735276830971223918476741703         19.2270882003901462852698393368809650        -47.5517295086692700075892028280841361      
   24.7820371775945997436786235068040785         22.7745486366339735571983688694391381        -41.6741978632900558583351675223395225      
   28.6411272595198032776800423481434301         27.2968314309993757258096925324416193        -36.4016994324520545042441959595495651      
   33.4928388899032304344198454428213414         33.0180710933519320007920746320337987        -31.6699269872286795732328974417785788      
   39.5680886890413840048996095148254150         40.1978206919247652603157255634006368        -27.4214845071597028880979497773773266      
   47.1479253276933034289685210353495474         49.1310663990338839588276081342233797        -23.6051407122404791187683362366638999      
   56.5782273431574351000353931406908607         60.1462655980901401459365844564308849        -20.1752148679135745314446925015077635      
   68.2905685591211944461075017099297339         73.6009146906363487428674859636014047        -17.0910427235592317513363118895860230      
   82.8300294633714088624639419258826555         89.8742438966642351508165918662514104        -14.3164734301659374853413165827054029      
   100.889312797346637535384658351161547         109.357066216938655659842497059227326        -11.8193643477105388770988371916963108      
   123.346787659893914933537592369488388         132.439777476380434948160860272662584        -9.57106441535939839322606674041317967      
   151.304321385437085268377152828543073         159.500916944176408207380213701461705        -7.54589954156399168953535804520547181      
   186.118805372098536653209600112081463         190.899942595960455930553514309506779        -5.72068738565300606884681950608303826      
   229.418776227101448168373927477145621         226.977958837896163581557839473568201        -4.07431181652556280297893441308384391      
   283.094812715929493380312291630679051         268.068257209614761603253417673065482        -2.58738281691532309397578804687512487      
   349.251165004443526522959347962513979         314.514785993848687635868470935946344        -1.24199937985593749701429227092219031      
   430.108819913346241912446637278417860         366.692312359933609193434062097969665        -2.16208891649525919580043711469188846E-0002
   527.858330237310240103294422166310000         425.019031392280965708104525419284138         1.08896457947850861965954175793176747      
   644.472954066521094780781075543987509         489.952365544784397186638843955120311         2.10360542237816279242922697495208492      
   781.505041584414434560898057914855513         561.962156855694555998694960836030577         3.03472827918569935838886219994042582      
   939.896465316777869433851568273395677         641.481396843396827577638100716147480         3.89329961454371187302402268027423962      
   1119.83409888203891524885411796867744         728.841070694649840915689955964036853         4.68883751552745323604161356791075039      
   1320.67377485685961601351448926154289         824.200481765911208085192178353028089         5.42948455440054855436867307104607883      
   1540.94340833964654548641383179114054         927.486139171094506963755741874582377         6.12213423479821620364142728884483197      
   1778.42200122709548253195393989267035         1038.35064844528434958478238925725899         6.77259200456615007123873312581177828      
   2030.27966350214419410970063307498955         1156.15883168686477889839907766840676         7.38574856082457728303037905405527654      
   2293.25680050871594780318867412730612         1280.00293462958153796863094841175507         7.96574638081411898991510016198026018      
   2563.85871407602962632322947338546607         1408.74372533131500256460731414768073         8.51612687046650963790388751366987146      
   2838.54420362620455063245322672590932         1541.07063031871646648888085186774826         9.03995230248562258718271100140804580      
   3113.89178815338862903284788618469627         1675.57226991102393663566162421493838         9.53990203568515709569839096149188076      
   3386.73327279254903920813451743093075         1810.80876639010050004896189488341477         10.0183457842482098754931162026980974      
   3654.25024436377250904514505749057696         1945.37855529326242738506049453095526         10.4773981590840030053072637995070962      
   3914.03387364653797018501167452944348         2077.97453343785376704893103554014677         10.9189588907833988800761701141023014      
   4164.11177406003320529241905579292653         2207.42666743430553792179263050874182         11.3447426323777007049292372837572510      
   4402.94762086001770083493915402914232         2332.73024895842817858406400653184859         11.7563014566351004188849446813499079      
   4629.41999311831764815683640147087710         2453.06058146508269158105552332873862         12.1550423660824557313188775284189613      
   4842.78677679868374402802340649074848         2567.77593906171064530054555752463447         12.5422414496792470481541806032983089      
   5042.64077983828043155576524572478567         2676.41118656370559612249342495685664         12.9190557875297699074381799861625245      
   5228.86123144208438667163493924892432         2778.66458842335107834645197402564629         13.2865338178929492978936853918562269      
   5401.56477257700201616925126419896232         2874.38018376890786032616528498252686         13.6456246137596041881179961497917525      
   5561.05852946619762994141527859858846         2963.52778026859440594910221507308719         13.9971863401836860960031104588098651      
   5707.79697507762154044783151979175550         3046.18221547153561778040516908090592         14.3419940521952585238161401015447037      
   5842.34355946131884313938669649156281         3122.50311943118847668311413238048807         14.6807469257192913479982561300281643      
   5965.33753263406497690283987943486079         3192.71603084788118645356913675004329         15.0140749751764300010504349576375763      
   6077.46597977966151026994745610054164         3257.09539436031644266683172483350592         15.3425452906516777352169847169190753      
   6179.44081497933463953280612924257951         3315.94970764723876997591426538462350         15.6666678175027654457474779703345528      
   6271.98031072606209219779949930350992         3369.60889243355330248803443410148110         15.9869006973892594296323739799471892      
   6355.79465120485282050168951778773787         3418.41382636474112017960009693561250         16.3036551890250247010928825791593140      
   6431.57496576684754948308324517216763         3462.70788341369673917957996554755668         16.6173001877379584039615186385265764      
   6499.98530699925612427863436072310051         3502.83027883807363242249629420902965         16.9281663641572432548559504474402369      
   6561.65707097962520529044524874036841         3539.11099120755099738799169324321659         17.2365499435037161683133177091805095      
   6617.18540492640281935307674361264950         3571.86703046738500634358519692593611         17.5427161477814995053016712226251131      
   6667.12720175420197941587381234618847         3601.39983072414218851330140744704291         17.8469023235724363966261387310796496      
   6712.00033667672505399060307570137188         3627.99356426032519484384898536879129         18.1493207781235478486705038733770142      
   6752.28385451501110409620607668078710         3651.91419537472169836528043075104346         18.4501613460413060765779608643040472      
   6788.41886570064981202300293289859967         3673.40911629222788180142716826180956         18.7495937082328164530956502481457040      
   6820.80995304841430604340921832039253         3692.70723076854650473786706430579795         19.0477694838338188694875293178743232      
   6849.82692983168617327827130984721608         3710.01937298865109004348615899918272         19.3448241148025507265920619884497384      
   6875.80682259658414735208058681716616         3725.53896927864253094089838016653553         19.6408785616940981198371233377050149      
   6899.05597984011277479211534910635720         3739.44286772533737529102618340510527         19.9360408279092483892369594558043716      
   6919.85223064694319583248464899013023         3751.89227597019878433145588739764247         20.2304073284728393499383141375356415      
   6938.44703618646108359416843213993330         3763.03376030844144591242292297737876         20.5240641181683335946316374510870411      
   6955.06759218334064175136297392619637         3773.00026996301295521731711324139556         20.8170879926595436940901971872043618      
   6969.91885263247847052056029682516944         3781.91215924384786349416310199454472         21.1095474750826114752367816383823030      
   6983.18545462888014868575592484735573         3789.87818748737215155904741984260533         21.4015036995019902776293602612401322      
   6995.03353166678755576326791893464515         3796.99648243766867094922286415020144         21.6930112015997951108375823882241903      
   7005.61240851460212210230070254130564         3803.35545730147709627553834010813238         21.9841186260118784782773231903839269      
   7015.05617512209232661872492799051048         3809.03467528522047213755866599755442         22.2748693588374134675149903013761186      
   7023.48514024154199621488972682408990         3814.10565818040792779551262103878710         22.5653020930309293660063534706650559      
   7031.00716777619969411826167401167965         3818.63263765672478945012850868419128         22.8554513336346995717700424985242600      
   7037.71890049836312180599583570222202         3822.67324947956418040970319252481934         23.1453478491223058749316660654169579      
   7043.70687686149487178985012918912599         3826.27917199937463190239993729641051         23.4350190744977050068987495239935001      
   7049.04854729212427699684118584325792         3829.49671105407376168337790571589938         23.7244894712244704742463871761187341      
   7053.81319668934212142251047602476722         3832.36733395680949015054321916361133         24.0137808485431780105021528811442977      
   7058.06277996326509144566729422264540         3834.92815556961548097661658933758940         24.3029126502672145922810933274297291      
   7061.85267737285149205451697161209596         3837.21237963743187248611708300768257         24.5919022107247467338752770531248605      
   7065.23237622801971648877660149612134         3839.24969861525894657060959192254451         24.8807649831334380404453174341304655      
   7068.24608524012858980054624906197498         3841.06665519457652214268196490905407         25.1695147433511847742405777988558701      
   7070.93328746852572345171217487681550         3842.68696864773137358987385245095090         25.4581637716372678122339824773809866      
   7073.32923744189345579403133692577669         3844.13182897957724322739376574468718         25.7467230147807426885242356016059290      
   7075.46540764867354900013741832997817         3845.42016171876032636583011822980839         26.0352022307036726088442590111695536      
   7077.36988920360165109457445752750905         3846.56886600775159115028425298111290         26.3236101174232419504051915035844601      
   7079.06775111649230868035548118050339         3847.59302846937474075435175399666269         26.6119544280563778672969039563158579      
   7080.58136222132079766447196285508311         3848.50611514434296234237539010341029         26.9002420733709735004467705024091146      
   7081.93067947268466988914077929192835         3849.32014361368174485328150909996678         27.1884792132270659820127768988148230      
   7083.13350598562833264583173882303499         3850.04583724504231739825868841774612         27.4766713381074818592820588761602814      
   7084.20572188510153821514153055379669         3850.69276333494526302017696291189566         27.7648233418088029958530224373953377      
   7085.16149074362095161473649962836970         3851.26945676130220001601879074576331         28.0529395862484712095317514377194413      
   7086.01344411997883346054047202707761         3851.78353061292166425664146229978252         28.3410239592410334806788554852469832      
