   6.00000000000000000000000000000000000         9.00000000000000000000000000000000000        -11355.1371119330240588730966137278490      
   6.00000000000000000000000000000000000         9.00000000000000000000000000000000000        -11355.1371119330240588730966137278490      
   6.00000000000000000000000000000000000         9.00000000000000000000000000000000000        -11355.1371119330240588730966137278490      
   6.00000000000000000000000000000000000         9.00000000000000000000000000000000000        -11355.1371119330240588730966137278490      
   6.00000000000000000000000000000000000         9.00000000000000000000000000000000000        -11355.1371119330240588730966137278490      
   6.00000000000000000000000000000000000         9.00000000000000000000000000000000000        -11355.1371119330240588730966137278490      
   6.00000000000000000000000000000000000         9.00000000000000000000000000000000000        -11355.1371119330240588730966137278490      
   6.00000000000000000000000000000000000         9.00000000000000000000000000000000000        -11355.1371119330240588730966137278490      
   6.00000000000000000000000000000000000         9.00000000000000000000000000000000000        -11355.1371119330240588730966137278490      
   6.00000000000000000000000000000000000         9.00000000000000000000000000000000000        -11355.1371119330240588730966137278490      
   6.00000000000000000000000000000000000         9.00000000000000000000000000000000000        -11355.1371119330240588730966137278490      
   6.00000000000000000000000000000000000         9.00000000000000000000000000000000000        -11355.1371119330240588730966137278490      
   6.00000000000000000000000000000000000         9.00000000000000000000000000000000000        -11355.1371119330240588730966137278490      
   6.00000000000000000000000000000000000         9.00000000000000000000000000000000000        -11307.9690396268381539387235863822385      
   6.00000000000000000000000000000000000         9.00000000000000000000000000000000000        -10077.4806682570879343681312008823851      
   6.00000000000000000000000000000000000         9.00000000000000000000000000000000000        -8980.77545241504209642312524762138866      
   6.00000000000000000000000000000000000         9.00000000000000000000000000000000000        -8003.30459944355557262348515048497290      
   6.00000000000000000000000000000000000         9.00000000000000000000000000000000000        -7132.10148423823447319128326130377776      
   6.00000000000000000000000000000000000         9.00000000000000000000000000000000000        -6355.60959001035916779418250798673755      
   6.00000000000000000000000000000000000         9.00000000000000000000000000000000000        -5663.52916033042490561715491863466031      
   6.00000000000000000000000000000000000         9.00000000000000000000000000000000000        -5046.68052761808650023879849742444898      
   6.00000000000000000000000000000000000         9.00000000000000000000000000000000000        -4496.88230453060537439192721448290977      
   6.00000000000000000000000000000000000         9.00000000000000000000000000000000000        -4006.84282192353021961246981744012580      
   6.00000000000000000000000000000000000         9.00000000000000000000000000000000000        -3570.06337283130792158252809249618723      
   6.00000000000000000000000000000000000         9.00000000000000000000000000000000000        -3180.75197857423296047033616633670028      
   6.00000000000000000000000000000000000         9.00000000000000000000000000000000000        -2833.74653272036713890406078069944903      
   6.00000000000000000000000000000000000         9.00000000000000000000000000000000000        -2524.44630306949929665761248422290799      
   6.00000000000000000000000000000000000         9.00000000000000000000000000000000000        -2248.75088273208910601513118797373067      
   6.00000000000000000000000000000000000         9.00000000000000000000000000000000000        -2003.00578022110367641856424111374678      
   6.00000000000000000000000000000000000         9.00000000000000000000000000000000000        -1783.95392657032315742055353698074711      
   6.00000000000000000000000000000000000         9.00000000000000000000000000000000000        -1588.69245600803779858069054565517174      
   6.00000000000000000000000000000000000         9.00000000000000000000000000000000000        -1414.63418669193494563419519136888286      
   6.00000000000000000000000000000000000         9.00000000000000000000000000000000000        -1259.47329037793085337172736522834148      
   6.00000000000000000000000000000000000         9.00000000000000000000000000000000000        -1121.15469548031059670442386228132248      
   6.00000000000000000000000000000000000         9.00000000000000000000000000000000000        -997.846817520373744607912599692686362      
   6.00000000000000000000000000000000000         9.00000000000000000000000000000000000        -887.917255113207330673959980327934768      
   6.00000000000000000000000000000000000         9.00000000000000000000000000000000000        -789.911128993096848154543946575641204      
   6.00000000000000000000000000000000000         9.00000000000000000000000000000000000        -702.531776649602908071871733618870038      
   6.00000000000000000000000000000000000         9.00000000000000000000000000000000000        -624.623546403853547392709634248512886      
   6.00000000000000000000000000000000000         9.00000000000000000000000000000000000        -555.156462612898291035554851274653825      
   6.00000000000000000000000000000000000         9.00000000000000000000000000000000000        -493.212558518702620358267185114980734      
   6.00000000000000000000000000000000000         9.00000000000000000000000000000000000        -437.973695386992677634128032782173889      
   6.00000000000000000000000000000000000         9.00000000000000000000000000000000000        -388.710706303323332016730269039244747      
   6.00000000000000000000000000000000000         9.00000000000000000000000000000000000        -344.773720571139272074284072506198538      
   6.00000000000000000000000000000000000         9.00000000000000000000000000000000000        -305.583540322469945823612855851597865      
   6.00000000000000000000000000000000000         9.00000000000000000000000000000000000        -270.623954914121533527533293249220802      
   6.00000000000000000000000000000000000         9.00000000000000000000000000000000000        -239.434891126072919163436439562914247      
   6.00000000000000000000000000000000000         9.00000000000000000000000000000000000        -211.606308269370069959736285899345129      
   6.00000000000000000000000000000000000         9.00000000000000000000000000000000000        -186.772757195309696860627567174694575      
   6.00000000000000000000000000000000000         9.00000000000000000000000000000000000        -164.608531007269814821374472722742561      
   6.00000000000000000000000000000000000         9.00000000000000000000000000000000000        -144.823343128079448797936149551533067      
   6.00000000000000000000000000000000000         9.00000000000000000000000000000000000        -127.158475373507333363834590084251895      
   6.00000000000000000000000000000000000         9.00000000000000000000000000000000000        -111.383344919145093998135783431546077      
   6.00000000000000000000000000000000000         9.00000000000000000000000000000000000        -97.2924446064212381919534090981921733      
   6.00000000000000000000000000000000000         9.00000000000000000000000000000000000        -84.7026159874657228428502588006765441      
   6.00000000000000000000000000000000000         9.00000000000000000000000000000000000        -73.4506189237872513100029728255494121      
   6.00000000000000000000000000000000000         9.00000000000000000000000000000000000        -63.3909654888143729186093454116679092      
   6.00000000000000000000000000000000000         9.00000000000000000000000000000000000        -54.3939894315031487708901000773389678      
   6.00000000000000000000000000000000000         9.00000000000000000000000000000000000        -46.3441255839663825635218661016512614      
   6.00000000000000000000000000000000000         9.00000000000000000000000000000000000        -39.1383763819090267883543637656133568      
   6.00000000000000000000000000000000000         9.00000000000000000000000000000000000        -32.6849451495276295811735731109940516      
   6.00000000000000000000000000000000000         9.00000000000000000000000000000000000        -26.9020180133948051693076338390613845      
   6.00000000000000000000000000000000000         9.00000000000000000000000000000000000        -21.7166782820660404681158334261164773      
   6.00000000000000000000000000000000000         9.00000000000000000000000000000000000        -17.0639388858858043344191897341598615      
   6.00000000000000000000000000000000000         9.00000000000000000000000000000000000        -12.8858800380570415699000440300478043      
   6.00000000000000000000000000000000000         9.00000000000000000000000000000000000        -9.13088067426037020084006373115810468      
   6.00000000000000000000000000000000000         9.00000000000000000000000000000000000        -5.75293347249367862497835432387545677      
   6.00000000000000000000000000000000000         9.00000000000000000000000000000000000        -2.71103436386156356515631491886655820      
   6.00000000000000000000000000000000000         9.00000000000000000000000000000000000         3.13615665063038842065809922504930798E-0002
   6.00000000000000000000000000000000000         9.00000000000000000000000000000000000         2.50682500827212222758391447609768024      
   6.00000000000000000000000000000000000         9.00000000000000000000000000000000000         4.74438461915298896937977083187062197      
   6.00000000000000000000000000000000000         9.00000000000000000000000000000000000         6.76991221757203065224195081725073401      
   6.00000000000000000000000000000000000         9.00000000000000000000000000000000000         8.60646608597008472826385552117330047      
   6.00000000000000000000000000000000000         9.00000000000000000000000000000000000         10.2745969402043004483341169931606857      
   6.00000000000000000000000000000000000         9.00000000000000000000000000000000000         11.7926206250616821226964560615642368      
   6.00000000000000000000000000000000000         9.00000000000000000000000000000000000         13.1768611543913594154332086977289421      
   6.00000000000000000000000000000000000         9.00000000000000000000000000000000000         14.4418673208504773940245954777690847      
   6.00000000000000000000000000000000000         9.00000000000000000000000000000000000         15.6006057495434299482485440498539651      
   6.00000000000000000000000000000000000         9.00000000000000000000000000000000000         16.6646329572589367084373914860747300      
   6.00000000000000000000000000000000000         9.00000000000000000000000000000000000         17.6442487004265024254061657583305104      
   6.00000000000000000000000000000000000         9.00000000000000000000000000000000000         18.5486326466264722855762688624444315      
   6.00000000000000000000000000000000000         9.00000000000000000000000000000000000         19.3859661832015848662148868282896808      
   6.00000000000000000000000000000000000         9.00000000000000000000000000000000000         20.1635409792962914757860909082361814      
   6.00000000000000000000000000000000000         9.00000000000000000000000000000000000         20.8878557418761452286077793160838262      
   6.00000000000000000000000000000000000         9.00000000000000000000000000000000000         21.5647024496208516445117179251470218      
   6.00000000000000000000000000000000000         9.00000000000000000000000000000000000         22.1992432089623489208697399936879831      
   6.00000000000000000000000000000000000         9.00000000000000000000000000000000000         22.7960787521008482179079349730682323      
   6.00000000000000000000000000000000000         9.00000000000000000000000000000000000         23.3593094859258898633421629522211264      
   6.00000000000000000000000000000000000         9.00000000000000000000000000000000000         23.8925899019245067477304765819848150      
   6.00000000000000000000000000000000000         9.00000000000000000000000000000000000         24.3991770690629187215202339690215242      
   6.00000000000000000000000000000000000         9.00000000000000000000000000000000000         24.8819738531128355351518436432508100      
   6.00000000000000000000000000000000000         9.00000000000000000000000000000000000         25.3435674359165698428900856804408062      
   6.00000000000000000000000000000000000         9.00000000000000000000000000000000000         25.7862636457182053899443001894850652      
   6.00000000000000000000000000000000000         9.00000000000000000000000000000000000         26.2121175541034571014033503753357912      
   6.00000000000000000000000000000000000         9.00000000000000000000000000000000000         26.6229607455510254082916083208281360      
   6.00000000000000000000000000000000000         9.00000000000000000000000000000000000         27.0204256214458232770173076230965972      
   6.00000000000000000000000000000000000         9.00000000000000000000000000000000000         27.4059670610535652143284703397526054      
   6.00000000000000000000000000000000000         9.00000000000000000000000000000000000         27.7808817268846906092028892356130840      
   6.00000000000000000000000000000000000         9.00000000000000000000000000000000000         28.1463252706180714246737980178871498      
   6.00000000000000000000000000000000000         9.00000000000000000000000000000000000         28.5033276678966581358226994837647187      
   6.00000000000000000000000000000000000         9.00000000000000000000000000000000000         28.8528068854784852612917338328280996      
