   5.00000000000000000000000000000000000         4.00000000000000000000000000000000000        -11355.1371119330240588730966137278490      
   5.00000000000000000000000000000000000         4.00000000000000000000000000000000000        -11355.1371119330240588730966137278490      
   5.00000000000000000000000000000000000         4.00000000000000000000000000000000000        -11355.1371119330240588730966137278490      
   5.00000000000000000000000000000000000         4.00000000000000000000000000000000000        -11355.1371119330240588730966137278490      
   5.00000000000000000000000000000000000         4.00000000000000000000000000000000000        -11355.1371119330240588730966137278490      
   5.00000000000000000000000000000000000         4.00000000000000000000000000000000000        -11355.1371119330240588730966137278490      
   5.00000000000000000000000000000000000         4.00000000000000000000000000000000000        -11355.1371119330240588730966137278490      
   5.00000000000000000000000000000000000         4.00000000000000000000000000000000000        -11355.1371119330240588730966137278490      
   5.00000000000000000000000000000000000         4.00000000000000000000000000000000000        -11355.1371119330240588730966137278490      
   5.00000000000000000000000000000000000         4.00000000000000000000000000000000000        -11355.1371119330240588730966137278490      
   5.00000000000000000000000000000000000         4.00000000000000000000000000000000000        -11355.1371119330240588730966137278490      
   5.00000000000000000000000000000000000         4.00000000000000000000000000000000000        -11355.1371119330240588730966137278490      
   5.00000000000000000000000000000000000         4.00000000000000000000000000000000000        -11355.1371119330240588730966137278490      
   5.00000000000000000000000000000000000         4.00000000000000000000000000000000000        -11355.1371119330240588730966137278490      
   5.00000000000000000000000000000000000         4.00000000000000000000000000000000000        -11355.1371119330240588730966137278490      
   5.00000000000000000000000000000000000         4.00000000000000000000000000000000000        -11355.1371119330240588730966137278490      
   5.00000000000000000000000000000000000         4.00000000000000000000000000000000000        -11355.1371119330240588730966137278490      
   5.00000000000000000000000000000000000         4.00000000000000000000000000000000000        -11355.1371119330240588730966137278490      
   5.00000000000000000000000000000000000         4.00000000000000000000000000000000000        -11355.1371119330240588730966137278490      
   5.00000000000000000000000000000000000         4.00000000000000000000000000000000000        -11355.1371119330240588730966137278490      
   5.00000000000000000000000000000000000         4.00000000000000000000000000000000000        -11355.1371119330240588730966137278490      
   5.00000000000000000000000000000000000         4.00000000000000000000000000000000000        -11355.1371119330240588730966137278490      
   5.00000000000000000000000000000000000         4.00000000000000000000000000000000000        -11355.1371119330240588730966137278490      
   5.00000000000000000000000000000000000         4.00000000000000000000000000000000000        -11355.1371119330240588730966137278490      
   5.00000000000000000000000000000000000         4.00000000000000000000000000000000000        -11355.1371119330240588730966137278490      
   5.00000000000000000000000000000000000         4.00000000000000000000000000000000000        -11355.1371119330240588730966137278490      
   5.00000000000000000000000000000000000         4.00000000000000000000000000000000000        -11355.1371119330240588730966137278490      
   5.00000000000000000000000000000000000         4.00000000000000000000000000000000000        -11355.1371119330240588730966137278490      
   5.00000000000000000000000000000000000         4.00000000000000000000000000000000000        -10462.4509810826905089033519821709030      
   5.00000000000000000000000000000000000         4.00000000000000000000000000000000000        -9323.51075853121699859058952034570038      
   5.00000000000000000000000000000000000         4.00000000000000000000000000000000000        -8308.39791620786802499510424912761231      
   5.00000000000000000000000000000000000         4.00000000000000000000000000000000000        -7403.64634267947905732102332273586083      
   5.00000000000000000000000000000000000         4.00000000000000000000000000000000000        -6597.25435349822865097815897481694715      
   5.00000000000000000000000000000000000         4.00000000000000000000000000000000000        -5878.52543614081075977218747137314624      
   5.00000000000000000000000000000000000         4.00000000000000000000000000000000000        -5237.92631378606951243526682328296638      
   5.00000000000000000000000000000000000         4.00000000000000000000000000000000000        -4666.96044452366104729509042921452455      
   5.00000000000000000000000000000000000         4.00000000000000000000000000000000000        -4158.05527740509871123310504390203662      
   5.00000000000000000000000000000000000         4.00000000000000000000000000000000000        -3704.46176929347819013721719908173631      
   5.00000000000000000000000000000000000         4.00000000000000000000000000000000000        -3300.16482916152839728775529550380640      
   5.00000000000000000000000000000000000         4.00000000000000000000000000000000000        -2939.80350148823410152837411688960840      
   5.00000000000000000000000000000000000         4.00000000000000000000000000000000000        -2618.59982963619719554148093862495609      
   5.00000000000000000000000000000000000         4.00000000000000000000000000000000000        -2332.29545526997425995828479799977449      
   5.00000000000000000000000000000000000         4.00000000000000000000000000000000000        -2077.09511252819169222811926370310104      
   5.00000000000000000000000000000000000         4.00000000000000000000000000000000000        -1849.61626715143329126532133232464989      
   5.00000000000000000000000000000000000         4.00000000000000000000000000000000000        -1646.84423230772483368278706791106574      
   5.00000000000000000000000000000000000         4.00000000000000000000000000000000000        -1466.09216552988984360695349962885582      
   5.00000000000000000000000000000000000         4.00000000000000000000000000000000000        -1304.96541594843969953430022453838271      
   5.00000000000000000000000000000000000         4.00000000000000000000000000000000000        -1161.32974872943987811989528504323498      
   5.00000000000000000000000000000000000         4.00000000000000000000000000000000000        -1033.28302507494851683307621866560698      
   5.00000000000000000000000000000000000         4.00000000000000000000000000000000000        -919.129961996839335662347948444434709      
   5.00000000000000000000000000000000000         4.00000000000000000000000000000000000        -817.359636941542608163347397283974033      
   5.00000000000000000000000000000000000         4.00000000000000000000000000000000000        -726.625438765741881256487280606145340      
   5.00000000000000000000000000000000000         4.00000000000000000000000000000000000        -645.727199024655010482748821775603385      
   5.00000000000000000000000000000000000         4.00000000000000000000000000000000000        -573.595266465951391222699647392571208      
   5.00000000000000000000000000000000000         4.00000000000000000000000000000000000        -509.276313407515436349555558544901411      
   5.00000000000000000000000000000000000         4.00000000000000000000000000000000000        -451.920685658312759696085895099405221      
   5.00000000000000000000000000000000000         4.00000000000000000000000000000000000        -400.771128123494695950435332529503643      
   5.00000000000000000000000000000000000         4.00000000000000000000000000000000000        -355.152736489370813701394524008822373      
   5.00000000000000000000000000000000000         4.00000000000000000000000000000000000        -314.464001653214004276996309612377445      
   5.00000000000000000000000000000000000         4.00000000000000000000000000000000000        -278.168828062922744561606167712305568      
   5.00000000000000000000000000000000000         4.00000000000000000000000000000000000        -245.789420054757223823464825847188340      
   5.00000000000000000000000000000000000         4.00000000000000000000000000000000000        -216.899941795173100125693187746018246      
   5.00000000000000000000000000000000000         4.00000000000000000000000000000000000        -191.120866698033013213224610277698870      
   5.00000000000000000000000000000000000         4.00000000000000000000000000000000000        -168.113941337395342977492793101201752      
   5.00000000000000000000000000000000000         4.00000000000000000000000000000000000        -147.577697030062667079787342621191360      
   5.00000000000000000000000000000000000         4.00000000000000000000000000000000000        -129.243449529317337932751961754318375      
   5.00000000000000000000000000000000000         4.00000000000000000000000000000000000        -112.871733748210493386034610206619057      
   5.00000000000000000000000000000000000         4.00000000000000000000000000000000000        -98.2491262033486811051420922184523183      
   5.00000000000000000000000000000000000         4.00000000000000000000000000000000000        -85.1854130149377148370081615420375115      
   5.00000000000000000000000000000000000         4.00000000000000000000000000000000000        -73.5110658841649665804833104812682970      
   5.00000000000000000000000000000000000         4.00000000000000000000000000000000000        -63.0749925556734636911312313265702345      
   5.00000000000000000000000000000000000         4.00000000000000000000000000000000000        -53.7425319151315608609931956201353753      
   5.00000000000000000000000000000000000         4.00000000000000000000000000000000000        -45.3936671180610436441673256984291886      
   5.00000000000000000000000000000000000         4.00000000000000000000000000000000000        -37.9214330392288515787103842214739871      
   5.00000000000000000000000000000000000         4.00000000000000000000000000000000000        -31.2304969104234259519439512980550077      
   5.00000000000000000000000000000000000         4.00000000000000000000000000000000000        -25.2358933125413281471449609148534000      
   5.00000000000000000000000000000000000         4.00000000000000000000000000000000000        -19.8618967360976916331278806192112528      
   5.00000000000000000000000000000000000         4.00000000000000000000000000000000000        -15.0410167497234732687717757284911461      
   5.00000000000000000000000000000000000         4.00000000000000000000000000000000000        -10.7131024431459621868799302501946500      
   5.00000000000000000000000000000000000         4.00000000000000000000000000000000000        -6.82454426115500607588889202153547458      
   5.00000000000000000000000000000000000         4.00000000000000000000000000000000000        -3.32756263737662386262273379637176227      
   5.00000000000000000000000000000000000         4.00000000000000000000000000000000000       -0.179573988456381353393545947602799287      
   5.00000000000000000000000000000000000         4.00000000000000000000000000000000000         2.65737434421945747730533583788120717      
   5.00000000000000000000000000000000000         4.00000000000000000000000000000000000         5.21710770324505464033054159418287326      
   5.00000000000000000000000000000000000         4.00000000000000000000000000000000000         7.52977295694015236955311068083590216      
   5.00000000000000000000000000000000000         4.00000000000000000000000000000000000         9.62223852997651542370867280617519297      
   5.00000000000000000000000000000000000         4.00000000000000000000000000000000000         11.5184509310490300178324319995970876      
   5.00000000000000000000000000000000000         4.00000000000000000000000000000000000         13.2397525084970413853737078370658004      
   5.00000000000000000000000000000000000         4.00000000000000000000000000000000000         14.8051646502999681516391249433592510      
   5.00000000000000000000000000000000000         4.00000000000000000000000000000000000         16.2316401863390731167436340880881603      
   5.00000000000000000000000000000000000         4.00000000000000000000000000000000000         17.5342883421500535451308660422099583      
   5.00000000000000000000000000000000000         4.00000000000000000000000000000000000         18.7265752291660739675966936515054200      
   5.00000000000000000000000000000000000         4.00000000000000000000000000000000000         19.8205025318349558287313046823280594      
   5.00000000000000000000000000000000000         4.00000000000000000000000000000000000         20.8267667626800051747290228686755572      
   5.00000000000000000000000000000000000         4.00000000000000000000000000000000000         21.7549011985223778768576901996694444      
   5.00000000000000000000000000000000000         4.00000000000000000000000000000000000         22.6134023812724177967896132766415964      
   5.00000000000000000000000000000000000         4.00000000000000000000000000000000000         23.4098428618786115876433453448578069      
   5.00000000000000000000000000000000000         4.00000000000000000000000000000000000         24.1509716834778635635309798725818126      
   5.00000000000000000000000000000000000         4.00000000000000000000000000000000000         24.8428039370974448111721884590634474      
   5.00000000000000000000000000000000000         4.00000000000000000000000000000000000         25.4907005782583705617233163205813528      
   5.00000000000000000000000000000000000         4.00000000000000000000000000000000000         26.0994395635980389225019561817497152      
