   2.00000000000000000000000000000000000         1.00000000000000000000000000000000000        -11355.1371119330240588730966137278490      
   2.00000000000000000000000000000000000         1.00000000000000000000000000000000000        -11355.1371119330240588730966137278490      
   2.00000000000000000000000000000000000         1.00000000000000000000000000000000000        -11355.1371119330240588730966137278490      
   2.00000000000000000000000000000000000         1.00000000000000000000000000000000000        -11355.1371119330240588730966137278490      
   2.00000000000000000000000000000000000         1.00000000000000000000000000000000000        -11355.1371119330240588730966137278490      
   2.00000000000000000000000000000000000         1.00000000000000000000000000000000000        -11355.1371119330240588730966137278490      
   2.00000000000000000000000000000000000         1.00000000000000000000000000000000000        -11355.1371119330240588730966137278490      
   2.00000000000000000000000000000000000         1.00000000000000000000000000000000000        -11355.1371119330240588730966137278490      
   2.00000000000000000000000000000000000         1.00000000000000000000000000000000000        -11355.1371119330240588730966137278490      
   2.00000000000000000000000000000000000         1.00000000000000000000000000000000000        -11355.1371119330240588730966137278490      
   2.00000000000000000000000000000000000         1.00000000000000000000000000000000000        -11355.1371119330240588730966137278490      
   2.00000000000000000000000000000000000         1.00000000000000000000000000000000000        -11355.1371119330240588730966137278490      
   2.00000000000000000000000000000000000         1.00000000000000000000000000000000000        -11355.1371119330240588730966137278490      
   2.00000000000000000000000000000000000         1.00000000000000000000000000000000000        -11355.1371119330240588730966137278490      
   2.00000000000000000000000000000000000         1.00000000000000000000000000000000000        -11355.1371119330240588730966137278490      
   2.00000000000000000000000000000000000         1.00000000000000000000000000000000000        -11355.1371119330240588730966137278490      
   2.00000000000000000000000000000000000         1.00000000000000000000000000000000000        -11355.1371119330240588730966137278490      
   2.00000000000000000000000000000000000         1.00000000000000000000000000000000000        -11355.1371119330240588730966137278490      
   2.00000000000000000000000000000000000         1.00000000000000000000000000000000000        -11355.1371119330240588730966137278490      
   2.00000000000000000000000000000000000         1.00000000000000000000000000000000000        -11355.1371119330240588730966137278490      
   2.00000000000000000000000000000000000         1.00000000000000000000000000000000000        -11355.1371119330240588730966137278490      
   2.00000000000000000000000000000000000         1.00000000000000000000000000000000000        -11355.1371119330240588730966137278490      
   2.00000000000000000000000000000000000         1.00000000000000000000000000000000000        -11355.1371119330240588730966137278490      
   2.00000000000000000000000000000000000         1.00000000000000000000000000000000000        -11355.1371119330240588730966137278490      
   2.00000000000000000000000000000000000         1.00000000000000000000000000000000000        -11355.1371119330240588730966137278490      
   2.00000000000000000000000000000000000         1.00000000000000000000000000000000000        -11355.1371119330240588730966137278490      
   2.00000000000000000000000000000000000         1.00000000000000000000000000000000000        -11355.1371119330240588730966137278490      
   2.00000000000000000000000000000000000         1.00000000000000000000000000000000000        -11355.1371119330240588730966137278490      
   2.00000000000000000000000000000000000         1.00000000000000000000000000000000000        -11355.1371119330240588730966137278490      
   2.00000000000000000000000000000000000         1.00000000000000000000000000000000000        -10135.1823536399032004992212667304397      
   2.00000000000000000000000000000000000         1.00000000000000000000000000000000000        -9031.85209925875247065401221020738668      
   2.00000000000000000000000000000000000         1.00000000000000000000000000000000000        -8048.47667447411649297755514220037233      
   2.00000000000000000000000000000000000         1.00000000000000000000000000000000000        -7172.01110410104787195715652975846276      
   2.00000000000000000000000000000000000         1.00000000000000000000000000000000000        -6390.82904176803081074213532938935113      
   2.00000000000000000000000000000000000         1.00000000000000000000000000000000000        -5694.56849536438398705062783270416827      
   2.00000000000000000000000000000000000         1.00000000000000000000000000000000000        -5073.99432970052820245362970458017883      
   2.00000000000000000000000000000000000         1.00000000000000000000000000000000000        -4520.87572187495903047588383223178789      
   2.00000000000000000000000000000000000         1.00000000000000000000000000000000000        -4027.87694325509793363925338692304365      
   2.00000000000000000000000000000000000         1.00000000000000000000000000000000000        -3588.46001881526471214412435577987564      
   2.00000000000000000000000000000000000         1.00000000000000000000000000000000000        -3196.79797218032688889643355012966836      
   2.00000000000000000000000000000000000         1.00000000000000000000000000000000000        -2847.69750518946447176851730147505787      
   2.00000000000000000000000000000000000         1.00000000000000000000000000000000000        -2536.53008598483838751271937503785708      
   2.00000000000000000000000000000000000         1.00000000000000000000000000000000000        -2259.17053120596763399778391172774326      
   2.00000000000000000000000000000000000         1.00000000000000000000000000000000000        -2011.94226731284980110834785061603143      
   2.00000000000000000000000000000000000         1.00000000000000000000000000000000000        -1791.56854468884003503031397627975511      
   2.00000000000000000000000000000000000         1.00000000000000000000000000000000000        -1595.12895716407421877499345616615369      
   2.00000000000000000000000000000000000         1.00000000000000000000000000000000000        -1420.02068999992937947280882821491387      
   2.00000000000000000000000000000000000         1.00000000000000000000000000000000000        -1263.92398211881945288881373614051663      
   2.00000000000000000000000000000000000         1.00000000000000000000000000000000000        -1124.77134428409971082319764489858964      
   2.00000000000000000000000000000000000         1.00000000000000000000000000000000000        -1000.72012477402911785149696641094203      
   2.00000000000000000000000000000000000         1.00000000000000000000000000000000000        -890.128058512952214727524036719984799      
   2.00000000000000000000000000000000000         1.00000000000000000000000000000000000        -791.531475211526786820426305880629916      
   2.00000000000000000000000000000000000         1.00000000000000000000000000000000000        -703.625877351258094578934420597788392      
   2.00000000000000000000000000000000000         1.00000000000000000000000000000000000        -625.248630294994558317980276522225281      
   2.00000000000000000000000000000000000         1.00000000000000000000000000000000000        -555.363534831668045809377502815054968      
   2.00000000000000000000000000000000000         1.00000000000000000000000000000000000        -493.047077442320637210225665964004106      
   2.00000000000000000000000000000000000         1.00000000000000000000000000000000000        -437.476175836801889872999054690512107      
   2.00000000000000000000000000000000000         1.00000000000000000000000000000000000        -387.917257151853950049883986120986643      
   2.00000000000000000000000000000000000         1.00000000000000000000000000000000000        -343.716523884908797760919058968017844      
   2.00000000000000000000000000000000000         1.00000000000000000000000000000000000        -304.291278398453185296697954364345109      
   2.00000000000000000000000000000000000         1.00000000000000000000000000000000000        -269.122190876405113444454305460232072      
   2.00000000000000000000000000000000000         1.00000000000000000000000000000000000        -237.746408132980674879422488777860006      
   2.00000000000000000000000000000000000         1.00000000000000000000000000000000000        -209.751411832131769388476918408196582      
   2.00000000000000000000000000000000000         1.00000000000000000000000000000000000        -184.769544619858155960081288258373411      
   2.00000000000000000000000000000000000         1.00000000000000000000000000000000000        -162.473131534495349212825876786093797      
   2.00000000000000000000000000000000000         1.00000000000000000000000000000000000        -142.570131959056937447841800736081697      
   2.00000000000000000000000000000000000         1.00000000000000000000000000000000000        -124.800264419680623378171313902305703      
   2.00000000000000000000000000000000000         1.00000000000000000000000000000000000        -108.931552808607800580319780656213992      
   2.00000000000000000000000000000000000         1.00000000000000000000000000000000000        -94.7572482021739962343061474933692909      
   2.00000000000000000000000000000000000         1.00000000000000000000000000000000000        -82.0930854282051067976840556059525344      
   2.00000000000000000000000000000000000         1.00000000000000000000000000000000000        -70.7748379791355863458347385982048288      
   2.00000000000000000000000000000000000         1.00000000000000000000000000000000000        -60.6561388260312134156729414756173359      
   2.00000000000000000000000000000000000         1.00000000000000000000000000000000000        -51.6065382170425140520717289086812095      
   2.00000000000000000000000000000000000         1.00000000000000000000000000000000000        -43.5097726884543302865242904624728950      
   2.00000000000000000000000000000000000         1.00000000000000000000000000000000000        -36.2622223191598488962119890531038762      
   2.00000000000000000000000000000000000         1.00000000000000000000000000000000000        -29.7715357572632778968447813293467939      
   2.00000000000000000000000000000000000         1.00000000000000000000000000000000000        -23.9554047737495730236700961633456077      
   2.00000000000000000000000000000000000         1.00000000000000000000000000000000000        -18.7404720822929489019065652677410751      
   2.00000000000000000000000000000000000         1.00000000000000000000000000000000000        -14.0613579326366035335580485137922040      
   2.00000000000000000000000000000000000         1.00000000000000000000000000000000000        -9.85979256102921214768391401477293041      
   2.00000000000000000000000000000000000         1.00000000000000000000000000000000000        -6.08384298586257482300752508570964091      
   2.00000000000000000000000000000000000         1.00000000000000000000000000000000000        -2.68722388855830082705231937882048825      
   2.00000000000000000000000000000000000         1.00000000000000000000000000000000000        0.371316564488419861494261696797929969      
   2.00000000000000000000000000000000000         1.00000000000000000000000000000000000         3.12854410867761134378584875043219920      
   2.00000000000000000000000000000000000         1.00000000000000000000000000000000000         5.61722624017572215796341393631214991      
   2.00000000000000000000000000000000000         1.00000000000000000000000000000000000         7.86656702068139347391384557996535487      
   2.00000000000000000000000000000000000         1.00000000000000000000000000000000000         9.90259459758085502033291830199491421      
   2.00000000000000000000000000000000000         1.00000000000000000000000000000000000         11.7485065816499674395700956652561267      
   2.00000000000000000000000000000000000         1.00000000000000000000000000000000000         13.4249778652551780136234830201925655      
   2.00000000000000000000000000000000000         1.00000000000000000000000000000000000         14.9504349656138970967377162475862292      
   2.00000000000000000000000000000000000         1.00000000000000000000000000000000000         16.3413005334826792813746719870129910      
   2.00000000000000000000000000000000000         1.00000000000000000000000000000000000         17.6122112717549467138428757379237160      
   2.00000000000000000000000000000000000         1.00000000000000000000000000000000000         18.7762121556156467896550210332693500      
   2.00000000000000000000000000000000000         1.00000000000000000000000000000000000         19.8449295314362953056617889165421597      
   2.00000000000000000000000000000000000         1.00000000000000000000000000000000000         20.8287253913275735841450430961310515      
   2.00000000000000000000000000000000000         1.00000000000000000000000000000000000         21.7368348704790608235337879071587503      
   2.00000000000000000000000000000000000         1.00000000000000000000000000000000000         22.5774887917922614503032804624108620      
   2.00000000000000000000000000000000000         1.00000000000000000000000000000000000         23.3580228838997540019316575906233126      
   2.00000000000000000000000000000000000         1.00000000000000000000000000000000000         24.0849751218272186782185333046701847      
   2.00000000000000000000000000000000000         1.00000000000000000000000000000000000         24.7641724819497879562579707932241006      
   2.00000000000000000000000000000000000         1.00000000000000000000000000000000000         25.4008082624282818281776337247824200      
