   17.1471827079534170377562693763058990         16.0000402053404966706646632800086972        -422.393751364787787020280726537622028      
   17.2434578550364553765028704876637092         16.0001610838854553419560161104645524        -376.165602316089606504708496887271642      
   17.3814837661089377319855143675777897         16.0005551227916461600468574661284276        -334.936385338208706787236087926053909      
   17.5699584639315604469651034969593645         16.0016730635865215197068131951395219        -298.163138013351826027981660518331224      
   17.8170319857376091977870446022238408         16.0044762021560398684077490818518592        -265.361885575691983416014177763080805      
   18.1306665631056211491666884249464598         16.0107752883588174531639013692438378        -236.101204909237108963572288818233579      
   18.5198420048228879427419335573471617         16.0236242227975494775211506445853451        -209.996529470288293173802023826357442      
   18.9965763061350919398189724393261752         16.0476969193709921479175702752429589        -186.705114024323078316120181711748950      
   19.5784804135189633861783603517106961         16.0895754124315238431689828169800328        -165.921569538323765706205146749852572      
   20.2913955975194597870451607866013599         16.1579188863257366501915620499793997        -147.373874490290300400670160354841575      
   21.1716414134217598562081598085714660         16.2635562831809667512669877218195817        -130.819773871687165849951159409736366      
   22.2675135929784434034742013625898504         16.4196228055190166239692693140352953        -116.043491825098940705765766290749695      
   23.6398288682252758329348704465510191         16.6419127163254933154804985012925743        -102.852706667152706183107065894809135      
   25.3614388615421587409302749151736526         16.9496240724505767066598084085652634        -91.0757665414537735128996228552539471      
   27.5157168352063094601518540144368269         17.3666150873204796335685436867412528        -80.5591572407897193129434080934300925      
   30.1941111884023661342669026209162622         17.9231856113724026249838715128074229        -71.1652624538699737357150018035725507      
   33.4930094804963447839270487048031156         18.6582759170654937003223018174640514        -62.7704666453834952337486181750079636      
   37.5103514845641381442734083140463687         19.6218955688502339899981279212757509        -55.2636302783605174165826604555204993      
   42.3425759244316692357180921663437592         20.8776066678509531020362951570252495        -48.5449189214059235761040608140893648      
   48.0824704875785492647705514935423875         22.5049819010503830432400770232982797        -42.5249125002541193293945101186891650      
   54.8182862463800534330058206618183175         24.6020484304234141531896454604135632        -37.1238858046788546060105090055304775      
   62.6341962058074139760226026657063229         27.2876704231621724527246423453855113        -32.2711532462951926987526976159811069      
   71.6120674295229703215887224704906868         30.7035154576307796325514296300802874        -27.9044059354086978184212211057749962      
   81.8347872052949727782974129580753480         35.0147461331295084645360372362976743        -23.9690155542015803921359710206584874      
   93.3919930253976611891570928859942656         40.4081235356798555155033948925361694        -20.4173122098418476616625085024058914      
   106.389583255068461637130193522740716         47.0861508111309404834567608681118882        -17.2078516562396322097736113663935158      
   120.964158854533955690894660440684680         55.2564803582126272684061328878567163        -14.3046796364259536388074489576289187      
   137.302045411657138169603068780644271         65.1170441556196950200572454387779523        -11.6765939929114171608014786507995210      
   155.659880834617493802495643237697612         76.8388985658375678375711003891649260        -9.29640761061399575020534373252210288      
   176.380888532981648518876742685251284         90.5500196187372790443021681384221428        -7.14022558376385056575423073373741508      
   199.899381877682304510363010007665921         106.323641649674749800003065911446323        -5.18676287239847510829731352747787605      
   226.727010079232362978352472199994430         124.173864560238521079130905517482392        -3.41673975181773993077227832771247096      
   257.417974135471636940552555753012802         144.059318967564784705377153857065119        -1.81239671710821108324524291121547127      
   292.515840586615213237431576338399138         165.893345040823986166084887693953514       -0.357162086971865876563103553918076464      
   332.489763884617326921964707248607281         189.557327084528057099943520680496505        0.964518173278812646965641034144491747      
   377.671075540456941517812977530839576         214.913247544891607040827391938811626         2.16721126138409593654939082657191245      
   428.201358356474716549571242273243823         241.812337970117095109361076684966448         3.26443879824763778629998309149467158      
   484.000495536330942544380481786007599         270.098465663569236699974948610113760         4.26858788578366956197024684343980988      
   544.758848034266624747275039080083962         299.606830665845544190590397760935389         5.19084153930670717546382432013757527      
   609.953067621611334873195981301126481         330.159950516944307098507713992187398         6.04115688943099373405955247065615354      
   678.881276479659132284195210377465267         361.563417759724084995209361039016537         6.82829767130780617105782148555679331      
   750.711092223346007015430285093688190         393.603568250138745822221162553087815         7.55991213733433534385565957080039549      
   824.533348704006636232479808501032445         426.048313802594624311403141981117141         8.24264050646819693421880008548441505      
   899.415049933975541067432769005084520         458.651367376775311657695782502488606         8.88223563841347839592748913167621317      
   974.446597820760947232189955510412159         491.159241163626782305678486744538675         9.48368387123805828718951466322188576      
   1048.78015019521082482589961351373799         523.319893765850658059982942709599415         10.0513173926289426403935300854589402      
   1121.65770041672920131180857269987881         554.891761399152688275492329194022833         10.5889135973472533138775819377667766      
   1192.42888259359401816998126176799896         585.652051087129999524074445577523454         11.0997799552664800163511501831010395      
   1260.55949805835529263434821914609852         615.403483030166907358181074192272789         11.5868248808629889177012296038743816      
   1325.63233493374929845364856299248946         643.979032000476583253729095573765856         12.0526161416711166701240255891311461      
   1387.34208102571136439043804737299927         671.244550953727054373394621299812902         12.4994287409254479029698651952091096      
   1445.48610376494869727977063491215561         697.099417541816209461197701684149581         12.9292842099819338482944008129984353      
   1499.95268225647716089568437761298562         721.475510620886048028498201252703677         13.3439830405621365228316694617282850      
   1550.70800412402383031344583543239758         744.334905372069766100411328417430597         13.7451317022120599659602481772182827      
   1597.78294232482662769949244110383347         765.666689897946238991311310730942229         14.1341654004938583994935424189914791      
   1641.26034327665740979117928407973817         785.483274287138689765513113293754031         14.5123674730321546721165856551451023      
   1681.26330963308476721309435535947303         803.816504848507513336818796166634744         14.8808861071243935340247336647037016      
   1717.94475850381169771818751385771481         820.713827230115182332662141823960190         15.2407488948751083208263207225784617      
   1751.47838002990001921092652237037401         836.234673513630960184320047867634772         15.5928756143568681303890402714194488      
   1782.05100810915123979051766384775304         850.447186879460317572567319844855145         15.9380895307098837432651400554523881      
   1809.85633831641708169118215531210416         863.425346425541197391930056535449913         16.2771274419822595659319955946983356      
   1835.08988046709864674639786010058503         875.246515124250614762189437944713081         16.6106486444694329953964276864682000      
   1857.94500788005545494082486783457794         885.989405116256573958685484875119441         16.9392429561712342323628646998668490      
   1878.60995608781955680755881978974849         895.732435136947470409204627633188266         17.2634379107916628502703118886405947      
   1897.26562545679193293764885242645368         904.552443089114206740591169624559989         17.5837052155314480168528587314915051      
   1914.08405093893905033679654131846460         912.523710843474029907195728517435651         17.9004665516546797940541110328976190      
   1929.22741498643669116378378878933457         919.717256666688448530092596434381291         18.2140987859554052031550320714247041      
   1942.84749436581922708840340503104302         926.200351900520145985784189197972426         18.5249386527697467610969479112711208      
   1955.08544672685826712250795751442028         932.036221577399480366837914454290658         18.8332869593610242690131155378861435      
   1966.07185735238753617234384791785916         937.283892748006731222788650415731870         19.1394123618653433994999771737062000      
   1975.92697996391189773157614193798788         941.998158831014311495786160584528490         19.4435547541968769893387833300235547      
   1984.76111748587573064674758984458494         946.229632872458426432291166205394903         19.7459283081568687220749354640604687      
   1992.67509917058823875711647406240270         950.024866963440028023852893944398173         20.0467241993217837937612796964718112      
   1999.76081947183974699403663782983276         953.426519057563973058864196220193432         20.3461130500055653173810732330726830      
   2006.10181161994418444123391891513944         956.473551977651521535639117036379212         20.6442471176316724505511473852569546      
   2011.77383512772387452052360268066393         959.201452481186754946608026945007819         20.9412622541659517847357203699018177      
   2016.84546159742040864624572304555399         961.642460876228860857599651626977999         21.2372796598180145095327793927017858      
   2021.37864735705814239089703761797607         963.825803875373012171889288712024473         21.5324074519915829144099630396312308      
   2025.42928477901856566201667042178627         965.777925187098281794737750800481010         21.8267420684334275781705118011931108      
   2029.04772675891688413515351793440325         967.522709818343426301183769148135729         22.1203695216795768602629342142595679      
   2032.27928087991164280840911471312106         969.081699246452203135370754966261719         22.4133665202121252779341008377299692      
   2035.16467136137140654273420623146866         970.474295557338902069680248364912234         22.7058014702073094663739603412542574      
   2037.74046808126979148852891950793367         971.717953380526734796845714962588868         22.9977353703636865588424582738731093      
   2040.03948284462051622114784225210442         972.828359016682342342615788293195405         23.2892226110371505481104318496058027      
   2042.09113370890383678479479027457087         973.819596580716062889138103151776644         23.5803116877667310945469508561179576      
   2043.92177862390177953778361996797402         974.704301300145321424530432927772674         23.8710458382418148124730139462142295      
   2045.55501994024097334366696800218008         975.493800336686244185424779766715757         24.1614636108283693535114861989700309      
   2047.01198152273713772575608159914736         976.198241657605781107876279723317736         24.4515993719302628863816366198903357      
   2048.31156029906366822886275064016859         976.826711587571712394626920302418345         24.7414837587037466030948571135859118      
   2049.47065410342535615910042699942090         977.387341734068468178838011420444469         25.0311440829610532617296353717123835      
   2050.50436765628320794794606739074157         977.887406009978183696868835234444684         25.3206046914858548031464626600384533      
   2051.42619846845584212656322032679198         978.333408483718117652791155810210820         25.6098872874325432424732887085271842      
   2052.24820438177529339485428511725549         978.731162776768779107755577818491220         25.8990112169869912812000795434988125      
   2052.98115436710635454030281873176818         979.085863705545729655021654053594753         26.1879937250231434735856962950292662      
   2053.63466410019634379521188762622376         979.402151833274065148289388635519025         26.4768501830924823787764319600030339      
   2054.21731773119961137008997523739758         979.684171560832759298496747121479826         26.7655942927275429965063628271149331      
   2054.73677715828608731138169262789615         979.935623345742173109333071752505166         27.0542382667220598606288630805742327      
   2055.19988001200431252499651496892528         980.159810597295935177392342658781310         27.3427929907652537698057837198880052      
   2055.61272745678984494722479623683143         980.359681754560086486470002539724963         27.6312681675527826447246820555118553      
   2055.98076282037843227616190425418836         980.537868013495576736145537371418133         27.9196724452689031717103803614721363      
   2056.30884197165021246439376399179188         980.696717130447004660541554446028244         28.2080135321306261677211131267237293      
