   5.00000000000000000000000000000000000         4.00000000000000000000000000000000000        -11355.1371119330240588730966137278490      
   5.00000000000000000000000000000000000         4.00000000000000000000000000000000000        -11355.1371119330240588730966137278490      
   5.00000000000000000000000000000000000         4.00000000000000000000000000000000000        -11355.1371119330240588730966137278490      
   5.00000000000000000000000000000000000         4.00000000000000000000000000000000000        -11355.1371119330240588730966137278490      
   5.00000000000000000000000000000000000         4.00000000000000000000000000000000000        -11355.1371119330240588730966137278490      
   5.00000000000000000000000000000000000         4.00000000000000000000000000000000000        -11355.1371119330240588730966137278490      
   5.00000000000000000000000000000000000         4.00000000000000000000000000000000000        -11355.1371119330240588730966137278490      
   5.00000000000000000000000000000000000         4.00000000000000000000000000000000000        -11355.1371119330240588730966137278490      
   5.00000000000000000000000000000000000         4.00000000000000000000000000000000000        -11355.1371119330240588730966137278490      
   5.00000000000000000000000000000000000         4.00000000000000000000000000000000000        -11355.1371119330240588730966137278490      
   5.00000000000000000000000000000000000         4.00000000000000000000000000000000000        -11355.1371119330240588730966137278490      
   5.00000000000000000000000000000000000         4.00000000000000000000000000000000000        -10483.6106675885032681431850263252096      
   5.00000000000000000000000000000000000         4.00000000000000000000000000000000000        -9342.90145741369051635024012047835890      
   5.00000000000000000000000000000000000         4.00000000000000000000000000000000000        -8326.21200321149345890616974055610431      
   5.00000000000000000000000000000000000         4.00000000000000000000000000000000000        -7420.05527286700832935126778270553501      
   5.00000000000000000000000000000000000         4.00000000000000000000000000000000000        -6612.41093635518719179088584224351331      
   5.00000000000000000000000000000000000         4.00000000000000000000000000000000000        -5892.56586326452884445454335898307972      
   5.00000000000000000000000000000000000         4.00000000000000000000000000000000000        -5250.97196606543368197182927943519002      
   5.00000000000000000000000000000000000         4.00000000000000000000000000000000000        -4679.11950278976293926524994724156009      
   5.00000000000000000000000000000000000         4.00000000000000000000000000000000000        -4169.42415792513683589603456925954331      
   5.00000000000000000000000000000000000         4.00000000000000000000000000000000000        -3715.12640315604457363835980779518920      
   5.00000000000000000000000000000000000         4.00000000000000000000000000000000000        -3310.20180252994553692754084157503419      
   5.00000000000000000000000000000000000         4.00000000000000000000000000000000000        -2949.28107185241123727931381823708813      
   5.00000000000000000000000000000000000         4.00000000000000000000000000000000000        -2627.57883154805059219810369270235587      
   5.00000000000000000000000000000000000         4.00000000000000000000000000000000000        -2340.83010758097023456555636266897656      
   5.00000000000000000000000000000000000         4.00000000000000000000000000000000000        -2085.23373784056413405679357029324518      
   5.00000000000000000000000000000000000         4.00000000000000000000000000000000000        -1857.40193302975621795539044289396080      
   5.00000000000000000000000000000000000         4.00000000000000000000000000000000000        -1654.31532275932797412057019580006336      
   5.00000000000000000000000000000000000         4.00000000000000000000000000000000000        -1473.28289033731515122707037769263331      
   5.00000000000000000000000000000000000         4.00000000000000000000000000000000000        -1311.90626461247104176520366552487955      
   5.00000000000000000000000000000000000         4.00000000000000000000000000000000000        -1168.04789504625410637690185027454597      
   5.00000000000000000000000000000000000         4.00000000000000000000000000000000000        -1039.80268771588090512774393173812164      
   5.00000000000000000000000000000000000         4.00000000000000000000000000000000000        -925.472725875437799808997417114785394      
   5.00000000000000000000000000000000000         4.00000000000000000000000000000000000        -823.544739632256263925138355083906192      
   5.00000000000000000000000000000000000         4.00000000000000000000000000000000000        -732.670025774845920830196135260198004      
   5.00000000000000000000000000000000000         4.00000000000000000000000000000000000        -651.646551300701976934705917175343946      
   5.00000000000000000000000000000000000         4.00000000000000000000000000000000000        -579.403003168674312061619644810648540      
   5.00000000000000000000000000000000000         4.00000000000000000000000000000000000        -514.984572625802965673896212817207918      
   5.00000000000000000000000000000000000         4.00000000000000000000000000000000000        -457.540285475274061263786255559192070      
   5.00000000000000000000000000000000000         4.00000000000000000000000000000000000        -406.311710165849620787412693722338877      
   5.00000000000000000000000000000000000         4.00000000000000000000000000000000000        -360.622893865978564422193193537251528      
   5.00000000000000000000000000000000000         4.00000000000000000000000000000000000        -319.871392980406830611659272876583419      
   5.00000000000000000000000000000000000         4.00000000000000000000000000000000000        -283.520279089691570507384546504137663      
   5.00000000000000000000000000000000000         4.00000000000000000000000000000000000        -251.091014236293675859811509912012193      
   5.00000000000000000000000000000000000         4.00000000000000000000000000000000000        -222.157101016623809957104752870022251      
   5.00000000000000000000000000000000000         4.00000000000000000000000000000000000        -196.338423219621369766776449593797130      
   5.00000000000000000000000000000000000         4.00000000000000000000000000000000000        -173.296201915578748017184112815216394      
   5.00000000000000000000000000000000000         4.00000000000000000000000000000000000        -152.728500065574093494250064067175136      
   5.00000000000000000000000000000000000         4.00000000000000000000000000000000000        -134.366216000410981065448058217779970      
   5.00000000000000000000000000000000000         4.00000000000000000000000000000000000        -117.969512604964739979809362962352583      
   5.00000000000000000000000000000000000         4.00000000000000000000000000000000000        -103.324634825381216301527157398667262      
   5.00000000000000000000000000000000000         4.00000000000000000000000000000000000        -90.2410732693820660371593415063726289      
   5.00000000000000000000000000000000000         4.00000000000000000000000000000000000        -78.5490362623759253658326660053872192      
   5.00000000000000000000000000000000000         4.00000000000000000000000000000000000        -68.0971968150959416379947357636472917      
   5.00000000000000000000000000000000000         4.00000000000000000000000000000000000        -58.7506846063930771890484897426244855      
   5.00000000000000000000000000000000000         4.00000000000000000000000000000000000        -50.3892963360168526600474438954871008      
   5.00000000000000000000000000000000000         4.00000000000000000000000000000000000        -42.9059006998522560332867926203654618      
   5.00000000000000000000000000000000000         4.00000000000000000000000000000000000        -36.2050168226032912550624253823695206      
   5.00000000000000000000000000000000000         4.00000000000000000000000000000000000        -30.2015472845885706745994056179159434      
   5.00000000000000000000000000000000000         4.00000000000000000000000000000000000        -24.8196489306842964875100253955786280      
   5.00000000000000000000000000000000000         4.00000000000000000000000000000000000        -19.9917264777353607115360513384178939      
   5.00000000000000000000000000000000000         4.00000000000000000000000000000000000        -15.6575355662163571910306352336990983      
   5.00000000000000000000000000000000000         4.00000000000000000000000000000000000        -11.7633833541830010411511385578025315      
   5.00000000000000000000000000000000000         4.00000000000000000000000000000000000        -8.26141604588138143694181085993798906      
   5.00000000000000000000000000000000000         4.00000000000000000000000000000000000        -5.10898390095256470721911111708700732      
   5.00000000000000000000000000000000000         4.00000000000000000000000000000000000        -2.26807529829049054873425675081250517      
   5.00000000000000000000000000000000000         4.00000000000000000000000000000000000        0.295187655075601765677000965697563682      
   5.00000000000000000000000000000000000         4.00000000000000000000000000000000000         2.61099866303789735742242987915367583      
   5.00000000000000000000000000000000000         4.00000000000000000000000000000000000         4.70626789251603873975465450274518587      
   5.00000000000000000000000000000000000         4.00000000000000000000000000000000000         6.60497905502249298777054806693991258      
   5.00000000000000000000000000000000000         4.00000000000000000000000000000000000         8.32850765594267549505079266196043740      
   5.00000000000000000000000000000000000         4.00000000000000000000000000000000000         9.89590463450442066093959828984189399      
   5.00000000000000000000000000000000000         4.00000000000000000000000000000000000         11.3241491581668648675242898785924215      
   5.00000000000000000000000000000000000         4.00000000000000000000000000000000000         12.6283739258566933797601069414184088      
   5.00000000000000000000000000000000000         4.00000000000000000000000000000000000         13.8220659696888099641067555821726791      
   5.00000000000000000000000000000000000         4.00000000000000000000000000000000000         14.9172456196882625564588842055384075      
   5.00000000000000000000000000000000000         4.00000000000000000000000000000000000         15.9246260062665523585869733717025638      
   5.00000000000000000000000000000000000         4.00000000000000000000000000000000000         16.8537552169532789758614341341541445      
   5.00000000000000000000000000000000000         4.00000000000000000000000000000000000         17.7131429937165811733597601492514977      
   5.00000000000000000000000000000000000         4.00000000000000000000000000000000000         18.5103736520688387315207222101372198      
   5.00000000000000000000000000000000000         4.00000000000000000000000000000000000         19.2522067203255624485701436545052810      
   5.00000000000000000000000000000000000         4.00000000000000000000000000000000000         19.9446666344392929400727093036291469      
   5.00000000000000000000000000000000000         4.00000000000000000000000000000000000         20.5931226786044586945126830098708083      
   5.00000000000000000000000000000000000         4.00000000000000000000000000000000000         21.2023602323964507943856398183092485      
   5.00000000000000000000000000000000000         4.00000000000000000000000000000000000         21.7766442698511626068099338312463372      
   5.00000000000000000000000000000000000         4.00000000000000000000000000000000000         22.3197759530792001621104433065257770      
   5.00000000000000000000000000000000000         4.00000000000000000000000000000000000         22.8351430713776395330035931168287686      
   5.00000000000000000000000000000000000         4.00000000000000000000000000000000000         23.3257649951356992316301600468263812      
   5.00000000000000000000000000000000000         4.00000000000000000000000000000000000         23.7943327410453435093154065478375207      
   5.00000000000000000000000000000000000         4.00000000000000000000000000000000000         24.2432446802578190735690199429089828      
   5.00000000000000000000000000000000000         4.00000000000000000000000000000000000         24.6746383633116674637490684410630269      
   5.00000000000000000000000000000000000         4.00000000000000000000000000000000000         25.0904188841296721197899730425031589      
   5.00000000000000000000000000000000000         4.00000000000000000000000000000000000         25.4922841594577466799004662400302120      
   5.00000000000000000000000000000000000         4.00000000000000000000000000000000000         25.8817474591885596705760719849647958      
   5.00000000000000000000000000000000000         4.00000000000000000000000000000000000         26.2601574865336014684627608876922142      
   5.00000000000000000000000000000000000         4.00000000000000000000000000000000000         26.6287162744953768671499977886807773      
   5.00000000000000000000000000000000000         4.00000000000000000000000000000000000         26.9884951361150359868148307439491872      
   5.00000000000000000000000000000000000         4.00000000000000000000000000000000000         27.3404488801455387879943008588463369      
   5.00000000000000000000000000000000000         4.00000000000000000000000000000000000         27.6854284807836991471961574990080624      
   5.00000000000000000000000000000000000         4.00000000000000000000000000000000000         28.0241923695807550424642777437486215      
   5.00000000000000000000000000000000000         4.00000000000000000000000000000000000         28.3574164993682575536212439268374200      
