   1.00000000000000000000000000000000000         2.00000000000000000000000000000000000        -11355.1371119330240588730966137278490      
   1.00000000000000000000000000000000000         2.00000000000000000000000000000000000        -11355.1371119330240588730966137278490      
   1.00000000000000000000000000000000000         2.00000000000000000000000000000000000        -11355.1371119330240588730966137278490      
   1.00000000000000000000000000000000000         2.00000000000000000000000000000000000        -11355.1371119330240588730966137278490      
   1.00000000000000000000000000000000000         2.00000000000000000000000000000000000        -11355.1371119330240588730966137278490      
   1.00000000000000000000000000000000000         2.00000000000000000000000000000000000        -11355.1371119330240588730966137278490      
   1.00000000000000000000000000000000000         2.00000000000000000000000000000000000        -11355.1371119330240588730966137278490      
   1.00000000000000000000000000000000000         2.00000000000000000000000000000000000        -11355.1371119330240588730966137278490      
   1.00000000000000000000000000000000000         2.00000000000000000000000000000000000        -11355.1371119330240588730966137278490      
   1.00000000000000000000000000000000000         2.00000000000000000000000000000000000        -11355.1371119330240588730966137278490      
   1.00000000000000000000000000000000000         2.00000000000000000000000000000000000        -11355.1371119330240588730966137278490      
   1.00000000000000000000000000000000000         2.00000000000000000000000000000000000        -11355.1371119330240588730966137278490      
   1.00000000000000000000000000000000000         2.00000000000000000000000000000000000        -11355.1371119330240588730966137278490      
   1.00000000000000000000000000000000000         2.00000000000000000000000000000000000        -11355.1371119330240588730966137278490      
   1.00000000000000000000000000000000000         2.00000000000000000000000000000000000        -11355.1371119330240588730966137278490      
   1.00000000000000000000000000000000000         2.00000000000000000000000000000000000        -11355.1371119330240588730966137278490      
   1.00000000000000000000000000000000000         2.00000000000000000000000000000000000        -11355.1371119330240588730966137278490      
   1.00000000000000000000000000000000000         2.00000000000000000000000000000000000        -11355.1371119330240588730966137278490      
   1.00000000000000000000000000000000000         2.00000000000000000000000000000000000        -11355.1371119330240588730966137278490      
   1.00000000000000000000000000000000000         2.00000000000000000000000000000000000        -11355.1371119330240588730966137278490      
   1.00000000000000000000000000000000000         2.00000000000000000000000000000000000        -11355.1371119330240588730966137278490      
   1.00000000000000000000000000000000000         2.00000000000000000000000000000000000        -11355.1371119330240588730966137278490      
   1.00000000000000000000000000000000000         2.00000000000000000000000000000000000        -11355.1371119330240588730966137278490      
   1.00000000000000000000000000000000000         2.00000000000000000000000000000000000        -11355.1371119330240588730966137278490      
   1.00000000000000000000000000000000000         2.00000000000000000000000000000000000        -11355.1371119330240588730966137278490      
   1.00000000000000000000000000000000000         2.00000000000000000000000000000000000        -11355.1371119330240588730966137278490      
   1.00000000000000000000000000000000000         2.00000000000000000000000000000000000        -11355.1371119330240588730966137278490      
   1.00000000000000000000000000000000000         2.00000000000000000000000000000000000        -11355.1371119330240588730966137278490      
   1.00000000000000000000000000000000000         2.00000000000000000000000000000000000        -11355.1371119330240588730966137278490      
   1.00000000000000000000000000000000000         2.00000000000000000000000000000000000        -11355.1371119330240588730966137278490      
   1.00000000000000000000000000000000000         2.00000000000000000000000000000000000        -11355.1371119330240588730966137278490      
   1.00000000000000000000000000000000000         2.00000000000000000000000000000000000        -11355.1371119330240588730966137278490      
   1.00000000000000000000000000000000000         2.00000000000000000000000000000000000        -11355.1371119330240588730966137278490      
   1.00000000000000000000000000000000000         2.00000000000000000000000000000000000        -11355.1371119330240588730966137278490      
   1.00000000000000000000000000000000000         2.00000000000000000000000000000000000        -11355.1371119330240588730966137278490      
   1.00000000000000000000000000000000000         2.00000000000000000000000000000000000        -10411.2570224117015801746612006824830      
   1.00000000000000000000000000000000000         2.00000000000000000000000000000000000        -9277.56534560879082708565132716653435      
   1.00000000000000000000000000000000000         2.00000000000000000000000000000000000        -8267.13027460768629255032648762957659      
   1.00000000000000000000000000000000000         2.00000000000000000000000000000000000        -7366.54776915862281245839042082884365      
   1.00000000000000000000000000000000000         2.00000000000000000000000000000000000        -6563.87146581421469955010000735058829      
   1.00000000000000000000000000000000000         2.00000000000000000000000000000000000        -5848.45415694469277369715149725961782      
   1.00000000000000000000000000000000000         2.00000000000000000000000000000000000        -5210.80650876152047995973895191194815      
   1.00000000000000000000000000000000000         2.00000000000000000000000000000000000        -4642.47114362340036412402203286543006      
   1.00000000000000000000000000000000000         2.00000000000000000000000000000000000        -4135.91041577337470613025458559193510      
   1.00000000000000000000000000000000000         2.00000000000000000000000000000000000        -3684.40639135923509152248332252056266      
   1.00000000000000000000000000000000000         2.00000000000000000000000000000000000        -3281.97170553288032392209357313641658      
   1.00000000000000000000000000000000000         2.00000000000000000000000000000000000        -2923.27011375649120125309090063384089      
   1.00000000000000000000000000000000000         2.00000000000000000000000000000000000        -2603.54568307962528433716370524566795      
   1.00000000000000000000000000000000000         2.00000000000000000000000000000000000        -2318.55968379849955696875544862944949      
   1.00000000000000000000000000000000000         2.00000000000000000000000000000000000        -2064.53434408812203265563422229442895      
   1.00000000000000000000000000000000000         2.00000000000000000000000000000000000        -1838.10272126541337149933953230897490      
   1.00000000000000000000000000000000000         2.00000000000000000000000000000000000        -1636.26402450543656155347745073695292      
   1.00000000000000000000000000000000000         2.00000000000000000000000000000000000        -1456.34379617032335477074755674799206      
   1.00000000000000000000000000000000000         2.00000000000000000000000000000000000        -1295.95842338132471400446285384999312      
   1.00000000000000000000000000000000000         2.00000000000000000000000000000000000        -1152.98350892410788206337036786849827      
   1.00000000000000000000000000000000000         2.00000000000000000000000000000000000        -1025.52568178843007342537779775560987      
   1.00000000000000000000000000000000000         2.00000000000000000000000000000000000        -911.897473285177167977024786365361282      
   1.00000000000000000000000000000000000         2.00000000000000000000000000000000000        -810.594925362104884384040278373015313      
   1.00000000000000000000000000000000000         2.00000000000000000000000000000000000        -720.277633994236706235394647654290012      
   1.00000000000000000000000000000000000         2.00000000000000000000000000000000000        -639.750962836834064805113582267812409      
   1.00000000000000000000000000000000000         2.00000000000000000000000000000000000        -567.950191126920042080366707220063217      
   1.00000000000000000000000000000000000         2.00000000000000000000000000000000000        -503.926385485640982567173428646644440      
   1.00000000000000000000000000000000000         2.00000000000000000000000000000000000        -446.833808148867140844149712703340545      
   1.00000000000000000000000000000000000         2.00000000000000000000000000000000000        -395.918694540902744905320943937339061      
   1.00000000000000000000000000000000000         2.00000000000000000000000000000000000        -350.509251276526953305091793591549830      
   1.00000000000000000000000000000000000         2.00000000000000000000000000000000000        -310.006741870929646405600794614483284      
   1.00000000000000000000000000000000000         2.00000000000000000000000000000000000        -273.877541870328903999248503325573648      
   1.00000000000000000000000000000000000         2.00000000000000000000000000000000000        -241.646057979680482168203759748104396      
   1.00000000000000000000000000000000000         2.00000000000000000000000000000000000        -212.888417228606079291910910047830548      
   1.00000000000000000000000000000000000         2.00000000000000000000000000000000000        -187.226842434606496721146763375676521      
   1.00000000000000000000000000000000000         2.00000000000000000000000000000000000        -164.324639329373800466065270338479119      
   1.00000000000000000000000000000000000         2.00000000000000000000000000000000000        -143.881728830414289332027038142624909      
   1.00000000000000000000000000000000000         2.00000000000000000000000000000000000        -125.630665173941138514302024705076838      
   1.00000000000000000000000000000000000         2.00000000000000000000000000000000000        -109.333087072079444298221530376624981      
   1.00000000000000000000000000000000000         2.00000000000000000000000000000000000        -94.7765548033959309646602577398234937      
   1.00000000000000000000000000000000000         2.00000000000000000000000000000000000        -81.7717312668663199614089766898826439      
   1.00000000000000000000000000000000000         2.00000000000000000000000000000000000        -70.1498695935791992771216515122058176      
   1.00000000000000000000000000000000000         2.00000000000000000000000000000000000        -59.7605739783101407783711766743192308      
   1.00000000000000000000000000000000000         2.00000000000000000000000000000000000        -50.4698040185614928240545895637947033      
   1.00000000000000000000000000000000000         2.00000000000000000000000000000000000        -42.1580960798593985415744589864949495      
   1.00000000000000000000000000000000000         2.00000000000000000000000000000000000        -34.7189780859061661296477474430680378      
   1.00000000000000000000000000000000000         2.00000000000000000000000000000000000        -28.0575566988164300388763955470742553      
   1.00000000000000000000000000000000000         2.00000000000000000000000000000000000        -22.0892581421772157271219999140917076      
   1.00000000000000000000000000000000000         2.00000000000000000000000000000000000        -16.7387059584189459937870989988396537      
   1.00000000000000000000000000000000000         2.00000000000000000000000000000000000        -11.9387208090195366943121599256087333      
   1.00000000000000000000000000000000000         2.00000000000000000000000000000000000        -7.62942904549797586491103598925008174      
   1.00000000000000000000000000000000000         2.00000000000000000000000000000000000        -3.75746822247607148482378282170719009      
   1.00000000000000000000000000000000000         2.00000000000000000000000000000000000       -0.275279010449399162267284425308173455      
   1.00000000000000000000000000000000000         2.00000000000000000000000000000000000         2.85952588761987126481402458337115649      
   1.00000000000000000000000000000000000         2.00000000000000000000000000000000000         5.68472418998165966134246328923854780      
   1.00000000000000000000000000000000000         2.00000000000000000000000000000000000         8.23398532346675942630263663161027751      
   1.00000000000000000000000000000000000         2.00000000000000000000000000000000000         10.5373171963245406791584838898476610      
   1.00000000000000000000000000000000000         2.00000000000000000000000000000000000         12.6214643849336859003830092722545175      
   1.00000000000000000000000000000000000         2.00000000000000000000000000000000000         14.5102630180816854614430827437516688      
   1.00000000000000000000000000000000000         2.00000000000000000000000000000000000         16.2249570679118669342512340460838072      
   1.00000000000000000000000000000000000         2.00000000000000000000000000000000000         17.7844802445266581740283861897298846      
   1.00000000000000000000000000000000000         2.00000000000000000000000000000000000         19.2057072348172003819091427461495596      
   1.00000000000000000000000000000000000         2.00000000000000000000000000000000000         20.5036776193059363712362142685902255      
   1.00000000000000000000000000000000000         2.00000000000000000000000000000000000         21.6917954382426313061198970182946528      
   1.00000000000000000000000000000000000         2.00000000000000000000000000000000000         22.7820070550746708738199341146766156      
   1.00000000000000000000000000000000000         2.00000000000000000000000000000000000         23.7849596774318242544646293076712973      
