   6.00000000000000000000000000000000000         1.00000000000000000000000000000000000        -11355.1371119330240588730966137278490      
   6.00000000000000000000000000000000000         1.00000000000000000000000000000000000        -11355.1371119330240588730966137278490      
   6.00000000000000000000000000000000000         1.00000000000000000000000000000000000        -11355.1371119330240588730966137278490      
   6.00000000000000000000000000000000000         1.00000000000000000000000000000000000        -11355.1371119330240588730966137278490      
   6.00000000000000000000000000000000000         1.00000000000000000000000000000000000        -11355.1371119330240588730966137278490      
   6.00000000000000000000000000000000000         1.00000000000000000000000000000000000        -11355.1371119330240588730966137278490      
   6.00000000000000000000000000000000000         1.00000000000000000000000000000000000        -11355.1371119330240588730966137278490      
   6.00000000000000000000000000000000000         1.00000000000000000000000000000000000        -11355.1371119330240588730966137278490      
   6.00000000000000000000000000000000000         1.00000000000000000000000000000000000        -11355.1371119330240588730966137278490      
   6.00000000000000000000000000000000000         1.00000000000000000000000000000000000        -11355.1371119330240588730966137278490      
   6.00000000000000000000000000000000000         1.00000000000000000000000000000000000        -11355.1371119330240588730966137278490      
   6.00000000000000000000000000000000000         1.00000000000000000000000000000000000        -10227.4351522402613410956555985393653      
   6.00000000000000000000000000000000000         1.00000000000000000000000000000000000        -9114.75537454217577645691826728152498      
   6.00000000000000000000000000000000000         1.00000000000000000000000000000000000        -8123.04717833021829903502169211231739      
   6.00000000000000000000000000000000000         1.00000000000000000000000000000000000        -7239.15501760529532160840812186848865      
   6.00000000000000000000000000000000000         1.00000000000000000000000000000000000        -6451.35399965405304194460812656513480      
   6.00000000000000000000000000000000000         1.00000000000000000000000000000000000        -5749.19430284619736668847598599831362      
   6.00000000000000000000000000000000000         1.00000000000000000000000000000000000        -5123.36251385039837898951936825666232      
   6.00000000000000000000000000000000000         1.00000000000000000000000000000000000        -4565.55804429788095826560390966312953      
   6.00000000000000000000000000000000000         1.00000000000000000000000000000000000        -4068.38298701791222179653481413186238      
   6.00000000000000000000000000000000000         1.00000000000000000000000000000000000        -3625.24395030435012469540090584529340      
   6.00000000000000000000000000000000000         1.00000000000000000000000000000000000        -3230.26456761361231242757809621790861      
   6.00000000000000000000000000000000000         1.00000000000000000000000000000000000        -2878.20752175091325587626397329228866      
   6.00000000000000000000000000000000000         1.00000000000000000000000000000000000        -2564.40504885309635574353295673354411      
   6.00000000000000000000000000000000000         1.00000000000000000000000000000000000        -2284.69699999813649671264488237187016      
   6.00000000000000000000000000000000000         1.00000000000000000000000000000000000        -2035.37563855650270457573680893716449      
   6.00000000000000000000000000000000000         1.00000000000000000000000000000000000        -1813.13644077877264686955390991093864      
   6.00000000000000000000000000000000000         1.00000000000000000000000000000000000        -1615.03424677318842754796334705344592      
   6.00000000000000000000000000000000000         1.00000000000000000000000000000000000        -1438.44418002326694132042293700429641      
   6.00000000000000000000000000000000000         1.00000000000000000000000000000000000        -1281.02681687120738263482569358371074      
   6.00000000000000000000000000000000000         1.00000000000000000000000000000000000        -1140.69714378730250506880324877044112      
   6.00000000000000000000000000000000000         1.00000000000000000000000000000000000        -1015.59689050717917314353255300080095      
   6.00000000000000000000000000000000000         1.00000000000000000000000000000000000        -904.069871914408786540206795836365627      
   6.00000000000000000000000000000000000         1.00000000000000000000000000000000000        -804.640011470251208658565114280791165      
   6.00000000000000000000000000000000000         1.00000000000000000000000000000000000        -715.991754574797080776451733217757152      
   6.00000000000000000000000000000000000         1.00000000000000000000000000000000000        -636.952611956711022670619709648769878      
   6.00000000000000000000000000000000000         1.00000000000000000000000000000000000        -566.477601452963625005554471553435674      
   6.00000000000000000000000000000000000         1.00000000000000000000000000000000000        -503.635381730421896096206785740618921      
   6.00000000000000000000000000000000000         1.00000000000000000000000000000000000        -447.595893952208323884363215842612846      
   6.00000000000000000000000000000000000         1.00000000000000000000000000000000000        -397.619347401249620098004282250834537      
   6.00000000000000000000000000000000000         1.00000000000000000000000000000000000        -353.046402906931580248438867383525672      
   6.00000000000000000000000000000000000         1.00000000000000000000000000000000000        -313.289423814895968882204562382134634      
   6.00000000000000000000000000000000000         1.00000000000000000000000000000000000        -277.824678405664233087621126050921479      
   6.00000000000000000000000000000000000         1.00000000000000000000000000000000000        -246.185390292920712934896000356394820      
   6.00000000000000000000000000000000000         1.00000000000000000000000000000000000        -217.955544584462896892355168881575413      
   6.00000000000000000000000000000000000         1.00000000000000000000000000000000000        -192.764367617337687539212337499452829      
   6.00000000000000000000000000000000000         1.00000000000000000000000000000000000        -170.281407016602851629142023558177956      
   6.00000000000000000000000000000000000         1.00000000000000000000000000000000000        -150.212146793082599557530943233777125      
   6.00000000000000000000000000000000000         1.00000000000000000000000000000000000        -132.294099295128620795324878190210073      
   6.00000000000000000000000000000000000         1.00000000000000000000000000000000000        -116.293322156960834787313129809499497      
   6.00000000000000000000000000000000000         1.00000000000000000000000000000000000        -102.001314025608516891258861289520555      
   6.00000000000000000000000000000000000         1.00000000000000000000000000000000000        -89.2322478746343535592797676739043457      
   6.00000000000000000000000000000000000         1.00000000000000000000000000000000000        -77.8205051923954847594951679188090304      
   6.00000000000000000000000000000000000         1.00000000000000000000000000000000000        -67.6184783250178968318789757245995893      
   6.00000000000000000000000000000000000         1.00000000000000000000000000000000000        -58.4946118125106539042156135796441783      
   6.00000000000000000000000000000000000         1.00000000000000000000000000000000000        -50.3316567277402179541803871840934647      
   6.00000000000000000000000000000000000         1.00000000000000000000000000000000000        -43.0251148544036480482218393359079508      
   6.00000000000000000000000000000000000         1.00000000000000000000000000000000000        -36.4818520591876450178350467159744051      
   6.00000000000000000000000000000000000         1.00000000000000000000000000000000000        -30.6188624584044576571986656875217960      
   6.00000000000000000000000000000000000         1.00000000000000000000000000000000000        -25.3621669803467571391107482896919765      
   6.00000000000000000000000000000000000         1.00000000000000000000000000000000000        -20.6458317079531230147021827643090975      
   6.00000000000000000000000000000000000         1.00000000000000000000000000000000000        -16.4110929757877317386267282255180013      
   6.00000000000000000000000000000000000         1.00000000000000000000000000000000000        -12.6055776119027280197163605537446959      
   6.00000000000000000000000000000000000         1.00000000000000000000000000000000000        -9.18260797766654586499182394564003542      
   6.00000000000000000000000000000000000         1.00000000000000000000000000000000000        -6.10058258385893412128571675950610272      
   6.00000000000000000000000000000000000         1.00000000000000000000000000000000000        -3.32242406418458304651940958264185876      
   6.00000000000000000000000000000000000         1.00000000000000000000000000000000000       -0.815087181149269316060354149862375450      
   6.00000000000000000000000000000000000         1.00000000000000000000000000000000000         1.45087966416458603055277792122969420      
   6.00000000000000000000000000000000000         1.00000000000000000000000000000000000         3.50172523692181404622540846423839450      
   6.00000000000000000000000000000000000         1.00000000000000000000000000000000000         5.36084377370042278647860734096144136      
   6.00000000000000000000000000000000000         1.00000000000000000000000000000000000         7.04908540979748471553605823161132700      
   6.00000000000000000000000000000000000         1.00000000000000000000000000000000000         8.58503284785673118818599163182494326      
   6.00000000000000000000000000000000000         1.00000000000000000000000000000000000         9.98524793904244820761647564598645856      
   6.00000000000000000000000000000000000         1.00000000000000000000000000000000000         11.2644914487420371398301189040593975      
   6.00000000000000000000000000000000000         1.00000000000000000000000000000000000         12.4359189229545915720484791572069280      
   6.00000000000000000000000000000000000         1.00000000000000000000000000000000000         13.5112552543934653065040258354139896      
   6.00000000000000000000000000000000000         1.00000000000000000000000000000000000         14.5009502646889524365519046588845355      
   6.00000000000000000000000000000000000         1.00000000000000000000000000000000000         15.4143173671723828790426079595298754      
   6.00000000000000000000000000000000000         1.00000000000000000000000000000000000         16.2596571502125317545582701010271303      
   6.00000000000000000000000000000000000         1.00000000000000000000000000000000000         17.0443675209801319458190858794621034      
   6.00000000000000000000000000000000000         1.00000000000000000000000000000000000         17.7750418711813254977119664706523800      
   6.00000000000000000000000000000000000         1.00000000000000000000000000000000000         18.4575565673596947647715359631834771      
   6.00000000000000000000000000000000000         1.00000000000000000000000000000000000         19.0971489267100252761145967690128099      
   6.00000000000000000000000000000000000         1.00000000000000000000000000000000000         19.6984867130954736310390744684752617      
   6.00000000000000000000000000000000000         1.00000000000000000000000000000000000         20.2657300754380649448617092257406467      
   6.00000000000000000000000000000000000         1.00000000000000000000000000000000000         20.8025867503673301917903639820790594      
   6.00000000000000000000000000000000000         1.00000000000000000000000000000000000         21.3123612616326917042882935640089956      
   6.00000000000000000000000000000000000         1.00000000000000000000000000000000000         21.7979987691259073784016308097702014      
   6.00000000000000000000000000000000000         1.00000000000000000000000000000000000         22.2621241493634603194209179027230597      
   6.00000000000000000000000000000000000         1.00000000000000000000000000000000000         22.7070768260031513328982618290473537      
   6.00000000000000000000000000000000000         1.00000000000000000000000000000000000         23.1349418125746876652560309567643339      
   6.00000000000000000000000000000000000         1.00000000000000000000000000000000000         23.5475773793424424519730483354376825      
   6.00000000000000000000000000000000000         1.00000000000000000000000000000000000         23.9466397114228442933681207755058326      
   6.00000000000000000000000000000000000         1.00000000000000000000000000000000000         24.3336048853546333260415091399651158      
   6.00000000000000000000000000000000000         1.00000000000000000000000000000000000         24.7097884557377189087153692039318585      
   6.00000000000000000000000000000000000         1.00000000000000000000000000000000000         25.0763629118434364216129479104045554      
   6.00000000000000000000000000000000000         1.00000000000000000000000000000000000         25.4343732358348152740697598314036050      
   6.00000000000000000000000000000000000         1.00000000000000000000000000000000000         25.7847507690449884577708542001201284      
   6.00000000000000000000000000000000000         1.00000000000000000000000000000000000         26.1283255703108334847744444529218451      
   6.00000000000000000000000000000000000         1.00000000000000000000000000000000000         26.4658374303494236433525500694173296      
   6.00000000000000000000000000000000000         1.00000000000000000000000000000000000         26.7979456883313731379938621671883503      
