   1.00000000000000000000000000000000000         2.00000000000000000000000000000000000        -11355.1371119330240588730966137278490      
   1.00000000000000000000000000000000000         2.00000000000000000000000000000000000        -11355.1371119330240588730966137278490      
   1.00000000000000000000000000000000000         2.00000000000000000000000000000000000        -11355.1371119330240588730966137278490      
   1.00000000000000000000000000000000000         2.00000000000000000000000000000000000        -11355.1371119330240588730966137278490      
   1.00000000000000000000000000000000000         2.00000000000000000000000000000000000        -11355.1371119330240588730966137278490      
   1.00000000000000000000000000000000000         2.00000000000000000000000000000000000        -11355.1371119330240588730966137278490      
   1.00000000000000000000000000000000000         2.00000000000000000000000000000000000        -11355.1371119330240588730966137278490      
   1.00000000000000000000000000000000000         2.00000000000000000000000000000000000        -11355.1371119330240588730966137278490      
   1.00000000000000000000000000000000000         2.00000000000000000000000000000000000        -11355.1371119330240588730966137278490      
   1.00000000000000000000000000000000000         2.00000000000000000000000000000000000        -11355.1371119330240588730966137278490      
   1.00000000000000000000000000000000000         2.00000000000000000000000000000000000        -11355.1371119330240588730966137278490      
   1.00000000000000000000000000000000000         2.00000000000000000000000000000000000        -11355.1371119330240588730966137278490      
   1.00000000000000000000000000000000000         2.00000000000000000000000000000000000        -11355.1371119330240588730966137278490      
   1.00000000000000000000000000000000000         2.00000000000000000000000000000000000        -11355.1371119330240588730966137278490      
   1.00000000000000000000000000000000000         2.00000000000000000000000000000000000        -11355.1371119330240588730966137278490      
   1.00000000000000000000000000000000000         2.00000000000000000000000000000000000        -11355.1371119330240588730966137278490      
   1.00000000000000000000000000000000000         2.00000000000000000000000000000000000        -11355.1371119330240588730966137278490      
   1.00000000000000000000000000000000000         2.00000000000000000000000000000000000        -11355.1371119330240588730966137278490      
   1.00000000000000000000000000000000000         2.00000000000000000000000000000000000        -11355.1371119330240588730966137278490      
   1.00000000000000000000000000000000000         2.00000000000000000000000000000000000        -11355.1371119330240588730966137278490      
   1.00000000000000000000000000000000000         2.00000000000000000000000000000000000        -11355.1371119330240588730966137278490      
   1.00000000000000000000000000000000000         2.00000000000000000000000000000000000        -11355.1371119330240588730966137278490      
   1.00000000000000000000000000000000000         2.00000000000000000000000000000000000        -11355.1371119330240588730966137278490      
   1.00000000000000000000000000000000000         2.00000000000000000000000000000000000        -11355.1371119330240588730966137278490      
   1.00000000000000000000000000000000000         2.00000000000000000000000000000000000        -10592.1214972097771667300840332712084      
   1.00000000000000000000000000000000000         2.00000000000000000000000000000000000        -9439.10528390464706579690295062690504      
   1.00000000000000000000000000000000000         2.00000000000000000000000000000000000        -8411.44720161693972803812472327217184      
   1.00000000000000000000000000000000000         2.00000000000000000000000000000000000        -7495.51467120120341196794133687800334      
   1.00000000000000000000000000000000000         2.00000000000000000000000000000000000        -6679.15764370487171803095674434775143      
   1.00000000000000000000000000000000000         2.00000000000000000000000000000000000        -5951.54737660059891038002422959666417      
   1.00000000000000000000000000000000000         2.00000000000000000000000000000000000        -5303.03274295207931538302843637582475      
   1.00000000000000000000000000000000000         2.00000000000000000000000000000000000        -4725.01216682328264007388376201337986      
   1.00000000000000000000000000000000000         2.00000000000000000000000000000000000        -4209.81948559179323551815533255138311      
   1.00000000000000000000000000000000000         2.00000000000000000000000000000000000        -3750.62222462849729979450767170430605      
   1.00000000000000000000000000000000000         2.00000000000000000000000000000000000        -3341.33093451042214189164233889858313      
   1.00000000000000000000000000000000000         2.00000000000000000000000000000000000        -2976.51838772662535555715729595518558      
   1.00000000000000000000000000000000000         2.00000000000000000000000000000000000        -2651.34756266651424853499507852632404      
   1.00000000000000000000000000000000000         2.00000000000000000000000000000000000        -2361.50745928187488309729577641318878      
   1.00000000000000000000000000000000000         2.00000000000000000000000000000000000        -2103.15589473544196503335440574182414      
   1.00000000000000000000000000000000000         2.00000000000000000000000000000000000        -1872.86851996902142474328739448926458      
   1.00000000000000000000000000000000000         2.00000000000000000000000000000000000        -1667.59338067200038973062862996153322      
   1.00000000000000000000000000000000000         2.00000000000000000000000000000000000        -1484.61041970190380878136269444096210      
   1.00000000000000000000000000000000000         2.00000000000000000000000000000000000        -1321.49538357872339737537724397078610      
   1.00000000000000000000000000000000000         2.00000000000000000000000000000000000        -1176.08765411412777461992689615968680      
   1.00000000000000000000000000000000000         2.00000000000000000000000000000000000        -1046.46157832081776361489234543965429      
   1.00000000000000000000000000000000000         2.00000000000000000000000000000000000        -930.900916167342923382122213136571850      
   1.00000000000000000000000000000000000         2.00000000000000000000000000000000000        -827.876067115610359466792366362445319      
   1.00000000000000000000000000000000000         2.00000000000000000000000000000000000        -736.023773251074897720322003684378435      
   1.00000000000000000000000000000000000         2.00000000000000000000000000000000000        -654.129029678479898187171520392700586      
   1.00000000000000000000000000000000000         2.00000000000000000000000000000000000        -581.108962145090787282626244878939872      
   1.00000000000000000000000000000000000         2.00000000000000000000000000000000000        -515.998457957276997643474641518203903      
   1.00000000000000000000000000000000000         2.00000000000000000000000000000000000        -457.937359521435499973108150043306470      
   1.00000000000000000000000000000000000         2.00000000000000000000000000000000000        -406.159050575324729378083283058455843      
   1.00000000000000000000000000000000000         2.00000000000000000000000000000000000        -359.980283656033305666266492935096100      
   1.00000000000000000000000000000000000         2.00000000000000000000000000000000000        -318.792113821263959736527935615871732      
   1.00000000000000000000000000000000000         2.00000000000000000000000000000000000        -282.051818319922450963627407282880049      
   1.00000000000000000000000000000000000         2.00000000000000000000000000000000000        -249.275694990949510121959161501341414      
   1.00000000000000000000000000000000000         2.00000000000000000000000000000000000        -220.032643829523743438737207251376418      
   1.00000000000000000000000000000000000         2.00000000000000000000000000000000000        -193.938446551918621492891046145587971      
   1.00000000000000000000000000000000000         2.00000000000000000000000000000000000        -170.650668252314737324432320981680003      
   1.00000000000000000000000000000000000         2.00000000000000000000000000000000000        -149.864113499650803683714420490254821      
   1.00000000000000000000000000000000000         2.00000000000000000000000000000000000        -131.306776579679315449335802899545756      
   1.00000000000000000000000000000000000         2.00000000000000000000000000000000000        -114.736232144399444169285233813876169      
   1.00000000000000000000000000000000000         2.00000000000000000000000000000000000        -99.9364183749780517542881749941142415      
   1.00000000000000000000000000000000000         2.00000000000000000000000000000000000        -86.7147699726852205143326958834589974      
   1.00000000000000000000000000000000000         2.00000000000000000000000000000000000        -74.8996629343759063516036586144987712      
   1.00000000000000000000000000000000000         2.00000000000000000000000000000000000        -64.3381372062408198206186498984341208      
   1.00000000000000000000000000000000000         2.00000000000000000000000000000000000        -54.8938669968254435065195895919754387      
   1.00000000000000000000000000000000000         2.00000000000000000000000000000000000        -46.4453518166041134137525172241556638      
   1.00000000000000000000000000000000000         2.00000000000000000000000000000000000        -38.8843042403033721838459656341276013      
   1.00000000000000000000000000000000000         2.00000000000000000000000000000000000        -32.1142129985601630804787812594020120      
   1.00000000000000000000000000000000000         2.00000000000000000000000000000000000        -26.0490623320141831739901080732602769      
   1.00000000000000000000000000000000000         2.00000000000000000000000000000000000        -20.6121906144412759750355973361232299      
   1.00000000000000000000000000000000000         2.00000000000000000000000000000000000        -15.7352730995503034644018942851352622      
   1.00000000000000000000000000000000000         2.00000000000000000000000000000000000        -11.3574152931115387319760145145608376      
   1.00000000000000000000000000000000000         2.00000000000000000000000000000000000        -7.42434492001555771523393764260967551      
   1.00000000000000000000000000000000000         2.00000000000000000000000000000000000        -3.88769176415643349161508902580382450      
   1.00000000000000000000000000000000000         2.00000000000000000000000000000000000       -0.704345825052026683840869562155336461      
   1.00000000000000000000000000000000000         2.00000000000000000000000000000000000         2.16411472567031565019577058707550591      
   1.00000000000000000000000000000000000         2.00000000000000000000000000000000000         4.75193337859253420649366714211829483      
   1.00000000000000000000000000000000000         2.00000000000000000000000000000000000         7.08962967682075771001748122991279617      
   1.00000000000000000000000000000000000         2.00000000000000000000000000000000000         9.20440419177973667290736702763567110      
   1.00000000000000000000000000000000000         2.00000000000000000000000000000000000         11.1204994582695539403644479748546712      
   1.00000000000000000000000000000000000         2.00000000000000000000000000000000000         12.8595216581735233213161778954828323      
   1.00000000000000000000000000000000000         2.00000000000000000000000000000000000         14.4407273213646365847637498452003473      
   1.00000000000000000000000000000000000         2.00000000000000000000000000000000000         15.8812788481573981404886776107483614      
   1.00000000000000000000000000000000000         2.00000000000000000000000000000000000         17.1964722439327369330392025210068003      
   1.00000000000000000000000000000000000         2.00000000000000000000000000000000000         18.3999400878361047039011325903046899      
   1.00000000000000000000000000000000000         2.00000000000000000000000000000000000         19.5038324288200678526298638657386444      
   1.00000000000000000000000000000000000         2.00000000000000000000000000000000000         20.5189780094119721150725430633934400      
   1.00000000000000000000000000000000000         2.00000000000000000000000000000000000         21.4550279565481231648612855395179913      
   1.00000000000000000000000000000000000         2.00000000000000000000000000000000000         22.3205838461645512949621768967841446      
   1.00000000000000000000000000000000000         2.00000000000000000000000000000000000         23.1233118408836721543096520091498617      
   1.00000000000000000000000000000000000         2.00000000000000000000000000000000000         23.8700444153345995448250463529006406      
   1.00000000000000000000000000000000000         2.00000000000000000000000000000000000         24.5668710189403061575196583686100728      
   1.00000000000000000000000000000000000         2.00000000000000000000000000000000000         25.2192188792117343986458900944571786      
   1.00000000000000000000000000000000000         2.00000000000000000000000000000000000         25.8319250177594769604597989947897587      
   1.00000000000000000000000000000000000         2.00000000000000000000000000000000000         26.4093004346317477806892449798066024      
   1.00000000000000000000000000000000000         2.00000000000000000000000000000000000         26.9551873126658121535449330333816723      
   1.00000000000000000000000000000000000         2.00000000000000000000000000000000000         27.4730100009198641486267467275379407      
   1.00000000000000000000000000000000000         2.00000000000000000000000000000000000         27.9658204537045166384311521749693811      
