   1.00000000000000000000000000000000000         2.00000000000000000000000000000000000        -11355.1371119330240588730966137278490      
   1.00000000000000000000000000000000000         2.00000000000000000000000000000000000        -11355.1371119330240588730966137278490      
   1.00000000000000000000000000000000000         2.00000000000000000000000000000000000        -11355.1371119330240588730966137278490      
   1.00000000000000000000000000000000000         2.00000000000000000000000000000000000        -11355.1371119330240588730966137278490      
   1.00000000000000000000000000000000000         2.00000000000000000000000000000000000        -11355.1371119330240588730966137278490      
   1.00000000000000000000000000000000000         2.00000000000000000000000000000000000        -11355.1371119330240588730966137278490      
   1.00000000000000000000000000000000000         2.00000000000000000000000000000000000        -11355.1371119330240588730966137278490      
   1.00000000000000000000000000000000000         2.00000000000000000000000000000000000        -11355.1371119330240588730966137278490      
   1.00000000000000000000000000000000000         2.00000000000000000000000000000000000        -11355.1371119330240588730966137278490      
   1.00000000000000000000000000000000000         2.00000000000000000000000000000000000        -11355.1371119330240588730966137278490      
   1.00000000000000000000000000000000000         2.00000000000000000000000000000000000        -11355.1371119330240588730966137278490      
   1.00000000000000000000000000000000000         2.00000000000000000000000000000000000        -11355.1371119330240588730966137278490      
   1.00000000000000000000000000000000000         2.00000000000000000000000000000000000        -11355.1371119330240588730966137278490      
   1.00000000000000000000000000000000000         2.00000000000000000000000000000000000        -11355.1371119330240588730966137278490      
   1.00000000000000000000000000000000000         2.00000000000000000000000000000000000        -11355.1371119330240588730966137278490      
   1.00000000000000000000000000000000000         2.00000000000000000000000000000000000        -11355.1371119330240588730966137278490      
   1.00000000000000000000000000000000000         2.00000000000000000000000000000000000        -11355.1371119330240588730966137278490      
   1.00000000000000000000000000000000000         2.00000000000000000000000000000000000        -11355.1371119330240588730966137278490      
   1.00000000000000000000000000000000000         2.00000000000000000000000000000000000        -11355.1371119330240588730966137278490      
   1.00000000000000000000000000000000000         2.00000000000000000000000000000000000        -11355.1371119330240588730966137278490      
   1.00000000000000000000000000000000000         2.00000000000000000000000000000000000        -11355.1371119330240588730966137278490      
   1.00000000000000000000000000000000000         2.00000000000000000000000000000000000        -11355.1371119330240588730966137278490      
   1.00000000000000000000000000000000000         2.00000000000000000000000000000000000        -11355.1371119330240588730966137278490      
   1.00000000000000000000000000000000000         2.00000000000000000000000000000000000        -10973.9225410772876966370948098779098      
   1.00000000000000000000000000000000000         2.00000000000000000000000000000000000        -9779.41712292810044684713833517996360      
   1.00000000000000000000000000000000000         2.00000000000000000000000000000000000        -8714.78174790070403575495190481411604      
   1.00000000000000000000000000000000000         2.00000000000000000000000000000000000        -7765.89317064107369563431671762793355      
   1.00000000000000000000000000000000000         2.00000000000000000000000000000000000        -6920.16403547794178923947631731050181      
   1.00000000000000000000000000000000000         2.00000000000000000000000000000000000        -6166.37584986066791267114456744905378      
   1.00000000000000000000000000000000000         2.00000000000000000000000000000000000        -5494.53012177904737022192343868840414      
   1.00000000000000000000000000000000000         2.00000000000000000000000000000000000        -4895.71568584906246765795311386809261      
   1.00000000000000000000000000000000000         2.00000000000000000000000000000000000        -4361.99045756234247624792359583665820      
   1.00000000000000000000000000000000000         2.00000000000000000000000000000000000        -3886.27604665006449685680688193101178      
   1.00000000000000000000000000000000000         2.00000000000000000000000000000000000        -3462.26383114466334541691123005600080      
   1.00000000000000000000000000000000000         2.00000000000000000000000000000000000        -3084.33124579921539606343789082644160      
   1.00000000000000000000000000000000000         2.00000000000000000000000000000000000        -2747.46717406268177266137818596088419      
   1.00000000000000000000000000000000000         2.00000000000000000000000000000000000        -2447.20545360785153754216432762792200      
   1.00000000000000000000000000000000000         2.00000000000000000000000000000000000        -2179.56561307074035033751630576798939      
   1.00000000000000000000000000000000000         2.00000000000000000000000000000000000        -1941.00005361398265802485403700677768      
   1.00000000000000000000000000000000000         2.00000000000000000000000000000000000        -1728.34697444565422653734979875256702      
   1.00000000000000000000000000000000000         2.00000000000000000000000000000000000        -1538.78841764376056271548976316526216      
   1.00000000000000000000000000000000000         2.00000000000000000000000000000000000        -1369.81287556670265442435993317733612      
   1.00000000000000000000000000000000000         2.00000000000000000000000000000000000        -1219.18196467277531135833788433337199      
   1.00000000000000000000000000000000000         2.00000000000000000000000000000000000        -1084.90072353053064674504544713897644      
   1.00000000000000000000000000000000000         2.00000000000000000000000000000000000        -965.191140892650091626597775630529713      
   1.00000000000000000000000000000000000         2.00000000000000000000000000000000000        -858.468562566948620377927108555292930      
   1.00000000000000000000000000000000000         2.00000000000000000000000000000000000        -763.320664018023756226411565798021490      
   1.00000000000000000000000000000000000         2.00000000000000000000000000000000000        -678.488709678748735447475501727628202      
   1.00000000000000000000000000000000000         2.00000000000000000000000000000000000        -602.850850294059517651190302702830781      
   1.00000000000000000000000000000000000         2.00000000000000000000000000000000000        -535.407236662935633266816165788113849      
   1.00000000000000000000000000000000000         2.00000000000000000000000000000000000        -475.266752246975312870967109267430689      
   1.00000000000000000000000000000000000         2.00000000000000000000000000000000000        -421.635188595341483590512133425634451      
   1.00000000000000000000000000000000000         2.00000000000000000000000000000000000        -373.804706681151855511948437996418660      
   1.00000000000000000000000000000000000         2.00000000000000000000000000000000000        -331.144444307649910228506848770265556      
   1.00000000000000000000000000000000000         2.00000000000000000000000000000000000        -293.092144950143285153707490808657579      
   1.00000000000000000000000000000000000         2.00000000000000000000000000000000000        -259.146696953528092674049496283449939      
   1.00000000000000000000000000000000000         2.00000000000000000000000000000000000        -228.861484085083239022676086411501245      
   1.00000000000000000000000000000000000         2.00000000000000000000000000000000000        -201.838459208410290162759260186856474      
   1.00000000000000000000000000000000000         2.00000000000000000000000000000000000        -177.722862439772690792041009272083311      
   1.00000000000000000000000000000000000         2.00000000000000000000000000000000000        -156.198513699978017503838561408010243      
   1.00000000000000000000000000000000000         2.00000000000000000000000000000000000        -136.983617196826820982200533810627725      
   1.00000000000000000000000000000000000         2.00000000000000000000000000000000000        -119.827022166159200013635526773183161      
   1.00000000000000000000000000000000000         2.00000000000000000000000000000000000        -104.504890253804635567581297850134750      
   1.00000000000000000000000000000000000         2.00000000000000000000000000000000000        -90.8177253166183389668000300920432003      
   1.00000000000000000000000000000000000         2.00000000000000000000000000000000000        -78.5877262298684533155032389025465351      
   1.00000000000000000000000000000000000         2.00000000000000000000000000000000000        -67.6564275743364760511841481563708866      
   1.00000000000000000000000000000000000         2.00000000000000000000000000000000000        -57.8825968964821594965805698419917317      
   1.00000000000000000000000000000000000         2.00000000000000000000000000000000000        -49.1403606395928272792349393963004155      
   1.00000000000000000000000000000000000         2.00000000000000000000000000000000000        -41.3175338781620753601543954551686846      
   1.00000000000000000000000000000000000         2.00000000000000000000000000000000000        -34.3141316920878567822649577250450002      
   1.00000000000000000000000000000000000         2.00000000000000000000000000000000000        -28.0410424275299946032280280343246986      
   1.00000000000000000000000000000000000         2.00000000000000000000000000000000000        -22.4188452394047815357305064114930763      
   1.00000000000000000000000000000000000         2.00000000000000000000000000000000000        -17.3767562250239885884221128299195066      
   1.00000000000000000000000000000000000         2.00000000000000000000000000000000000        -12.8516891647119639206259298686522078      
   1.00000000000000000000000000000000000         2.00000000000000000000000000000000000        -8.78741840599947127369397003383942353      
   1.00000000000000000000000000000000000         2.00000000000000000000000000000000000        -5.13383278337612188627614654266666389      
   1.00000000000000000000000000000000000         2.00000000000000000000000000000000000        -1.84627067356980638168678151681980692      
   1.00000000000000000000000000000000000         2.00000000000000000000000000000000000         1.11507263705931864375692514429665720      
   1.00000000000000000000000000000000000         2.00000000000000000000000000000000000         3.78567313688490872028077427442597195      
   1.00000000000000000000000000000000000         2.00000000000000000000000000000000000         6.19714883382620618855304309948526717      
   1.00000000000000000000000000000000000         2.00000000000000000000000000000000000         8.37767930710315598016886989787550677      
   1.00000000000000000000000000000000000         2.00000000000000000000000000000000000         10.3523796331317482164773946402719334      
   1.00000000000000000000000000000000000         2.00000000000000000000000000000000000         12.1436336473290348005348415712288118      
   1.00000000000000000000000000000000000         2.00000000000000000000000000000000000         13.7713909640094946000649923856899376      
   1.00000000000000000000000000000000000         2.00000000000000000000000000000000000         15.2534316956463133046466955432915929      
   1.00000000000000000000000000000000000         2.00000000000000000000000000000000000         16.6056023841613411705306286565611504      
   1.00000000000000000000000000000000000         2.00000000000000000000000000000000000         17.8420262749086029654430105266510398      
   1.00000000000000000000000000000000000         2.00000000000000000000000000000000000         18.9752907235593663266295976098721904      
   1.00000000000000000000000000000000000         2.00000000000000000000000000000000000         20.0166142226642716579896760426373435      
   1.00000000000000000000000000000000000         2.00000000000000000000000000000000000         20.9759952642335236552306438543017031      
   1.00000000000000000000000000000000000         2.00000000000000000000000000000000000         21.8623450136511400125863608620257211      
   1.00000000000000000000000000000000000         2.00000000000000000000000000000000000         22.6836055554254914587881370629608652      
   1.00000000000000000000000000000000000         2.00000000000000000000000000000000000         23.4468552798254008929710004597702322      
   1.00000000000000000000000000000000000         2.00000000000000000000000000000000000         24.1584028088184334992026427945489466      
   1.00000000000000000000000000000000000         2.00000000000000000000000000000000000         24.8238707076515129033478628166822142      
   1.00000000000000000000000000000000000         2.00000000000000000000000000000000000         25.4482700928756779815416692044514807      
   1.00000000000000000000000000000000000         2.00000000000000000000000000000000000         26.0360671268181396714526297456881607      
   1.00000000000000000000000000000000000         2.00000000000000000000000000000000000         26.5912422808428823134490244504518027      
   1.00000000000000000000000000000000000         2.00000000000000000000000000000000000         27.1173431537872714605534334021167183      
   1.00000000000000000000000000000000000         2.00000000000000000000000000000000000         27.6175315464432313468326843232746379      
   1.00000000000000000000000000000000000         2.00000000000000000000000000000000000         28.0946254167327564654462910417656523      
