   2.00000000000000000000000000000000000         1.00000000000000000000000000000000000        -11355.1371119330240588730966137278490      
   2.00000000000000000000000000000000000         1.00000000000000000000000000000000000        -11355.1371119330240588730966137278490      
   2.00000000000000000000000000000000000         1.00000000000000000000000000000000000        -11355.1371119330240588730966137278490      
   2.00000000000000000000000000000000000         1.00000000000000000000000000000000000        -11355.1371119330240588730966137278490      
   2.00000000000000000000000000000000000         1.00000000000000000000000000000000000        -11355.1371119330240588730966137278490      
   2.00000000000000000000000000000000000         1.00000000000000000000000000000000000        -11355.1371119330240588730966137278490      
   2.00000000000000000000000000000000000         1.00000000000000000000000000000000000        -11355.1371119330240588730966137278490      
   2.00000000000000000000000000000000000         1.00000000000000000000000000000000000        -11355.1371119330240588730966137278490      
   2.00000000000000000000000000000000000         1.00000000000000000000000000000000000        -11355.1371119330240588730966137278490      
   2.00000000000000000000000000000000000         1.00000000000000000000000000000000000        -11355.1371119330240588730966137278490      
   2.00000000000000000000000000000000000         1.00000000000000000000000000000000000        -11355.1371119330240588730966137278490      
   2.00000000000000000000000000000000000         1.00000000000000000000000000000000000        -11355.1371119330240588730966137278490      
   2.00000000000000000000000000000000000         1.00000000000000000000000000000000000        -11355.1371119330240588730966137278490      
   2.00000000000000000000000000000000000         1.00000000000000000000000000000000000        -11355.1371119330240588730966137278490      
   2.00000000000000000000000000000000000         1.00000000000000000000000000000000000        -11355.1371119330240588730966137278490      
   2.00000000000000000000000000000000000         1.00000000000000000000000000000000000        -11355.1371119330240588730966137278490      
   2.00000000000000000000000000000000000         1.00000000000000000000000000000000000        -11355.1371119330240588730966137278490      
   2.00000000000000000000000000000000000         1.00000000000000000000000000000000000        -11355.1371119330240588730966137278490      
   2.00000000000000000000000000000000000         1.00000000000000000000000000000000000        -11355.1371119330240588730966137278490      
   2.00000000000000000000000000000000000         1.00000000000000000000000000000000000        -11355.1371119330240588730966137278490      
   2.00000000000000000000000000000000000         1.00000000000000000000000000000000000        -11355.1371119330240588730966137278490      
   2.00000000000000000000000000000000000         1.00000000000000000000000000000000000        -11355.1371119330240588730966137278490      
   2.00000000000000000000000000000000000         1.00000000000000000000000000000000000        -11355.1371119330240588730966137278490      
   2.00000000000000000000000000000000000         1.00000000000000000000000000000000000        -11355.1371119330240588730966137278490      
   2.00000000000000000000000000000000000         1.00000000000000000000000000000000000        -11355.1371119330240588730966137278490      
   2.00000000000000000000000000000000000         1.00000000000000000000000000000000000        -11355.1371119330240588730966137278490      
   2.00000000000000000000000000000000000         1.00000000000000000000000000000000000        -11355.1371119330240588730966137278490      
   2.00000000000000000000000000000000000         1.00000000000000000000000000000000000        -11355.1371119330240588730966137278490      
   2.00000000000000000000000000000000000         1.00000000000000000000000000000000000        -11355.1371119330240588730966137278490      
   2.00000000000000000000000000000000000         1.00000000000000000000000000000000000        -11355.1371119330240588730966137278490      
   2.00000000000000000000000000000000000         1.00000000000000000000000000000000000        -11355.1371119330240588730966137278490      
   2.00000000000000000000000000000000000         1.00000000000000000000000000000000000        -11355.1371119330240588730966137278490      
   2.00000000000000000000000000000000000         1.00000000000000000000000000000000000        -10770.5318607093907774182115705780830      
   2.00000000000000000000000000000000000         1.00000000000000000000000000000000000        -9598.01404198897218949979039685759941      
   2.00000000000000000000000000000000000         1.00000000000000000000000000000000000        -8552.97513557977485562361197338030937      
   2.00000000000000000000000000000000000         1.00000000000000000000000000000000000        -7621.55192936022294702302884991711638      
   2.00000000000000000000000000000000000         1.00000000000000000000000000000000000        -6791.38882252141489361958658398333017      
   2.00000000000000000000000000000000000         1.00000000000000000000000000000000000        -6051.47387425121110595311432133423238      
   2.00000000000000000000000000000000000         1.00000000000000000000000000000000000        -5391.99268197011889527056799908618078      
   2.00000000000000000000000000000000000         1.00000000000000000000000000000000000        -4804.19815017194315068248763933181125      
   2.00000000000000000000000000000000000         1.00000000000000000000000000000000000        -4280.29442178084200987360150190339208      
   2.00000000000000000000000000000000000         1.00000000000000000000000000000000000        -3813.33343186441481487970963460041288      
   2.00000000000000000000000000000000000         1.00000000000000000000000000000000000        -3397.12271103344530007186912336150495      
   2.00000000000000000000000000000000000         1.00000000000000000000000000000000000        -3026.14321513542996652324830340685285      
   2.00000000000000000000000000000000000         1.00000000000000000000000000000000000        -2695.47609089184850828201527410206144      
   2.00000000000000000000000000000000000         1.00000000000000000000000000000000000        -2400.73740570367745277805558677090198      
   2.00000000000000000000000000000000000         1.00000000000000000000000000000000000        -2138.01997552932202081050236482363767      
   2.00000000000000000000000000000000000         1.00000000000000000000000000000000000        -1903.84151892624966600041269131007666      
   2.00000000000000000000000000000000000         1.00000000000000000000000000000000000        -1695.09844929195752371504779686187507      
   2.00000000000000000000000000000000000         1.00000000000000000000000000000000000        -1509.02469215538559186788511408290912      
   2.00000000000000000000000000000000000         1.00000000000000000000000000000000000        -1343.15498104925383964900776286252359      
   2.00000000000000000000000000000000000         1.00000000000000000000000000000000000        -1195.29214492184927492026642831712000      
   2.00000000000000000000000000000000000         1.00000000000000000000000000000000000        -1063.47795301209238512503992467975062      
   2.00000000000000000000000000000000000         1.00000000000000000000000000000000000        -945.967130317088696193745783269050168      
   2.00000000000000000000000000000000000         1.00000000000000000000000000000000000        -841.204198853207132666675916882669157      
   2.00000000000000000000000000000000000         1.00000000000000000000000000000000000        -747.802837408290111667165580497697752      
   2.00000000000000000000000000000000000         1.00000000000000000000000000000000000        -664.527485901447476187369329865666019      
   2.00000000000000000000000000000000000         1.00000000000000000000000000000000000        -590.276950251465267281270079562105456      
   2.00000000000000000000000000000000000         1.00000000000000000000000000000000000        -524.069790200394216073563423298648427      
   2.00000000000000000000000000000000000         1.00000000000000000000000000000000000        -465.031296197614811475303363284559477      
   2.00000000000000000000000000000000000         1.00000000000000000000000000000000000        -412.381882535542867254962725503065493      
   2.00000000000000000000000000000000000         1.00000000000000000000000000000000000        -365.426742720938317616121514734115635      
   2.00000000000000000000000000000000000         1.00000000000000000000000000000000000        -323.546629814879535995885439571572747      
   2.00000000000000000000000000000000000         1.00000000000000000000000000000000000        -286.189639402116172501571333537455539      
   2.00000000000000000000000000000000000         1.00000000000000000000000000000000000        -252.863886154796196537996006568324400      
   2.00000000000000000000000000000000000         1.00000000000000000000000000000000000        -223.130976813017260848148013796556506      
   2.00000000000000000000000000000000000         1.00000000000000000000000000000000000        -196.600192972619887511940667563178107      
   2.00000000000000000000000000000000000         1.00000000000000000000000000000000000        -172.923306489350821891479676173169965      
   2.00000000000000000000000000000000000         1.00000000000000000000000000000000000        -151.789958702959777523491162689697823      
   2.00000000000000000000000000000000000         1.00000000000000000000000000000000000        -132.923542166340754199322870373149246      
   2.00000000000000000000000000000000000         1.00000000000000000000000000000000000        -116.077530232765748837983111212458725      
   2.00000000000000000000000000000000000         1.00000000000000000000000000000000000        -101.032205797063462225656953719266335      
   2.00000000000000000000000000000000000         1.00000000000000000000000000000000000        -87.5917457831259431066822793168774184      
   2.00000000000000000000000000000000000         1.00000000000000000000000000000000000        -75.5816226906637440741008411371553886      
   2.00000000000000000000000000000000000         1.00000000000000000000000000000000000        -64.8462887213137575819418304598653049      
   2.00000000000000000000000000000000000         1.00000000000000000000000000000000000        -55.2471117538602253425387727827161733      
   2.00000000000000000000000000000000000         1.00000000000000000000000000000000000        -46.6605357802141316551071236808610002      
   2.00000000000000000000000000000000000         1.00000000000000000000000000000000000        -38.9764413922540806250451746118529601      
   2.00000000000000000000000000000000000         1.00000000000000000000000000000000000        -32.0966845641851453648224849468552623      
   2.00000000000000000000000000000000000         1.00000000000000000000000000000000000        -25.9337943409453747655444549067943725      
   2.00000000000000000000000000000000000         1.00000000000000000000000000000000000        -20.4098121517763502040583670899929822      
   2.00000000000000000000000000000000000         1.00000000000000000000000000000000000        -15.4552573473540651007222219744460719      
   2.00000000000000000000000000000000000         1.00000000000000000000000000000000000        -11.0082052337863567992465904195396686      
   2.00000000000000000000000000000000000         1.00000000000000000000000000000000000        -7.01346536954819031036315577747601629      
   2.00000000000000000000000000000000000         1.00000000000000000000000000000000000        -3.42184922185436257455359904191090921      
   2.00000000000000000000000000000000000         1.00000000000000000000000000000000000       -0.189517464714638866116775726082128080      
   2.00000000000000000000000000000000000         1.00000000000000000000000000000000000         2.72260174228692860695598293590766183      
   2.00000000000000000000000000000000000         1.00000000000000000000000000000000000         5.34933121357566530845410611356053754      
   2.00000000000000000000000000000000000         1.00000000000000000000000000000000000         7.72170681517659988470498150055971102      
   2.00000000000000000000000000000000000         1.00000000000000000000000000000000000         9.86738929180033235657383477086655717      
   2.00000000000000000000000000000000000         1.00000000000000000000000000000000000         11.8110313081196630321598347255876020      
   2.00000000000000000000000000000000000         1.00000000000000000000000000000000000         13.5746045746517218328444745135588063      
   2.00000000000000000000000000000000000         1.00000000000000000000000000000000000         15.1776913990073038841939659924497368      
   2.00000000000000000000000000000000000         1.00000000000000000000000000000000000         16.6377445312153539269041338490739091      
   2.00000000000000000000000000000000000         1.00000000000000000000000000000000000         17.9703187511121827155720589554549087      
   2.00000000000000000000000000000000000         1.00000000000000000000000000000000000         19.1892772708193660789643887618218148      
   2.00000000000000000000000000000000000         1.00000000000000000000000000000000000         20.3069756911458055871595777106593246      
   2.00000000000000000000000000000000000         1.00000000000000000000000000000000000         21.3344259529036408296177966562121290      
   2.00000000000000000000000000000000000         1.00000000000000000000000000000000000         22.2814424586723644950920896613638788      
   2.00000000000000000000000000000000000         1.00000000000000000000000000000000000         23.1567723039581716944719167040219565      
   2.00000000000000000000000000000000000         1.00000000000000000000000000000000000         23.9682113458369042900725495243540846      
