   1.00000000000000000000000000000000000         2.00000000000000000000000000000000000        -11355.1371119330240588730966137278490      
   1.00000000000000000000000000000000000         2.00000000000000000000000000000000000        -11355.1371119330240588730966137278490      
   1.00000000000000000000000000000000000         2.00000000000000000000000000000000000        -11355.1371119330240588730966137278490      
   1.00000000000000000000000000000000000         2.00000000000000000000000000000000000        -11355.1371119330240588730966137278490      
   1.00000000000000000000000000000000000         2.00000000000000000000000000000000000        -11355.1371119330240588730966137278490      
   1.00000000000000000000000000000000000         2.00000000000000000000000000000000000        -11355.1371119330240588730966137278490      
   1.00000000000000000000000000000000000         2.00000000000000000000000000000000000        -11355.1371119330240588730966137278490      
   1.00000000000000000000000000000000000         2.00000000000000000000000000000000000        -11355.1371119330240588730966137278490      
   1.00000000000000000000000000000000000         2.00000000000000000000000000000000000        -11355.1371119330240588730966137278490      
   1.00000000000000000000000000000000000         2.00000000000000000000000000000000000        -11355.1371119330240588730966137278490      
   1.00000000000000000000000000000000000         2.00000000000000000000000000000000000        -11355.1371119330240588730966137278490      
   1.00000000000000000000000000000000000         2.00000000000000000000000000000000000        -11355.1371119330240588730966137278490      
   1.00000000000000000000000000000000000         2.00000000000000000000000000000000000        -11355.1371119330240588730966137278490      
   1.00000000000000000000000000000000000         2.00000000000000000000000000000000000        -11355.1371119330240588730966137278490      
   1.00000000000000000000000000000000000         2.00000000000000000000000000000000000        -11355.1371119330240588730966137278490      
   1.00000000000000000000000000000000000         2.00000000000000000000000000000000000        -11355.1371119330240588730966137278490      
   1.00000000000000000000000000000000000         2.00000000000000000000000000000000000        -11355.1371119330240588730966137278490      
   1.00000000000000000000000000000000000         2.00000000000000000000000000000000000        -11355.1371119330240588730966137278490      
   1.00000000000000000000000000000000000         2.00000000000000000000000000000000000        -11355.1371119330240588730966137278490      
   1.00000000000000000000000000000000000         2.00000000000000000000000000000000000        -11355.1371119330240588730966137278490      
   1.00000000000000000000000000000000000         2.00000000000000000000000000000000000        -11355.1371119330240588730966137278490      
   1.00000000000000000000000000000000000         2.00000000000000000000000000000000000        -11355.1371119330240588730966137278490      
   1.00000000000000000000000000000000000         2.00000000000000000000000000000000000        -11355.1371119330240588730966137278490      
   1.00000000000000000000000000000000000         2.00000000000000000000000000000000000        -11355.1371119330240588730966137278490      
   1.00000000000000000000000000000000000         2.00000000000000000000000000000000000        -11355.1371119330240588730966137278490      
   1.00000000000000000000000000000000000         2.00000000000000000000000000000000000        -11355.1371119330240588730966137278490      
   1.00000000000000000000000000000000000         2.00000000000000000000000000000000000        -11355.1371119330240588730966137278490      
   1.00000000000000000000000000000000000         2.00000000000000000000000000000000000        -11355.1371119330240588730966137278490      
   1.00000000000000000000000000000000000         2.00000000000000000000000000000000000        -11355.1371119330240588730966137278490      
   1.00000000000000000000000000000000000         2.00000000000000000000000000000000000        -11355.1371119330240588730966137278490      
   1.00000000000000000000000000000000000         2.00000000000000000000000000000000000        -11355.1371119330240588730966137278490      
   1.00000000000000000000000000000000000         2.00000000000000000000000000000000000        -11355.1371119330240588730966137278490      
   1.00000000000000000000000000000000000         2.00000000000000000000000000000000000        -11355.1371119330240588730966137278490      
   1.00000000000000000000000000000000000         2.00000000000000000000000000000000000        -11355.1371119330240588730966137278490      
   1.00000000000000000000000000000000000         2.00000000000000000000000000000000000        -11355.1371119330240588730966137278490      
   1.00000000000000000000000000000000000         2.00000000000000000000000000000000000        -11355.1371119330240588730966137278490      
   1.00000000000000000000000000000000000         2.00000000000000000000000000000000000        -11355.1371119330240588730966137278490      
   1.00000000000000000000000000000000000         2.00000000000000000000000000000000000        -11355.1371119330240588730966137278490      
   1.00000000000000000000000000000000000         2.00000000000000000000000000000000000        -11355.1371119330240588730966137278490      
   1.00000000000000000000000000000000000         2.00000000000000000000000000000000000        -11355.1371119330240588730966137278490      
   1.00000000000000000000000000000000000         2.00000000000000000000000000000000000        -11355.1371119330240588730966137278490      
   1.00000000000000000000000000000000000         2.00000000000000000000000000000000000        -11355.1371119330240588730966137278490      
   1.00000000000000000000000000000000000         2.00000000000000000000000000000000000        -11355.1371119330240588730966137278490      
   1.00000000000000000000000000000000000         2.00000000000000000000000000000000000        -11355.1371119330240588730966137278490      
   1.00000000000000000000000000000000000         2.00000000000000000000000000000000000        -11355.1371119330240588730966137278490      
   1.00000000000000000000000000000000000         2.00000000000000000000000000000000000        -11355.1371119330240588730966137278490      
   1.00000000000000000000000000000000000         2.00000000000000000000000000000000000        -10260.6951495469692097536798064767760      
   1.00000000000000000000000000000000000         2.00000000000000000000000000000000000        -9143.03262971392018078469045391350719      
   1.00000000000000000000000000000000000         2.00000000000000000000000000000000000        -8146.88355989969797369526685026246965      
   1.00000000000000000000000000000000000         2.00000000000000000000000000000000000        -7259.03346641062317003476372069456502      
   1.00000000000000000000000000000000000         2.00000000000000000000000000000000000        -6467.70493717026028665053638994261101      
   1.00000000000000000000000000000000000         2.00000000000000000000000000000000000        -5762.40134261669849526666808817472249      
   1.00000000000000000000000000000000000         2.00000000000000000000000000000000000        -5133.76755180564236382641184073222957      
   1.00000000000000000000000000000000000         2.00000000000000000000000000000000000        -4573.46579550662455581415111861352100      
   1.00000000000000000000000000000000000         2.00000000000000000000000000000000000        -4074.06502907104838001762546162377758      
   1.00000000000000000000000000000000000         2.00000000000000000000000000000000000        -3628.94232698453828600557960077613415      
   1.00000000000000000000000000000000000         2.00000000000000000000000000000000000        -3232.19500066921714528913085016962251      
   1.00000000000000000000000000000000000         2.00000000000000000000000000000000000        -2878.56227339254062284181965545104662      
   1.00000000000000000000000000000000000         2.00000000000000000000000000000000000        -2563.35547295631639957266855840695209      
   1.00000000000000000000000000000000000         2.00000000000000000000000000000000000        -2282.39581586530396023952495333238848      
   1.00000000000000000000000000000000000         2.00000000000000000000000000000000000        -2031.95895740911238348408678673470110      
   1.00000000000000000000000000000000000         2.00000000000000000000000000000000000        -1808.72557187067230784206382850257265      
   1.00000000000000000000000000000000000         2.00000000000000000000000000000000000        -1609.73730709067419732022993331006729      
   1.00000000000000000000000000000000000         2.00000000000000000000000000000000000        -1432.35752893180343615494276019841863      
   1.00000000000000000000000000000000000         2.00000000000000000000000000000000000        -1274.23633474566291421575888568178623      
   1.00000000000000000000000000000000000         2.00000000000000000000000000000000000        -1133.27937159234573392738322111212966      
   1.00000000000000000000000000000000000         2.00000000000000000000000000000000000        -1007.62004544937670484930739390986705      
   1.00000000000000000000000000000000000         2.00000000000000000000000000000000000        -895.594752643109971812956434614888261      
   1.00000000000000000000000000000000000         2.00000000000000000000000000000000000        -795.720804838725920964562050211132480      
   1.00000000000000000000000000000000000         2.00000000000000000000000000000000000        -706.676754666856610459059713215690010      
   1.00000000000000000000000000000000000         2.00000000000000000000000000000000000        -627.284860919858491981184956101842779      
   1.00000000000000000000000000000000000         2.00000000000000000000000000000000000        -556.495460641540482703346101886401723      
   1.00000000000000000000000000000000000         2.00000000000000000000000000000000000        -493.373040737473039419868453103500612      
   1.00000000000000000000000000000000000         2.00000000000000000000000000000000000        -437.083824284609428479190356852977668      
   1.00000000000000000000000000000000000         2.00000000000000000000000000000000000        -386.884706818089980760085767115351466      
   1.00000000000000000000000000000000000         2.00000000000000000000000000000000000        -342.113395786477141219429156991935077      
   1.00000000000000000000000000000000000         2.00000000000000000000000000000000000        -302.179622331983197008332257892631935      
   1.00000000000000000000000000000000000         2.00000000000000000000000000000000000        -266.557308781353714624149114382122418      
   1.00000000000000000000000000000000000         2.00000000000000000000000000000000000        -234.777587914769462157781980639060899      
   1.00000000000000000000000000000000000         2.00000000000000000000000000000000000        -206.422581382706388085015596092952580      
   1.00000000000000000000000000000000000         2.00000000000000000000000000000000000        -181.119854714125400270019755394531835      
   1.00000000000000000000000000000000000         2.00000000000000000000000000000000000        -158.537475337319562566365435532667284      
   1.00000000000000000000000000000000000         2.00000000000000000000000000000000000        -138.379608036357921374730021974764198      
   1.00000000000000000000000000000000000         2.00000000000000000000000000000000000        -120.382589397509015118749280624947598      
   1.00000000000000000000000000000000000         2.00000000000000000000000000000000000        -104.311429155933132785378869134632361      
   1.00000000000000000000000000000000000         2.00000000000000000000000000000000000        -89.9566920176395846170892786390146890      
   1.00000000000000000000000000000000000         2.00000000000000000000000000000000000        -77.1317185803808515698296718801366631      
   1.00000000000000000000000000000000000         2.00000000000000000000000000000230110        -65.6701484767923481267425519119853024      
   1.00000000000000000000000000000000000         2.00000000000000000000000000473516686        -55.4237128733921129024510894305914451      
   1.00000000000000000000000000000000000         2.00000000000000000000000426465729354        -46.2602670332433517124488295624341646      
   1.00000000000000000000000000000000000         2.00000000000000000000183800189776033        -38.0620368355817097252084129437772075      
   1.00000000000000000000000000000000000         2.00000000000000000041058249670370390        -30.7240559847880786577681312361782534      
   1.00000000000000000000000000000000000         2.00000000000000005105478878865541366        -24.1527731714195041646462391732600808      
   1.00000000000000000000000000000000000         2.00000000000000376690396734801551792        -18.2648107031713110732018162298776172      
   1.00000000000000000000000000000000000         2.00000000000017462161958939310848256        -12.9858581335574507344815221987263354      
   1.00000000000000000000000000000000000         2.00000000000535401138831640880839627        -8.24968620743174694607947721925090441      
   1.00000000000000000000000000000000000         2.00000000011369626992331057374998235        -3.99726803896635125625187846024230548      
   1.00000000000000000000000000000000000         2.00000000174276587829202615728765176       -0.175995860127038074575220536643052196      
   1.00000000000000000000000000000000000         2.00000002000675728024247511450924643         3.26101705862521296283460369287705404      
   1.00000000000000000000000000000000000         2.00000017773783332104404306270288328         6.35555861365888463115590168084649324      
   1.00000000000000000000000000000000000         2.00000125772088970601627869393320985         9.14487264347014796078891498692572758      
