   1.00000000000000000000000000000000000         4.00000000000000000000000000000000000        -11355.1371119330240588730966137278490      
   1.00000000000000000000000000000000000         4.00000000000000000000000000000000000        -11355.1371119330240588730966137278490      
   1.00000000000000000000000000000000000         4.00000000000000000000000000000000000        -11355.1371119330240588730966137278490      
   1.00000000000000000000000000000000000         4.00000000000000000000000000000000000        -11355.1371119330240588730966137278490      
   1.00000000000000000000000000000000000         4.00000000000000000000000000000000000        -11355.1371119330240588730966137278490      
   1.00000000000000000000000000000000000         4.00000000000000000000000000000000000        -11355.1371119330240588730966137278490      
   1.00000000000000000000000000000000000         4.00000000000000000000000000000000000        -11355.1371119330240588730966137278490      
   1.00000000000000000000000000000000000         4.00000000000000000000000000000000000        -11355.1371119330240588730966137278490      
   1.00000000000000000000000000000000000         4.00000000000000000000000000000000000        -11355.1371119330240588730966137278490      
   1.00000000000000000000000000000000000         4.00000000000000000000000000000000000        -11355.1371119330240588730966137278490      
   1.00000000000000000000000000000000000         4.00000000000000000000000000000000000        -11355.1371119330240588730966137278490      
   1.00000000000000000000000000000000000         4.00000000000000000000000000000000000        -11355.1371119330240588730966137278490      
   1.00000000000000000000000000000000000         4.00000000000000000000000000000000000        -11355.1371119330240588730966137278490      
   1.00000000000000000000000000000000000         4.00000000000000000000000000000000000        -11355.1371119330240588730966137278490      
   1.00000000000000000000000000000000000         4.00000000000000000000000000000000000        -11355.1371119330240588730966137278490      
   1.00000000000000000000000000000000000         4.00000000000000000000000000000000000        -11355.1371119330240588730966137278490      
   1.00000000000000000000000000000000000         4.00000000000000000000000000000000000        -11355.1371119330240588730966137278490      
   1.00000000000000000000000000000000000         4.00000000000000000000000000000000000        -11355.1371119330240588730966137278490      
   1.00000000000000000000000000000000000         4.00000000000000000000000000000000000        -11355.1371119330240588730966137278490      
   1.00000000000000000000000000000000000         4.00000000000000000000000000000000000        -11355.1371119330240588730966137278490      
   1.00000000000000000000000000000000000         4.00000000000000000000000000000000000        -11355.1371119330240588730966137278490      
   1.00000000000000000000000000000000000         4.00000000000000000000000000000000000        -11355.1371119330240588730966137278490      
   1.00000000000000000000000000000000000         4.00000000000000000000000000000000000        -11135.9977807152045587048804805640571      
   1.00000000000000000000000000000000000         4.00000000000000000000000000000000000        -9923.82275369411562659557296609665513      
   1.00000000000000000000000000000000000         4.00000000000000000000000000000000000        -8843.43932318318048808985026464015724      
   1.00000000000000000000000000000000000         4.00000000000000000000000000000000000        -7880.51527670006398157619771566603685      
   1.00000000000000000000000000000000000         4.00000000000000000000000000000000000        -7022.27701642435271648412081089649663      
   1.00000000000000000000000000000000000         4.00000000000000000000000000000000000        -6257.34006131526009131000690181332360      
   1.00000000000000000000000000000000000         4.00000000000000000000000000000000000        -5575.55798196501920775588788273224902      
   1.00000000000000000000000000000000000         4.00000000000000000000000000000000000        -4967.88776364524999365007548549604245      
   1.00000000000000000000000000000000000         4.00000000000000000000000000000000000        -4426.26981099572643165182388415956951      
   1.00000000000000000000000000000000000         4.00000000000000000000000000000000000        -3943.52100209066870106152805117703739      
   1.00000000000000000000000000000000000         4.00000000000000000000000000000000000        -3513.23937277499645985051197279704251      
   1.00000000000000000000000000000000000         4.00000000000000000000000000000000000        -3129.71916648959574163169530287125822      
   1.00000000000000000000000000000000000         4.00000000000000000000000000000000000        -2787.87512234839345197891008849929853      
   1.00000000000000000000000000000000000         4.00000000000000000000000000000000000        -2483.17499681602210343611390887037912      
   1.00000000000000000000000000000000000         4.00000000000000000000000000000000000        -2211.57942358973481931989144719157487      
   1.00000000000000000000000000000000000         4.00000000000000000000000000000000000        -1969.48831366274260662274286306329963      
   1.00000000000000000000000000000000000         4.00000000000000000000000000000000000        -1753.69308433037979114656712814837887      
   1.00000000000000000000000000000000000         4.00000000000000000000000000000000000        -1561.33408324703338019167041372900853      
   1.00000000000000000000000000000000000         4.00000000000000000000000000000000000        -1389.86264257693942811101778263426194      
   1.00000000000000000000000000000000000         4.00000000000000000000000000000000000        -1237.00725972048201546973963872263918      
   1.00000000000000000000000000000000000         4.00000000000000000000000000000000000        -1100.74345585478021231280052933693170      
   1.00000000000000000000000000000000000         4.00000000000000000000000000000000000        -979.266912329709488962417753851538689      
   1.00000000000000000000000000000000000         4.00000000000000000000000000000000000        -870.969528455654144972393459667236833      
   1.00000000000000000000000000000000000         4.00000000000000000000000000000000000        -774.418082984380664181576180731172630      
   1.00000000000000000000000000000000000         4.00000000000000000000000000000000000        -688.335216133847707532916466215565536      
   1.00000000000000000000000000000000000         4.00000000000000000000000000000000000        -611.582479799976614876053051268597942      
   1.00000000000000000000000000000000000         4.00000000000000000000000000000000000        -543.145231041990696381189125321837964      
   1.00000000000000000000000000000000000         4.00000000000000000000000000000000000        -482.119168387051944831155861559565290      
   1.00000000000000000000000000000000000         4.00000000000000000000000000000000000        -427.698332299137758491878677387266047      
   1.00000000000000000000000000000000000         4.00000000000000000000000000000000000        -379.164410585670155293397070050360058      
   1.00000000000000000000000000000000000         4.00000000000000000000000000000000000        -335.877206831141101032843438173709372      
   1.00000000000000000000000000000000000         4.00000000000000000000000000000000000        -297.266145379639199071509747142478936      
   1.00000000000000000000000000000000000         4.00000000000000000000000000000000000        -262.822700142557139966779201666630941      
   1.00000000000000000000000000000000000         4.00000000000000000000000000000000000        -232.093646766358174973047559665087051      
   1.00000000000000000000000000000000000         4.00000000000000000000000000000000000        -204.675048620767616421973289458554229      
   1.00000000000000000000000000000000000         4.00000000000000000000000000000000000        -180.206896805106565012806407007075132      
   1.00000000000000000000000000000000000         4.00000000000000000000000000000000000        -158.368333048908453325736809476931068      
   1.00000000000000000000000000000000000         4.00000000000000000000000000000000000        -138.873392117611982090795113996342037      
   1.00000000000000000000000000000000000         4.00000000000000000000000000000000000        -121.467207227640756743277826848215368      
   1.00000000000000000000000000000000000         4.00000000000000000000000000000000000        -105.922628119033185339697988418401108      
   1.00000000000000000000000000000000000         4.00000000000000000000000000000000000        -92.0372069095011748845520534411783676      
   1.00000000000000000000000000000000000         4.00000000000000000000000000000000000        -79.6305117340322724100617518539870665      
   1.00000000000000000000000000000000000         4.00000000000000000000000000000000000        -68.5417325236649078716072983969048958      
   1.00000000000000000000000000000000000         4.00000000000000000000000000000000000        -58.6275471535757296530735464646465065      
   1.00000000000000000000000000000000000         4.00000000000000000000000000000000000        -49.7602196455606038487555509744337702      
   1.00000000000000000000000000000000000         4.00000000000000000000000000000000000        -41.8259051892116644436171854410850344      
   1.00000000000000000000000000000000000         4.00000000000000000000000000000000000        -34.7231394904512424546787688077570417      
   1.00000000000000000000000000000000000         4.00000000000000000000000000000000000        -28.3614924019955371602234183928777905      
   1.00000000000000000000000000000000000         4.00000000000000000000000000000000000        -22.6603679702422883868436759369958764      
   1.00000000000000000000000000000000000         4.00000000000000000000000000000000000        -17.5479349759336979275434911646532777      
   1.00000000000000000000000000000000000         4.00000000000000000000000000000000000        -12.9601737775189623620361039383362234      
   1.00000000000000000000000000000000000         4.00000000000000000000000000000000000        -8.84002680940694202645071079656118559      
   1.00000000000000000000000000000000000         4.00000000000000000000000000000000000        -5.13664146273690597652563221032440039      
   1.00000000000000000000000000000000000         4.00000000000000000000000000000000000        -1.80469530215517933770044397151801599      
   1.00000000000000000000000000000000000         4.00000000000000000000000000000000000         1.19620533536570665685900708778725822      
   1.00000000000000000000000000000000000         4.00000000000000000000000000000000000         3.90206133989364193722771937158715272      
   1.00000000000000000000000000000000000         4.00000000000000000000000000000000000         6.34495853847528324538670316325355383      
   1.00000000000000000000000000000000000         4.00000000000000000000000000000000000         8.55349345456676050833289674996444862      
   1.00000000000000000000000000000000000         4.00000000000000000000000000000000000         10.5531527665257131825366495034291048      
   1.00000000000000000000000000000000000         4.00000000000000000000000000000000000         12.3666515003483004623466573850624986      
   1.00000000000000000000000000000000000         4.00000000000000000000000000000000000         14.0142344442633316473132749214368088      
   1.00000000000000000000000000000000000         4.00000000000000000000000000000000000         15.5139447847720520342143291188079088      
   1.00000000000000000000000000000000000         4.00000000000000000000000000000000000         16.8818635287706186275117985031681152      
   1.00000000000000000000000000000000000         4.00000000000000000000000000000000000         18.1323228887413665888171977350459465      
   1.00000000000000000000000000000000000         4.00000000000000000000000000000000000         19.2780964625047093087010213227191947      
   1.00000000000000000000000000000000000         4.00000000000000000000000000000000000         20.3305687311014333886668819147060890      
   1.00000000000000000000000000000000000         4.00000000000000000000000000000000000         21.2998861239393057270127476166908653      
   1.00000000000000000000000000000000000         4.00000000000000000000000000000000000         22.1950916557467063959103066968307804      
   1.00000000000000000000000000000000000         4.00000000000000000000000000000000000         23.0242449218838614127003049810709629      
   1.00000000000000000000000000000000000         4.00000000000000000000000000000000000         23.7945290442765505980823474969572041      
   1.00000000000000000000000000000000000         4.00000000000000000000000000000000000         24.5123459870798542940851102582409183      
   1.00000000000000000000000000000000000         4.00000000000000000000000000000000000         25.1834015068528864670956736110704074      
   1.00000000000000000000000000000000000         4.00000000000000000000000000000000000         25.8127808644817202115402055083460755      
   1.00000000000000000000000000000000000         4.00000000000000000000000000000000000         26.4050163035017230148747483708787047      
   1.00000000000000000000000000000000000         4.00000000000000000000000000000000000         26.9641471902156417537827175154612274      
   1.00000000000000000000000000000000000         4.00000000000000000000000000000000000         27.4937736136302654212716127824932087      
   1.00000000000000000000000000000000000         4.00000000000000000000000000000000000         27.9971041564502596915395352003118354      
   1.00000000000000000000000000000000000         4.00000000000000000000000000000000000         28.4769984710212375572861785976349155      
   1.00000000000000000000000000000000000         4.00000000000000000000000000000000000         28.9360052251789629641585779116333702      
