   1.00000000000000000000000000000000000         2.00000000000000000000000000000000000        -11355.1371119330240588730966137278490      
   1.00000000000000000000000000000000000         2.00000000000000000000000000000000000        -11355.1371119330240588730966137278490      
   1.00000000000000000000000000000000000         2.00000000000000000000000000000000000        -11355.1371119330240588730966137278490      
   1.00000000000000000000000000000000000         2.00000000000000000000000000000000000        -11355.1371119330240588730966137278490      
   1.00000000000000000000000000000000000         2.00000000000000000000000000000000000        -11355.1371119330240588730966137278490      
   1.00000000000000000000000000000000000         2.00000000000000000000000000000000000        -11355.1371119330240588730966137278490      
   1.00000000000000000000000000000000000         2.00000000000000000000000000000000000        -11355.1371119330240588730966137278490      
   1.00000000000000000000000000000000000         2.00000000000000000000000000000000000        -11355.1371119330240588730966137278490      
   1.00000000000000000000000000000000000         2.00000000000000000000000000000000000        -11355.1371119330240588730966137278490      
   1.00000000000000000000000000000000000         2.00000000000000000000000000000000000        -11355.1371119330240588730966137278490      
   1.00000000000000000000000000000000000         2.00000000000000000000000000000000000        -11355.1371119330240588730966137278490      
   1.00000000000000000000000000000000000         2.00000000000000000000000000000000000        -11355.1371119330240588730966137278490      
   1.00000000000000000000000000000000000         2.00000000000000000000000000000000000        -11355.1371119330240588730966137278490      
   1.00000000000000000000000000000000000         2.00000000000000000000000000000000000        -11355.1371119330240588730966137278490      
   1.00000000000000000000000000000000000         2.00000000000000000000000000000000000        -11355.1371119330240588730966137278490      
   1.00000000000000000000000000000000000         2.00000000000000000000000000000000000        -11355.1371119330240588730966137278490      
   1.00000000000000000000000000000000000         2.00000000000000000000000000000000000        -11355.1371119330240588730966137278490      
   1.00000000000000000000000000000000000         2.00000000000000000000000000000000000        -11355.1371119330240588730966137278490      
   1.00000000000000000000000000000000000         2.00000000000000000000000000000000000        -11355.1371119330240588730966137278490      
   1.00000000000000000000000000000000000         2.00000000000000000000000000000000000        -11355.1371119330240588730966137278490      
   1.00000000000000000000000000000000000         2.00000000000000000000000000000000000        -11355.1371119330240588730966137278490      
   1.00000000000000000000000000000000000         2.00000000000000000000000000000000000        -11355.1371119330240588730966137278490      
   1.00000000000000000000000000000000000         2.00000000000000000000000000000000000        -11355.1371119330240588730966137278490      
   1.00000000000000000000000000000000000         2.00000000000000000000000000000000000        -11355.1371119330240588730966137278490      
   1.00000000000000000000000000000000000         2.00000000000000000000000000000000000        -11355.1371119330240588730966137278490      
   1.00000000000000000000000000000000000         2.00000000000000000000000000000000000        -11355.1371119330240588730966137278490      
   1.00000000000000000000000000000000000         2.00000000000000000000000000000000000        -11355.1371119330240588730966137278490      
   1.00000000000000000000000000000000000         2.00000000000000000000000000000000000        -11355.1371119330240588730966137278490      
   1.00000000000000000000000000000000000         2.00000000000000000000000000000000000        -11355.1371119330240588730966137278490      
   1.00000000000000000000000000000000000         2.00000000000000000000000000000000000        -11355.1371119330240588730966137278490      
   1.00000000000000000000000000000000000         2.00000000000000000000000000000000000        -11355.1371119330240588730966137278490      
   1.00000000000000000000000000000000000         2.00000000000000000000000000000000000        -11355.1371119330240588730966137278490      
   1.00000000000000000000000000000000000         2.00000000000000000000000000000000000        -11355.1371119330240588730966137278490      
   1.00000000000000000000000000000000000         2.00000000000000000000000000000000000        -10663.0750735818415564894366484746116      
   1.00000000000000000000000000000000000         2.00000000000000000000000000000000000        -9502.06102094537219846705151110111278      
   1.00000000000000000000000000000000000         2.00000000000000000000000000000000000        -8467.27485685056577977144723498115262      
   1.00000000000000000000000000000000000         2.00000000000000000000000000000000000        -7544.98941683715832367854013469705149      
   1.00000000000000000000000000000000000         2.00000000000000000000000000000000000        -6722.97035270202335031988897376953738      
   1.00000000000000000000000000000000000         2.00000000000000000000000000000000000        -5990.31379013166948059604936960491869      
   1.00000000000000000000000000000000000         2.00000000000000000000000000000000000        -5337.30164091490507238112792733760046      
   1.00000000000000000000000000000000000         2.00000000000000000000000000000000000        -4755.27264981663908167472496057150577      
   1.00000000000000000000000000000000000         2.00000000000000000000000000000000000        -4236.50746498318080082460858783463148      
   1.00000000000000000000000000000000000         2.00000000000000000000000000000000000        -3774.12620683314391906927699141020009      
   1.00000000000000000000000000000000000         2.00000000000000000000000000000000000        -3361.99717623537068646155609832942993      
   1.00000000000000000000000000000000000         2.00000000000000000000000000000000000        -2994.65549058686288598524785628885751      
   1.00000000000000000000000000000000000         2.00000000000000000000000000000000000        -2667.23056814090757149246866940834472      
   1.00000000000000000000000000000000000         2.00000000000000000000000000000000000        -2375.38149834648973277527973540651599      
   1.00000000000000000000000000000000000         2.00000000000000000000000000000000000        -2115.23944060266256775165147814635832      
   1.00000000000000000000000000000000000         2.00000000000000000000000000000000000        -1883.35628709434231524139695144419813      
   1.00000000000000000000000000000000000         2.00000000000000000000000000000000000        -1676.65890849654927353704271918830243      
   1.00000000000000000000000000000000000         2.00000000000000000000000000000000000        -1492.40837541538895935065903047715024      
   1.00000000000000000000000000000000000         2.00000000000000000000000000000000000        -1328.16361445907082341556260632194809      
   1.00000000000000000000000000000000000         2.00000000000000000000000000000000000        -1181.74901667710821454384730266528944      
   1.00000000000000000000000000000000000         2.00000000000000000000000000000000000        -1051.22556855136773133575939061212654      
   1.00000000000000000000000000000000000         2.00000000000000000000000000000000000        -934.865122464758965394068852836124756      
   1.00000000000000000000000000000000000         2.00000000000000000000000000000000000        -831.127465232316493385056401185476713      
   1.00000000000000000000000000000000000         2.00000000000000000000000000000000000        -738.639880408013917636313667118413371      
   1.00000000000000000000000000000000000         2.00000000000000000000000000000000000        -656.178933171538590160996526987011313      
   1.00000000000000000000000000000000000         2.00000000000000000000000000000000000        -582.654236091541373049160542531897417      
   1.00000000000000000000000000000000000         2.00000000000000000000000000000000000        -517.093980346903102088216374266513705      
   1.00000000000000000000000000000000000         2.00000000000000000000000000000000000        -458.632040414114672878124053551252061      
   1.00000000000000000000000000000000000         2.00000000000000000000000000000000000        -406.496481107807014653660392238912723      
   1.00000000000000000000000000000000000         2.00000000000000000000000000000000000        -359.999314469841496338675208557817568      
   1.00000000000000000000000000000000000         2.00000000000000000000000000000000000        -318.527370587102342938451095211088505      
   1.00000000000000000000000000000000000         2.00000000000000000000000000000000000        -281.534161199289732751368246968379295      
   1.00000000000000000000000000000000000         2.00000000000000000000000000000000000        -248.532628131732371162638304241676063      
   1.00000000000000000000000000000000000         2.00000000000000000000000000000000000        -219.088680329328757151467386802841208      
   1.00000000000000000000000000000000000         2.00000000000000000000000000000000000        -192.815433731984210509652537038173423      
   1.00000000000000000000000000000000000         2.00000000000000000000000000000000000        -169.368077558190355119175060329305417      
   1.00000000000000000000000000000000000         2.00000000000000000000000000000000000        -148.439298875449220809287613065063859      
   1.00000000000000000000000000000000000         2.00000000000000000000000000000000000        -129.755204744371359251197220155296663      
   1.00000000000000000000000000000000000         2.00000000000000000000000000000000000        -113.071687825777715518235553701124421      
   1.00000000000000000000000000000000000         2.00000000000000000000000000000000000        -98.1711872246196244916119992968065836      
   1.00000000000000000000000000000000000         2.00000000000000000000000000000000000        -84.8598015890837460313511840528383063      
   1.00000000000000000000000000000000000         2.00000000000000000000000000000000000        -72.9647161574610392977301062365861424      
   1.00000000000000000000000000000000000         2.00000000000000000000000000000000000        -62.3319096112549619573768370328693458      
   1.00000000000000000000000000000000000         2.00000000000000000000000000000000000        -52.8241103058628742430505395875110142      
   1.00000000000000000000000000000000000         2.00000000000000000000000000000000000        -44.3189747592535113560668015357188234      
   1.00000000000000000000000000000000000         2.00000000000000000000000000000000000        -36.7074642282919595054311790515554427      
   1.00000000000000000000000000000000000         2.00000000000000000000000000000000000        -29.8923978308663022698847381863650686      
   1.00000000000000000000000000000000000         2.00000000000000000000000000000000000        -23.7871630146256292094234820761869241      
   1.00000000000000000000000000000000000         2.00000000000000000000000000000000000        -18.3145662610330332475250919063010676      
   1.00000000000000000000000000000000000         2.00000000000000000000000000000000000        -13.4058087742746512765745494995394296      
   1.00000000000000000000000000000000000         2.00000000000000000000000000000000000        -8.99957356303890579710011412621459344      
   1.00000000000000000000000000000000000         2.00000000000000000000000000000000000        -5.04121180129581463893980526329168174      
   1.00000000000000000000000000000000000         2.00000000000000000000000000000000000        -1.48201767157824834061478695196936290      
   1.00000000000000000000000000000000000         2.00000000000000000000000000000000000         1.72141793162394319995432883056606459      
   1.00000000000000000000000000000000000         2.00000000000000000000000000000000000         4.60778341432022800358783784568491625      
   1.00000000000000000000000000000000000         2.00000000000000000000000000000000000         7.21155985466144368208760955522367184      
   1.00000000000000000000000000000000000         2.00000000000000000000000000000000000         9.56347854589738725252837832029981540      
   1.00000000000000000000000000000000000         2.00000000000000000000000000000000000         11.6909287819670035477894416499285259      
   1.00000000000000000000000000000000000         2.00000000000000000000000000000000000         13.6183212967881980605376323339977133      
   1.00000000000000000000000000000000000         2.00000000000000000000000000000000000         15.3674121798658373026520118130815390      
   1.00000000000000000000000000000000000         2.00000000000000000000000000000000000         16.9575915663812552881301173761303366      
   1.00000000000000000000000000000000000         2.00000000000000000000000000000000000         18.4061409325053561009442491964075442      
   1.00000000000000000000000000000000000         2.00000000000000000000000000000000000         19.7284624100877939744316001554312132      
   1.00000000000000000000000000000000000         2.00000000000000000000000000000000000         20.9382831635888328853162539386190406      
   1.00000000000000000000000000000000000         2.00000000000000000000000000000000000         22.0478375412115993134666517824502625      
   1.00000000000000000000000000000000000         2.00000000000000000000000000000000000         23.0680294172695846379822380695185776      
   1.00000000000000000000000000000000000         2.00000000000000000000000000000000000         24.0085768799739805009889061946896053      
   1.00000000000000000000000000000000000         2.00000000000000000000000000000000000         24.8781411845598779464870558443594103      
