   2.00000000000000000000000000000000000         1.00000000000000000000000000000000000        -11355.1371119330240588730966137278490      
   2.00000000000000000000000000000000000         1.00000000000000000000000000000000000        -11355.1371119330240588730966137278490      
   2.00000000000000000000000000000000000         1.00000000000000000000000000000000000        -11355.1371119330240588730966137278490      
   2.00000000000000000000000000000000000         1.00000000000000000000000000000000000        -11355.1371119330240588730966137278490      
   2.00000000000000000000000000000000000         1.00000000000000000000000000000000000        -11355.1371119330240588730966137278490      
   2.00000000000000000000000000000000000         1.00000000000000000000000000000000000        -11355.1371119330240588730966137278490      
   2.00000000000000000000000000000000000         1.00000000000000000000000000000000000        -11355.1371119330240588730966137278490      
   2.00000000000000000000000000000000000         1.00000000000000000000000000000000000        -11355.1371119330240588730966137278490      
   2.00000000000000000000000000000000000         1.00000000000000000000000000000000000        -11355.1371119330240588730966137278490      
   2.00000000000000000000000000000000000         1.00000000000000000000000000000000000        -11355.1371119330240588730966137278490      
   2.00000000000000000000000000000000000         1.00000000000000000000000000000000000        -11355.1371119330240588730966137278490      
   2.00000000000000000000000000000000000         1.00000000000000000000000000000000000        -11355.1371119330240588730966137278490      
   2.00000000000000000000000000000000000         1.00000000000000000000000000000000000        -11355.1371119330240588730966137278490      
   2.00000000000000000000000000000000000         1.00000000000000000000000000000000000        -11355.1371119330240588730966137278490      
   2.00000000000000000000000000000000000         1.00000000000000000000000000000000000        -10657.6683000755280217203028824022854      
   2.00000000000000000000000000000000000         1.00000000000000000000000000000000000        -9497.98769662257036793783799353637341      
   2.00000000000000000000000000000000000         1.00000000000000000000000000000000000        -8464.38997036352243264775552889783405      
   2.00000000000000000000000000000000000         1.00000000000000000000000000000000000        -7543.16372668614836307963702137349791      
   2.00000000000000000000000000000000000         1.00000000000000000000000000000000000        -6722.08867227917097143580743026008692      
   2.00000000000000000000000000000000000         1.00000000000000000000000000000000000        -5990.27345926464492850848752452366541      
   2.00000000000000000000000000000000000         1.00000000000000000000000000000000000        -5338.01116362881048103468580390925150      
   2.00000000000000000000000000000000000         1.00000000000000000000000000000000000        -4756.65048023801126631567767810539787      
   2.00000000000000000000000000000000000         1.00000000000000000000000000000000000        -4238.48092527579476233666972463446388      
   2.00000000000000000000000000000000000         1.00000000000000000000000000000000000        -3776.63052280728259627528534531600060      
   2.00000000000000000000000000000000000         1.00000000000000000000000000000000000        -3364.97461783368189537443237218895311      
   2.00000000000000000000000000000000000         1.00000000000000000000000000000000000        -2998.05460584157297769304425542928240      
   2.00000000000000000000000000000000000         1.00000000000000000000000000000000000        -2671.00550043746945416003202547736252      
   2.00000000000000000000000000000000000         1.00000000000000000000000000000000000        -2379.49137793416867324214318950614768      
   2.00000000000000000000000000000000000         1.00000000000000000000000000000000000        -2119.64784227777494275289816942641676      
   2.00000000000000000000000000000000000         1.00000000000000000000000000000000000        -1888.03074685993338277876078905991194      
   2.00000000000000000000000000000000000         1.00000000000000000000000000000000000        -1681.57049278487754874654394722572660      
   2.00000000000000000000000000000000000         1.00000000000000000000000000000000000        -1497.53129715706128757041187000200639      
   2.00000000000000000000000000000000000         1.00000000000000000000000000000000000        -1333.47489090429883555712035895127098      
   2.00000000000000000000000000000000000         1.00000000000000000000000000000000000        -1187.22816442858213351559141838212972      
   2.00000000000000000000000000000000000         1.00000000000000000000000000000000000        -1056.85433176201905206538548855790655      
   2.00000000000000000000000000000000000         1.00000000000000000000000000000000000        -940.627230593761456547686975632663521      
   2.00000000000000000000000000000000000         1.00000000000000000000000000000000000        -837.008417144894832879226705130157597      
   2.00000000000000000000000000000000000         1.00000000000000000000000000000000000        -744.626751954195595782962830339072449      
   2.00000000000000000000000000000000000         1.00000000000000000000000000000000000        -662.260205690536026479127847189078120      
   2.00000000000000000000000000000000000         1.00000000000000000000000000000000000        -588.819643566121592046943832576784652      
   2.00000000000000000000000000000000000         1.00000000000000000000000000000000000        -523.334373179576317160111636476691214      
   2.00000000000000000000000000000000000         1.00000000000000000000000000000000000        -464.939264017534565548758799857652986      
   2.00000000000000000000000000000000000         1.00000000000000000000000000000000000        -412.863267698351085011405980471908872      
   2.00000000000000000000000000000000000         1.00000000000000000000000000000000000        -366.419186628538038265815518501410251      
   2.00000000000000000000000000000000000         1.00000000000000000000000000000000000        -324.994555308216138036278197150053455      
   2.00000000000000000000000000000000000         1.00000000000000000000000000000000000        -288.043513286043416128687361435434367      
   2.00000000000000000000000000000000000         1.00000000000000000000000000000000000        -255.079561922671233635934114401589933      
   2.00000000000000000000000000000000000         1.00000000000000000000000000000000000        -225.669108849379325404693206765817118      
   2.00000000000000000000000000000000000         1.00000000000000000000000000000000000        -199.425714460778122216316680719191840      
   2.00000000000000000000000000000000000         1.00000000000000000000000000000000000        -176.004964096032136079450918643889312      
   2.00000000000000000000000000000000000         1.00000000000000000000000000000000000        -155.099897865564722536777210421818825      
   2.00000000000000000000000000000000000         1.00000000000000000000000000000000000        -136.436937479821266279711978660794511      
   2.00000000000000000000000000000000000         1.00000000000000000000000000000000000        -119.772256031583190938930803517069293      
   2.00000000000000000000000000000000000         1.00000000000000000000000000000000000        -104.888542561049690595325885421503170      
   2.00000000000000000000000000000000000         1.00000000000000000000000000000000000        -91.5921184714315523108532684004288476      
   2.00000000000000000000000000000000000         1.00000000000000000000000000000000000        -79.7103675316439626196313930692525649      
   2.00000000000000000000000000000000000         1.00000000000000000000000000000000000        -69.0894453637954701133333419803498224      
   2.00000000000000000000000000000000000         1.00000000000000000000000000000000000        -59.5922380217637162642549304625894815      
   2.00000000000000000000000000000000000         1.00000000000000000000000000000000000        -51.0965425724359291944194081089380563      
   2.00000000000000000000000000000000000         1.00000000000000000000000000000000000        -43.4934455370326556117489826090567158      
   2.00000000000000000000000000000000000         1.00000000000000000000000000000000000        -36.6858776754162979836137389603953747      
   2.00000000000000000000000000000000000         1.00000000000000000000000000000000000        -30.5873259362502926830264312598395663      
   2.00000000000000000000000000000000000         1.00000000000000000000000000000000000        -25.1206854813701144898391252826131569      
   2.00000000000000000000000000000000000         1.00000000000000000000000000000000000        -20.2172365514269796758280550469113018      
   2.00000000000000000000000000000000000         1.00000000000000000000000000000000000        -15.8157325964329595134222988731236319      
   2.00000000000000000000000000000000000         1.00000000000000000000000000000000000        -11.8615875712538571832111912630097391      
   2.00000000000000000000000000000000000         1.00000000000000000000000000000000000        -8.30615161195480879448384252097329865      
   2.00000000000000000000000000000000000         1.00000000000000000000000000000000000        -5.10606548166378783190772771874403149      
   2.00000000000000000000000000000000000         1.00000000000000000000000000000000000        -2.22268521984183737361805107542950718      
   2.00000000000000000000000000000000000         1.00000000000000000000000000000000000        0.378430639594591379520549170752731606      
   2.00000000000000000000000000000000000         1.00000000000000000000000000000000000         2.72797808560316287323994403161177179      
   2.00000000000000000000000000000000000         1.00000000000000000000000000000000000         4.85331494713933863839849124636619800      
   2.00000000000000000000000000000000000         1.00000000000000000000000000000000000         6.77882391492497631192863279939070713      
   2.00000000000000000000000000000000000         1.00000000000000000000000000000000000         8.52623608494015648574114864759931374      
   2.00000000000000000000000000000000000         1.00000000000000000000000000000000000         10.1149193168638004536404343883587350      
   2.00000000000000000000000000000000000         1.00000000000000000000000000000000000         11.5621352338043895622146459601283547      
   2.00000000000000000000000000000000000         1.00000000000000000000000000000000000         12.8832682735510689522964751076706211      
   2.00000000000000000000000000000000000         1.00000000000000000000000000000000000         14.0920298307160744766563402980986423      
   2.00000000000000000000000000000000000         1.00000000000000000000000000000000000         15.2006401986106833230919165721157775      
   2.00000000000000000000000000000000000         1.00000000000000000000000000000000000         16.2199907251128408208109831607559037      
   2.00000000000000000000000000000000000         1.00000000000000000000000000000000000         17.1597883342363067230765315642740277      
   2.00000000000000000000000000000000000         1.00000000000000000000000000000000000         18.0286843311147373925872863729815902      
   2.00000000000000000000000000000000000         1.00000000000000000000000000000000000         18.8343891995645853513580410093562393      
   2.00000000000000000000000000000000000         1.00000000000000000000000000000000000         19.5837749155207289722111720715784095      
   2.00000000000000000000000000000000000         1.00000000000000000000000000000000000         20.2829661339819611279037717276091669      
   2.00000000000000000000000000000000000         1.00000000000000000000000000000000000         20.9374214594617015003769065272725453      
   2.00000000000000000000000000000000000         1.00000000000000000000000000000000000         21.5520058783534364787016654401281751      
   2.00000000000000000000000000000000000         1.00000000000000000000000000000000000         22.1310553143443687144113009590031050      
   2.00000000000000000000000000000000000         1.00000000000000000000000000000000000         22.6784341634883938996922926619865419      
   2.00000000000000000000000000000000000         1.00000000000000000000000000000000000         23.1975865723938669144581767252567575      
   2.00000000000000000000000000000000000         1.00000000000000000000000000000000000         23.6915821399565542032821402499946517      
   2.00000000000000000000000000000000000         1.00000000000000000000000000000000000         24.1631566490720019192500190101220804      
   2.00000000000000000000000000000000000         1.00000000000000000000000000000000000         24.6147483688123958260550572040765315      
   2.00000000000000000000000000000000000         1.00000000000000000000000000000000000         25.0485304087757439828883328275493800      
   2.00000000000000000000000000000000000         1.00000000000000000000000000000000000         25.4664395549299385191302854402773119      
   2.00000000000000000000000000000000000         1.00000000000000000000000000000000000         25.8702019695858275694397306361062649      
   2.00000000000000000000000000000000000         1.00000000000000000000000000000000000         26.2613560965223256478999375895124859      
   2.00000000000000000000000000000000000         1.00000000000000000000000000000000000         26.6412730752006563397879481472072803      
   2.00000000000000000000000000000000000         1.00000000000000000000000000000000000         27.0111749349519473638835298132609824      
   2.00000000000000000000000000000000000         1.00000000000000000000000000000000000         27.3721508105639932531074605107769829      
   2.00000000000000000000000000000000000         1.00000000000000000000000000000000000         27.7251713944381699827860393897807871      
