   10.0000000000000000000000000000000000         9.00000000000000000000000000000000000        -11355.1371119330240588730966137278490      
   10.0000000000000000000000000000000000         9.00000000000000000000000000000000000        -11355.1371119330240588730966137278490      
   10.0000000000000000000000000000000000         9.00000000000000000000000000000000000        -11355.1371119330240588730966137278490      
   10.0000000000000000000000000000000000         9.00000000000000000000000000000000000        -11355.1371119330240588730966137278490      
   10.0000000000000000000000000000000000         9.00000000000000000000000000000000000        -11355.1371119330240588730966137278490      
   10.0000000000000000000000000000000000         9.00000000000000000000000000000000000        -11355.1371119330240588730966137278490      
   10.0000000000000000000000000000000000         9.00000000000000000000000000000000000        -11355.1371119330240588730966137278490      
   10.0000000000000000000000000000000000         9.00000000000000000000000000000000000        -11355.1371119330240588730966137278490      
   10.0000000000000000000000000000000000         9.00000000000000000000000000000000000        -11355.1371119330240588730966137278490      
   10.0000000000000000000000000000000000         9.00000000000000000000000000000000000        -11355.1371119330240588730966137278490      
   10.0000000000000000000000000000000000         9.00000000000000000000000000000000000        -11355.1371119330240588730966137278490      
   10.0000000000000000000000000000000000         9.00000000000000000000000000000000000        -11355.1371119330240588730966137278490      
   10.0000000000000000000000000000000000         9.00000000000000000000000000000000000        -11355.1371119330240588730966137278490      
   10.0000000000000000000000000000000000         9.00000000000000000000000000000000000        -11355.1371119330240588730966137278490      
   10.0000000000000000000000000000000000         9.00000000000000000000000000000000000        -11355.1371119330240588730966137278490      
   10.0000000000000000000000000000000000         9.00000000000000000000000000000000000        -11355.1371119330240588730966137278490      
   10.0000000000000000000000000000000000         9.00000000000000000000000000000000000        -11355.1371119330240588730966137278490      
   10.0000000000000000000000000000000000         9.00000000000000000000000000000000000        -11355.1371119330240588730966137278490      
   10.0000000000000000000000000000000000         9.00000000000000000000000000000000000        -11355.1371119330240588730966137278490      
   10.0000000000000000000000000000000000         9.00000000000000000000000000000000000        -11355.1371119330240588730966137278490      
   10.0000000000000000000000000000000000         9.00000000000000000000000000000000000        -11355.1371119330240588730966137278490      
   10.0000000000000000000000000000000000         9.00000000000000000000000000000000000        -11355.1371119330240588730966137278490      
   10.0000000000000000000000000000000000         9.00000000000000000000000000000000000        -10641.6434068425634413766919380708177      
   10.0000000000000000000000000000000000         9.00000000000000000000000000000000000        -9483.39117027808165064677975655029802      
   10.0000000000000000000000000000000000         9.00000000000000000000000000000000000        -8451.06647734838700737911111281665324      
   10.0000000000000000000000000000000000         9.00000000000000000000000000000000000        -7530.97482582007458477663916658491117      
   10.0000000000000000000000000000000000         9.00000000000000000000000000000000000        -6710.91097773034756843902381345378001      
   10.0000000000000000000000000000000000         9.00000000000000000000000000000000000        -5979.99700329471769240901196733813185      
   10.0000000000000000000000000000000000         9.00000000000000000000000000000000000        -5328.53793738780677731838925892670694      
   10.0000000000000000000000000000000000         9.00000000000000000000000000000000000        -4747.89313324644757495193177283736120      
   10.0000000000000000000000000000000000         9.00000000000000000000000000000000000        -4230.36160633688496360646495183758890      
   10.0000000000000000000000000000000000         9.00000000000000000000000000000000000        -3769.07984696885622614410254189556964      
   10.0000000000000000000000000000000000         9.00000000000000000000000000000000000        -3357.93074569202466270841225984709586      
   10.0000000000000000000000000000000000         9.00000000000000000000000000000000000        -2991.46242297011088909130791671794838      
   10.0000000000000000000000000000000000         9.00000000000000000000000000000000000        -2664.81588605181373456945011475309952      
   10.0000000000000000000000000000000000         9.00000000000000000000000000000000000        -2373.66055308915096145460338852173421      
   10.0000000000000000000000000000000000         9.00000000000000000000000000000000000        -2114.13678894744343103552523077812893      
   10.0000000000000000000000000000000000         9.00000000000000000000000000000000000        -1882.80469019205439566027534638920363      
   10.0000000000000000000000000000000000         9.00000000000000000000000000000000000        -1676.59843965977436058693963923443058      
   10.0000000000000000000000000000000000         9.00000000000000000000000000000000000        -1492.78562492774632519504831306604125      
   10.0000000000000000000000000000000000         9.00000000000000000000000000000000000        -1328.93098086073068709419561273768471      
   10.0000000000000000000000000000000000         9.00000000000000000000000000000000000        -1182.86407512234074797309641727000025      
   10.0000000000000000000000000000000000         9.00000000000000000000000000000000000        -1052.65050785661604580803744378898775      
   10.0000000000000000000000000000000000         9.00000000000000000000000000000000000        -936.566243377206036595594201598282907      
   10.0000000000000000000000000000000000         9.00000000000000000000000000000000000        -833.074733261274742129375313186266560      
   10.0000000000000000000000000000000000         9.00000000000000000000000000000000000        -740.806527285481669729676094524440227      
   10.0000000000000000000000000000000000         9.00000000000000000000000000000000000        -658.541101653547137956462535172674118      
   10.0000000000000000000000000000000000         9.00000000000000000000000000000000000        -585.190663387022320214009326522458853      
   10.0000000000000000000000000000000000         9.00000000000000000000000000000000000        -519.785715973369398565495031642663981      
   10.0000000000000000000000000000000000         9.00000000000000000000000000000000000        -461.462194736271648189397258995077261      
   10.0000000000000000000000000000000000         9.00000000000000000000000000000000000        -409.450001222353556915398552856448122      
   10.0000000000000000000000000000000000         9.00000000000000000000000000000000000        -363.062784462588853029710287823593400      
   10.0000000000000000000000000000000000         9.00000000000000000000000000000000000        -321.688833511943866546689235580094784      
   10.0000000000000000000000000000000000         9.00000000000000000000000000000000000        -284.782960416790659045526777228528058      
   10.0000000000000000000000000000000000         9.00000000000000000000000000000000000        -251.859265901999113453888972993391175      
   10.0000000000000000000000000000000000         9.00000000000000000000000000000000000        -222.484691782771006002952276331602656      
   10.0000000000000000000000000000000000         9.00000000000000000000000000000000000        -196.273274545638422821592436518589722      
   10.0000000000000000000000000000000000         9.00000000000000000000000000000000000        -172.881023847137689144615424041045633      
   10.0000000000000000000000000000000000         9.00000000000000000000000000000000000        -152.001357970947855497829829286916316      
   10.0000000000000000000000000000000000         9.00000000000000000000000000000000000        -133.361035674783221819188672631425406      
   10.0000000000000000000000000000000000         9.00000000000000000000000000000000000        -116.716530445119827869651378559937750      
   10.0000000000000000000000000000000000         9.00000000000000000000000000000000000        -101.850799048319003818089434974517321      
   10.0000000000000000000000000000000000         9.00000000000000000000000000000000000        -88.5704014987847034621315135877640809      
   10.0000000000000000000000000000000000         9.00000000000000000000000000000000000        -76.7029342278818724014351653300416020      
   10.0000000000000000000000000000000000         9.00000000000000000000000000000000000        -66.0947423933269128153612524501879576      
   10.0000000000000000000000000000000000         9.00000000000000000000000000000000000        -56.6088809727857754359393065453533504      
   10.0000000000000000000000000000000000         9.00000000000000000000000000000000000        -48.1232975866304921191659265715247372      
   10.0000000000000000000000000000000000         9.00000000000000000000000000000000000        -40.5292129370161802054685816678512306      
   10.0000000000000000000000000000000000         9.00000000000000000000000000000000000        -33.7296773726890579011651281412197374      
   10.0000000000000000000000000000000000         9.00000000000000000000000000000000000        -27.6382844260174527241033268378090890      
   10.0000000000000000000000000000000000         9.00000000000000000000000000000000000        -22.1780242516638134572514321852941748      
   10.0000000000000000000000000000000000         9.00000000000000000000000000000000000        -17.2802617527255129292305816433567114      
   10.0000000000000000000000000000000000         9.00000000000000000000000000000000000        -12.8838258346991841414764523803548645      
   10.0000000000000000000000000000000000         9.00000000000000000000000000000000000        -8.93419770222203325190818250654620166      
   10.0000000000000000000000000000000000         9.00000000000000000000000000000000000        -5.38278742778104855329237804438052201      
   10.0000000000000000000000000000000000         9.00000000000000000000000000000000000        -2.18628919289640766874668433954967804      
   10.0000000000000000000000000000000000         9.00000000000000000000000000000000000        0.693893353778680788841323680403605286      
   10.0000000000000000000000000000000000         9.00000000000000000000000000000000000         3.29215924659058429599104896681000198      
   10.0000000000000000000000000000000000         9.00000000000000000000000000000000000         5.63916665717139780012163248087492903      
   10.0000000000000000000000000000000000         9.00000000000000000000000000000000000         7.76223970974969130743777218507601263      
   10.0000000000000000000000000000000000         9.00000000000000000000000000000000000         9.68573105567786084184352563087676710      
   10.0000000000000000000000000000000000         9.00000000000000000000000000000000000         11.4313450183197733864517440280707801      
   10.0000000000000000000000000000000000         9.00000000000000000000000000000000000         13.0184255962350335614995602053981370      
   10.0000000000000000000000000000000000         9.00000000000000000000000000000000000         14.4642131462871468070212190698223566      
   10.0000000000000000000000000000000000         9.00000000000000000000000000000000000         15.7840731527044729050806343964597104      
   10.0000000000000000000000000000000000         9.00000000000000000000000000000000000         16.9917001177204167824748530255951626      
   10.0000000000000000000000000000000000         9.00000000000000000000000000000000000         18.0992992792977752536042150616300021      
   10.0000000000000000000000000000000000         9.00000000000000000000000000000000000         19.1177485672210365844259735906493698      
   10.0000000000000000000000000000000000         9.00000000000000000000000000000000000         20.0567429466155789543083429819644962      
   10.0000000000000000000000000000000000         9.00000000000000000000000000000000000         20.9249230642445696114665471509575522      
   10.0000000000000000000000000000000000         9.00000000000000000000000000000000000         21.7299899046417636776037606548610338      
   10.0000000000000000000000000000000000         9.00000000000000000000000000000000000         22.4788069774974238698578697477067615      
   10.0000000000000000000000000000000000         9.00000000000000000000000000000000000         23.1774913922618868880853067126589569      
   10.0000000000000000000000000000000000         9.00000000000000000000000000000000000         23.8314950284714321164941577386918050      
   10.0000000000000000000000000000000000         9.00000000000000000000000000000000000         24.4456768788773607258077622235603631      
   10.0000000000000000000000000000000000         9.00000000000000000000000000000000000         25.0243675253276549537143556326954407      
   10.0000000000000000000000000000000000         9.00000000000000000000000000000000000         25.5714266029569939389251804733427609      
   10.0000000000000000000000000000000000         9.00000000000000000000000000000000000         26.0902940152000144290921770406353946      
   10.0000000000000000000000000000000000         9.00000000000000000000000000000000000         26.5840355792199259189572594306938730      
   10.0000000000000000000000000000000000         9.00000000000000000000000000000000000         27.0553837074395854091408974397659727      
   10.0000000000000000000000000000000000         9.00000000000000000000000000000000000         27.5067736649942325020334968229980384      
