   1.00000000000000000000000000000000000         2.00000000000000000000000000000000000        -11355.1371119330240588730966137278490      
   1.00000000000000000000000000000000000         2.00000000000000000000000000000000000        -11355.1371119330240588730966137278490      
   1.00000000000000000000000000000000000         2.00000000000000000000000000000000000        -11355.1371119330240588730966137278490      
   1.00000000000000000000000000000000000         2.00000000000000000000000000000000000        -11355.1371119330240588730966137278490      
   1.00000000000000000000000000000000000         2.00000000000000000000000000000000000        -11355.1371119330240588730966137278490      
   1.00000000000000000000000000000000000         2.00000000000000000000000000000000000        -11355.1371119330240588730966137278490      
   1.00000000000000000000000000000000000         2.00000000000000000000000000000000000        -11355.1371119330240588730966137278490      
   1.00000000000000000000000000000000000         2.00000000000000000000000000000000000        -11355.1371119330240588730966137278490      
   1.00000000000000000000000000000000000         2.00000000000000000000000000000000000        -11355.1371119330240588730966137278490      
   1.00000000000000000000000000000000000         2.00000000000000000000000000000000000        -11355.1371119330240588730966137278490      
   1.00000000000000000000000000000000000         2.00000000000000000000000000000000000        -11355.1371119330240588730966137278490      
   1.00000000000000000000000000000000000         2.00000000000000000000000000000000000        -11355.1371119330240588730966137278490      
   1.00000000000000000000000000000000000         2.00000000000000000000000000000000000        -11355.1371119330240588730966137278490      
   1.00000000000000000000000000000000000         2.00000000000000000000000000000000000        -11355.1371119330240588730966137278490      
   1.00000000000000000000000000000000000         2.00000000000000000000000000000000000        -11307.2692073209303209335755034597590      
   1.00000000000000000000000000000000000         2.00000000000000000000000000000000000        -10076.7943564063251141962385448352529      
   1.00000000000000000000000000000000000         2.00000000000000000000000000000000000        -8980.10119068261126416533210534675903      
   1.00000000000000000000000000000000000         2.00000000000000000000000000000000000        -8002.64107739039274723900017267900905      
   1.00000000000000000000000000000000000         2.00000000000000000000000000000000000        -7131.44753393429451447011985823716732      
   1.00000000000000000000000000000000000         2.00000000000000000000000000000000000        -6354.96417053689366993642577916026360      
   1.00000000000000000000000000000000000         2.00000000000000000000000000000000000        -5662.89134396762283094939642499792701      
   1.00000000000000000000000000000000000         2.00000000000000000000000000000000000        -5046.04948753479593617348185478518427      
   1.00000000000000000000000000000000000         2.00000000000000000000000000000000000        -4496.25730381278650062992819401353247      
   1.00000000000000000000000000000000000         2.00000000000000000000000000000000000        -4006.22320379585372238388372396739511      
   1.00000000000000000000000000000000000         2.00000000000000000000000000000000000        -3569.44855194214540689026657107871635      
   1.00000000000000000000000000000000000         2.00000000000000000000000000000000000        -3180.14143322839648404889690289381553      
   1.00000000000000000000000000000000000         2.00000000000000000000000000000000000        -2833.13979795653102556612373117315798      
   1.00000000000000000000000000000000000         2.00000000000000000000000000000000000        -2523.84296449044584248249642351243504      
   1.00000000000000000000000000000000000         2.00000000000000000000000000000000000        -2248.15057100590927236954720370440212      
   1.00000000000000000000000000000000000         2.00000000000000000000000000000000000        -2002.40816618038704989342344914129554      
   1.00000000000000000000000000000000000         2.00000000000000000000000000000000000        -1783.35871684430640400936794255239425      
   1.00000000000000000000000000000000000         2.00000000000000000000000000000000000        -1588.09938912975287583714221050704340      
   1.00000000000000000000000000000000000         2.00000000000000000000000000000000000        -1414.04302962870129474194123230756033      
   1.00000000000000000000000000000000000         2.00000000000000000000000000000000000        -1258.88383543915331046425866014568672      
   1.00000000000000000000000000000000000         2.00000000000000000000000000000000000        -1120.56675756155138042976173284502918      
   1.00000000000000000000000000000000000         2.00000000000000000000000000000000000        -997.260231647129029616576012943926707      
   1.00000000000000000000000000000000000         2.00000000000000000000000000000000000        -887.331874251795814474033344956425392      
   1.00000000000000000000000000000000000         2.00000000000000000000000000000000000        -789.326822099612132641948127650998781      
   1.00000000000000000000000000000000000         2.00000000000000000000000000000000000        -701.948426931040479225608072168161260      
   1.00000000000000000000000000000000000         2.00000000000000000000000000000000000        -624.041049768338564632786640221819690      
   1.00000000000000000000000000000000000         2.00000000000000000000000000000000000        -554.574726288449650594631680766934023      
   1.00000000000000000000000000000000000         2.00000000000000000000000000000000000        -492.631499822205130977588199707006874      
   1.00000000000000000000000000000000000         2.00000000000000000000000000000000000        -437.393240627042357283780809591190999      
   1.00000000000000000000000000000000000         2.00000000000000000000000000000000000        -388.130789802387249319724338547924930      
   1.00000000000000000000000000000000000         2.00000000000000000000000000000000000        -344.194283794054587630910599220405047      
   1.00000000000000000000000000000000000         2.00000000000000000000000000000000000        -305.004531099717865207321608363262968      
   1.00000000000000000000000000000000000         2.00000000000000000000000000000000000        -270.045326749569489219592267152544683      
   1.00000000000000000000000000000000000         2.00000000000000000000000000000000000        -238.856602579999140771777512347821156      
   1.00000000000000000000000000000000000         2.00000000000000000000000000000000000        -211.028322408583653621030566328365634      
   1.00000000000000000000000000000000000         2.00000000000000000000000000000000000        -186.195041103069601233966166833402960      
   1.00000000000000000000000000000000000         2.00000000000000000000000000000000000        -164.031055346499706506108592135860873      
   1.00000000000000000000000000000000000         2.00000000000000000000000000000000000        -144.246081752082523549433994892673510      
   1.00000000000000000000000000000000000         2.00000000000000000000000000000000000        -126.581404979015535300461873034073520      
   1.00000000000000000000000000000000000         2.00000000000000000000000000000000000        -110.806444737098906733241591779234140      
   1.00000000000000000000000000000000000         2.00000000000000000000000000000000000        -96.7156961263768835903398750105163864      
   1.00000000000000000000000000000000000         2.00000000000000000000000000000000000        -84.1260027119728183695692789817541711      
   1.00000000000000000000000000000000000         2.00000000000000000000000000000000000        -72.8741261494776667158629881443518746      
   1.00000000000000000000000000000000000         2.00000000000000000000000000000000000        -62.8145801112974683932024423751573986      
   1.00000000000000000000000000000000000         2.00000000000000000000000000000000000        -53.8176997714784729121164127882216640      
   1.00000000000000000000000000000000000         2.00000000000000000000000000000000000        -45.7679212322464513133822455549355059      
   1.00000000000000000000000000000000000         2.00000000000000000000000000000000000        -38.5622480612957297701147255707949308      
   1.00000000000000000000000000000000000         2.00000000000000000000000000000000000        -32.1088845917094476689583534261502457      
   1.00000000000000000000000000000000000         2.00000000000000000000000000000000000        -26.3260178492313401601255903759166571      
   1.00000000000000000000000000000000000         2.00000000000000000000000000000000000        -21.1407319438039992242679192329380529      
   1.00000000000000000000000000000000000         2.00000000000000000000000000000000000        -16.4880405200089029159345212615340759      
   1.00000000000000000000000000000000000         2.00000000000000000000000000000000000        -12.3100244276134005341235981371678824      
   1.00000000000000000000000000000000000         2.00000000000000000000000000000000000        -8.55506316963673279589863997744406086      
   1.00000000000000000000000000000000000         2.00000000000000000000000000000000000        -5.17714992971786781166514045831971638      
   1.00000000000000000000000000000000000         2.00000000000000000000000000000000000        -2.13528108961448895713842181772217172      
   1.00000000000000000000000000000000000         2.00000000000000000000000000000000000        0.607087863898746421020042170426083483      
   1.00000000000000000000000000000000000         2.00000000000000000000000000000000000         3.08252726251756603325782367883228626      
   1.00000000000000000000000000000000000         2.00000000000000000000000000000000000         5.32006544492111446837730744180301942      
   1.00000000000000000000000000000000000         2.00000000000000000000000000000000000         7.34557394518964343272654366631500263      
   1.00000000000000000000000000000000000         2.00000000000000000000000000000000000         9.18211079234313642890059583045093194      
   1.00000000000000000000000000000000000         2.00000000000000000000000000000000000         10.8502264763771688826427915459746976      
   1.00000000000000000000000000000000000         2.00000000000000000000000000000000000         12.3682366407794055441718751875029109      
   1.00000000000000000000000000000000000         2.00000000000000000000000000000000000         13.7524651199907508489945283098951339      
   1.00000000000000000000000000000000000         2.00000000000000000000000000000000000         15.0174605467706008207126069254665677      
   1.00000000000000000000000000000000000         2.00000000000000000000000000000000000         16.1761894037143305082732339228121363      
   1.00000000000000000000000000000000000         2.00000000000000000000000000000000000         17.2402080805993628075986746847927433      
   1.00000000000000000000000000000000000         2.00000000000000000000000000000000000         18.2198162206562651013774507218587877      
   1.00000000000000000000000000000000000         2.00000000000000000000000000000000000         19.1241933905767234509451119749752394      
   1.00000000000000000000000000000000000         2.00000000000000000000000000000000000         19.9615208877863643412804123186506091      
   1.00000000000000000000000000000000000         2.00000000000000000000000000000000000         20.7390903012909285743182034716004508      
   1.00000000000000000000000000000000000         2.00000000000000000000000000000000000         21.4634002666322683446035673073928385      
   1.00000000000000000000000000000000000         2.00000000000000000000000000000000000         22.1402426988336487222366836584814499      
   1.00000000000000000000000000000000000         2.00000000000000000000000000000000000         22.7747796475931456355112035131058162      
   1.00000000000000000000000000000000000         2.00000000000000000000000000000000000         23.3716117945468622733865775036702538      
   1.00000000000000000000000000000000000         2.00000000000000000000000000000000000         23.9348395015190302982912734063819946      
   1.00000000000000000000000000000000000         2.00000000000000000000000000000000000         24.4681172198321839755591438438488085      
   1.00000000000000000000000000000000000         2.00000000000000000000000000000000000         24.9747019826558960762349460333414207      
   1.00000000000000000000000000000000000         2.00000000000000000000000000000000000         25.4574966238580810591989184482904802      
   1.00000000000000000000000000000000000         2.00000000000000000000000000000000000         25.9190882968467640950858661093936809      
   1.00000000000000000000000000000000000         2.00000000000000000000000000000000000         26.3617828045239435341552953644592597      
   1.00000000000000000000000000000000000         2.00000000000000000000000000000000000         26.7876351958891769189815389746636254      
   1.00000000000000000000000000000000000         2.00000000000000000000000000000000000         27.1984770352912307245864713774684388      
   1.00000000000000000000000000000000000         2.00000000000000000000000000000000000         27.5959407061741953945207607283596555      
   1.00000000000000000000000000000000000         2.00000000000000000000000000000000000         27.9814810718140105311445926285687889      
   1.00000000000000000000000000000000000         2.00000000000000000000000000000000000         28.3563947804702136393526793669553361      
   1.00000000000000000000000000000000000         2.00000000000000000000000000000000000         28.7218374711205470087372474818053840      
   1.00000000000000000000000000000000000         2.00000000000000000000000000000000000         29.0788391080880673775671491241639796      
