   2.00000000000000000000000000000000000         1.00000000000000000000000000000000000        -11355.1371119330240588730966137278490      
   2.00000000000000000000000000000000000         1.00000000000000000000000000000000000        -11355.1371119330240588730966137278490      
   2.00000000000000000000000000000000000         1.00000000000000000000000000000000000        -11355.1371119330240588730966137278490      
   2.00000000000000000000000000000000000         1.00000000000000000000000000000000000        -11355.1371119330240588730966137278490      
   2.00000000000000000000000000000000000         1.00000000000000000000000000000000000        -11355.1371119330240588730966137278490      
   2.00000000000000000000000000000000000         1.00000000000000000000000000000000000        -11355.1371119330240588730966137278490      
   2.00000000000000000000000000000000000         1.00000000000000000000000000000000000        -11355.1371119330240588730966137278490      
   2.00000000000000000000000000000000000         1.00000000000000000000000000000000000        -11355.1371119330240588730966137278490      
   2.00000000000000000000000000000000000         1.00000000000000000000000000000000000        -11355.1371119330240588730966137278490      
   2.00000000000000000000000000000000000         1.00000000000000000000000000000000000        -11355.1371119330240588730966137278490      
   2.00000000000000000000000000000000000         1.00000000000000000000000000000000000        -11355.1371119330240588730966137278490      
   2.00000000000000000000000000000000000         1.00000000000000000000000000000000000        -11355.1371119330240588730966137278490      
   2.00000000000000000000000000000000000         1.00000000000000000000000000000000000        -11355.1371119330240588730966137278490      
   2.00000000000000000000000000000000000         1.00000000000000000000000000000000000        -11355.1371119330240588730966137278490      
   2.00000000000000000000000000000000000         1.00000000000000000000000000000000000        -11355.1371119330240588730966137278490      
   2.00000000000000000000000000000000000         1.00000000000000000000000000000000000        -11355.1371119330240588730966137278490      
   2.00000000000000000000000000000000000         1.00000000000000000000000000000000000        -11355.1371119330240588730966137278490      
   2.00000000000000000000000000000000000         1.00000000000000000000000000000000000        -11355.1371119330240588730966137278490      
   2.00000000000000000000000000000000000         1.00000000000000000000000000000000000        -11355.1371119330240588730966137278490      
   2.00000000000000000000000000000000000         1.00000000000000000000000000000000000        -11355.1371119330240588730966137278490      
   2.00000000000000000000000000000000000         1.00000000000000000000000000000000000        -11355.1371119330240588730966137278490      
   2.00000000000000000000000000000000000         1.00000000000000000000000000000000000        -11355.1371119330240588730966137278490      
   2.00000000000000000000000000000000000         1.00000000000000000000000000000000000        -11355.1371119330240588730966137278490      
   2.00000000000000000000000000000000000         1.00000000000000000000000000000000000        -11355.1371119330240588730966137278490      
   2.00000000000000000000000000000000000         1.00000000000000000000000000000000000        -11355.1371119330240588730966137278490      
   2.00000000000000000000000000000000000         1.00000000000000000000000000000000000        -11355.1371119330240588730966137278490      
   2.00000000000000000000000000000000000         1.00000000000000000000000000000000000        -11355.1371119330240588730966137278490      
   2.00000000000000000000000000000000000         1.00000000000000000000000000000000000        -11355.1371119330240588730966137278490      
   2.00000000000000000000000000000000000         1.00000000000000000000000000000000000        -11355.1371119330240588730966137278490      
   2.00000000000000000000000000000000000         1.00000000000000000000000000000000000        -11355.1371119330240588730966137278490      
   2.00000000000000000000000000000000000         1.00000000000000000000000000000000000        -11355.1371119330240588730966137278490      
   2.00000000000000000000000000000000000         1.00000000000000000000000000000000000        -11355.1371119330240588730966137278490      
   2.00000000000000000000000000000000000         1.00000000000000000000000000000000000        -11355.1371119330240588730966137278490      
   2.00000000000000000000000000000000000         1.00000000000000000000000000000000000        -11355.1371119330240588730966137278490      
   2.00000000000000000000000000000000000         1.00000000000000000000000000000000000        -11355.1371119330240588730966137278490      
   2.00000000000000000000000000000000000         1.00000000000000000000000000000000000        -10265.6492351816325942035512457618950      
   2.00000000000000000000000000000000000         1.00000000000000000000000000000000000        -9147.94302685165529756614753319198095      
   2.00000000000000000000000000000000000         1.00000000000000000000000000000000000        -8151.75501962356011865736003229233174      
   2.00000000000000000000000000000000000         1.00000000000000000000000000000000000        -7263.87022312784252694494781859627289      
   2.00000000000000000000000000000000000         1.00000000000000000000000000000000000        -6472.51076480025319710650691798546697      
   2.00000000000000000000000000000000000         1.00000000000000000000000000000000000        -5767.17960466868521487475193102321542      
   2.00000000000000000000000000000000000         1.00000000000000000000000000000000000        -5138.52124601037086689867075833158442      
   2.00000000000000000000000000000000000         1.00000000000000000000000000000000000        -4578.19759359443624683089760378215957      
   2.00000000000000000000000000000000000         1.00000000000000000000000000000000000        -4078.77731222411647611416582906138176      
   2.00000000000000000000000000000000000         1.00000000000000000000000000000000000        -3633.63721743370853430470494819694263      
   2.00000000000000000000000000000000000         1.00000000000000000000000000000000000        -3236.87438985472175428622869187247952      
   2.00000000000000000000000000000000000         1.00000000000000000000000000000000000        -2883.22784706226097226789191358442294      
   2.00000000000000000000000000000000000         1.00000000000000000000000000000000000        -2568.00873353463322608694864622782299      
   2.00000000000000000000000000000000000         1.00000000000000000000000000000000000        -2287.03810238935607040123065286256099      
   2.00000000000000000000000000000000000         1.00000000000000000000000000000000000        -2036.59146329700593456555325532502054      
   2.00000000000000000000000000000000000         1.00000000000000000000000000000000000        -1813.34936075741399831017236023205841      
   2.00000000000000000000000000000000000         1.00000000000000000000000000000000000        -1614.35332694196157907629929102604342      
   2.00000000000000000000000000000000000         1.00000000000000000000000000000000000        -1436.96662462295377094150157117296350      
   2.00000000000000000000000000000000000         1.00000000000000000000000000000000000        -1278.83925927259531760672435493555907      
   2.00000000000000000000000000000000000         1.00000000000000000000000000000000000        -1137.87679606337952855997772059473484      
   2.00000000000000000000000000000000000         1.00000000000000000000000000000000000        -1012.21256799043107638521782008217577      
   2.00000000000000000000000000000000000         1.00000000000000000000000000000000000        -900.182906334471516582025424786530743      
   2.00000000000000000000000000000000000         1.00000000000000000000000000000000000        -800.305064788700168551694650657915392      
   2.00000000000000000000000000000000000         1.00000000000000000000000000000000000        -711.257544316166579241001405249657638      
   2.00000000000000000000000000000000000         1.00000000000000000000000000000000000        -631.862557660445816117705291149924940      
   2.00000000000000000000000000000000000         1.00000000000000000000000000000000000        -561.070400824327187755077768415047797      
   2.00000000000000000000000000000000000         1.00000000000000000000000000000000000        -497.945524135533922818017627107232789      
   2.00000000000000000000000000000000000         1.00000000000000000000000000000000000        -441.654118070978630671788287613638188      
   2.00000000000000000000000000000000000         1.00000000000000000000000000000000000        -391.453049110984823460663086102908420      
   2.00000000000000000000000000000000000         1.00000000000000000000000000000000000        -346.679998808982199140264973977812509      
   2.00000000000000000000000000000000000         1.00000000000000000000000000000000000        -306.744675228121690998965324306714300      
   2.00000000000000000000000000000000000         1.00000000000000000000000000000000000        -271.120980125913782657679622439256615      
   2.00000000000000000000000000000000000         1.00000000000000000000000000000000000        -239.340027950189177900133271664944608      
   2.00000000000000000000000000000000000         1.00000000000000000000000000000000000        -210.983924012699632192109448289766420      
   2.00000000000000000000000000000000000         1.00000000000000000000000000000000000        -185.680219280502788469089684497360393      
   2.00000000000000000000000000000000000         1.00000000000000000000000000000000000        -163.096968203581764704099570949412207      
   2.00000000000000000000000000000000000         1.00000000000000000000000000000000000        -142.938323999074692641260239990158692      
   2.00000000000000000000000000000000000         1.00000000000000000000000000000000000        -124.940612944212081688328443966198704      
   2.00000000000000000000000000000000000         1.00000000000000000000000000000000000        -108.868835586214406215398698303806289      
   2.00000000000000000000000000000000000         1.00000000000000000000000000000000000        -94.5135484423309971712720108310718802      
   2.00000000000000000000000000000000000         1.00000000000000000000000000000000000        -81.6880848120743218143439967411639592      
   2.00000000000000000000000000000000000         1.00000000000000000000000000000000000        -70.2260778235165356945727331729474836      
   2.00000000000000000000000000000000000         1.00000000000000000000000000000000000        -59.9792528459775707520876317214339524      
   2.00000000000000000000000000000000000         1.00000000000000000000000000000000000        -50.8154599757623816815662831419561846      
   2.00000000000000000000000000000000000         1.00000000000000000000000000000000000        -42.6169204872284752297846476933309237      
   2.00000000000000000000000000000000000         1.00000000000000000000000000000000000        -35.2786639806547822540698713811912145      
   2.00000000000000000000000000000000000         1.00000000000000000000000000000000000        -28.7071354888136256209118332117578094      
   2.00000000000000000000000000000000000         1.00000000000000000000000000000000000        -22.8189540593962662668368752237461942      
   2.00000000000000000000000000000000000         1.00000000000000000000000000000000000        -17.5398063404350554062723310340213076      
   2.00000000000000000000000000000000000         1.00000000000000000000000000000000000        -12.8034604872729628347804957828597201      
   2.00000000000000000000000000000000000         1.00000000000000000000000000000000000        -8.55088730622508188119850677709789912      
   2.00000000000000000000000000000000000         1.00000000000000000000000000000000000        -4.72947697304246090761791255170020409      
   2.00000000000000000000000000000000000         1.00000000000000000000000000000000000        -1.29234093250817029241125343561691379      
   2.00000000000000000000000000000000000         1.00000000000000000000000000000000000         1.80231028420261441784315294055285171      
   2.00000000000000000000000000000000000         1.00000000000000000000000000000000000         4.59172158038412892959715335844544293      
   2.00000000000000000000000000000000000         1.00000000000000000000000000000000000         7.10908751103806144554818875189225299      
   2.00000000000000000000000000000000000         1.00000000000000000000000000000000000         9.38399275445059879128414588646956380      
   2.00000000000000000000000000000000000         1.00000000000000000000000000000000000         11.4428046828986900260293495275176150      
   2.00000000000000000000000000000000000         1.00000000000000000000000000000000000         13.3090232416602877127743481324088194      
   2.00000000000000000000000000000000000         1.00000000000000000000000000000000000         15.0035927790104587566390409183342508      
   2.00000000000000000000000000000000000         1.00000000000000000000000000000000000         16.5451799649979564317838663659770338      
   2.00000000000000000000000000000000000         1.00000000000000000000000000000000000         17.9504214868155651832130167614506793      
   2.00000000000000000000000000000000000         1.00000000000000000000000000000000000         19.2341448075312918169135509452540341      
   2.00000000000000000000000000000000000         1.00000000000000000000000000000000000         20.4095649175146408634177098418537860      
   2.00000000000000000000000000000000000         1.00000000000000000000000000000000000         21.4884596893298616480478974253683020      
   2.00000000000000000000000000000000000         1.00000000000000000000000000000000000         22.4813261629490610850713990952342623      
