   22.9737534959399674009548193356237531         17.1471827079534170377562693763058990        -215.305189005574107152886578464312412      
   24.4140449767000570036156703499876469         17.2434578550364553765028704876637092        -191.671623741428293414215739452175094      
   25.9776295347950057313771139818299149         17.3814837661089377319855143675777897        -170.581787042483711528213811181717056      
   27.6504135075170153546188040657571167         17.5699584639315604469651034969593645        -151.757548973077312232837323216252756      
   29.4196062791441428997508110890341873         17.8170319857376091977870446022238408        -134.951178716963510060135978658814028      
   31.2759061658040912241038313756693882         18.1306665631056211491666884249464598        -119.942091470999175669117295982217762      
   33.2156149951895144633391720273496758         18.5198420048228879427419335573471617        -106.533881615481129309711364539411139      
   35.2425285337954315230398070831283969         18.9965763061350919398189724393261752        -94.5516187853329186839379558429572017      
   37.3694934987059044123558242044551044         19.5784804135189633861783603517106961        -83.8394044091973429800926738838628533      
   39.6196192659883090668329913376430269         20.2913955975194597870451607866013599        -74.2581993651198607369537486817328258      
   42.0272618401007801086189717713004559         21.1716414134217598562081598085714660        -65.6839344572701797091070909369073835      
   44.6390142519549371540305313062232407         22.2675135929784434034742013625898504        -58.0059049067925180498248766177043489      
   47.5149938587932814520116504040241061         23.6398288682252758329348704465510191        -51.1254311024529521298600559946266550      
   50.7306880810681113034159118173932502         25.3614388615421587409302749151736526        -44.9547440278818808038153704846751906      
   54.3795257899967660526452093049845199         27.5157168352063094601518540144368269        -39.4160300969660584828456842562290751      
   58.5762542048959376512560735020162399         30.1941111884023661342669026209162622        -34.4405558482707415329059316287409903      
   63.4612300493119982580061179838467897         33.4930094804963447839270487048031156        -29.9678000080795790443356374351346959      
   69.2059944575485303459073995995246529         37.5103514845641381442734083140463687        -25.9445544620621343079840649742447643      
   76.0210818163617465601647399622345642         42.3425759244316692357180921663437592        -22.3240064112835252389199465758335624      
   84.1679221998781721746360490924184109         48.0824704875785492647705514935423875        -19.0648569071310926568486311305206640      
   93.9777627079921098305808031140643061         54.8182862463800534330058206618183175        -16.1305422198697264430393181532492894      
   105.881260224791938006528937004660977         62.6341962058074139760226026657063229        -13.4885966736850692491431926365722487      
   120.451907166193453364664642677667324         71.6120674295229703215887224704906868        -11.1101418073877470962680344830209623      
   138.463694457147892055385267607475179         81.8347872052949727782974129580753480        -8.96943396009048632836272950801702336      
   160.957808281854943061556459729700427         93.3919930253976611891570928859942656        -7.04338140183749634307582459251561783      
   189.305445666387015879159910211172582         106.389583255068461637130193522740716        -5.31097567650900745607509167467753132      
   225.246579749005771651596649427138008         120.964158854533955690894660440684680        -3.75266771558857392648860186604783355      
   270.881478429370504363500511292996428         137.302045411657138169603068780644271        -2.34981561924213010014574885587031509      
   328.596169490026231453736597684729970         155.659880834617493802495643237697612        -1.08436847667196425438186952673424143      
   400.915400927052438931085592417379853         176.380888532981648518876742685251284         6.11147677356966541928434941287341672E-0002
   490.293954294785088778321127582293449         199.899381877682304510363010007665921         1.10314859006304348606893366555259717      
   598.873868819640945751209128457789943         226.727010079232362978352472199994430         2.05686137801254193789464399544056625      
   728.245562318872947055154883615568265         257.417974135471636940552555753012802         2.93558000877926145642651075747148826      
   879.251688148726994299120537194706061         292.515840586615213237431576338399138         3.75059322697321591769561577043407737      
   1051.86405884800801275846597006656912         332.489763884617326921964707248607281         4.51114064495005174451441382596014644      
   1245.14929848015185985933861174772884         377.671075540456941517812977530839576         5.22459712072966609171844326582150206      
   1457.32260754878530780203489236076076         428.201358356474716549571242273243823         5.89677894324093525562157278355937090      
   1685.87525983762918415821161515033195         484.000495536330942544380481786007599         6.53229056625601234319395414773897019      
   1927.75273588218162896544740796233958         544.758848034266624747275039080083962         7.13484811602896332270652704328931475      
   2179.55738793912611474000688332623327         609.953067621611334873195981301126481         7.70754366644250923565076408149414974      
   2437.75138386643489752969329300734421         678.881276479659132284195210377465267         8.25303979199276314637012757303384952      
   2698.84074348359285996710439537125122         750.711092223346007015430285093688190         8.77370076472895498924139436250504454      
   2959.52777051501632753050698880029484         824.533348704006636232479808501032445         9.27167439809036431571180057027536102      
   3216.82561696036330704686365536092791         899.415049933975541067432769005084520         9.74893958041460030382963780826105824      
   3468.13412732377148278004136294175268         974.446597820760947232189955510412159         10.2073321681485455427575858186247033      
   3711.28004411110156540780780857064548         1048.78015019521082482589961351373799         10.6485584930517768704073406578770165      
   3944.52706242038515405284930463319226         1121.65770041672920131180857269987881         11.0742025702267746190438571562147216      
   4166.56230327897162143597454495732904         1192.42888259359401816998126176799896         11.4857306578870395887812405811648408      
   4376.46585375030947794687080862693302         1260.55949805835529263434821914609852         11.8844951515897344373361757367036652      
   4573.66943629145916514589043812420990         1325.63233493374929845364856299248946         12.2717387497934828350916078427982908      
   4757.90931847188816862273925466863169         1387.34208102571136439043804737299927         12.6485992230285056162449317239467452      
   4929.17748681618226327570409350628008         1445.48610376494869727977063491215561         13.0161148005463818228458166901887593      
   5087.67404280658181827961165883695756         1499.95268225647716089568437761298562         13.3752300425937404813054842064886980      
   5233.76282919903858258868746013802223         1550.70800412402383031344583543239758         13.7268020179402350690889876077995284      
   5367.93150590380307351815442471197899         1597.78294232482662769949244110383347         14.0716066080697846619048880535086447      
   5490.75667769006829105389206762478409         1641.26034327665740979117928407973817         14.4103447840032395059224091280550166      
   5602.87422054155123204147537530505963         1681.26330963308476721309435535947303         14.7436487338627445225592616368847884      
   5704.95463794842885796939719255020289         1717.94475850381169771818751385771481         15.0720877512311517581769136813577253      
   5797.68307677128764464557782848858388         1751.47838002990001921092652237037401         15.3961738225797797027470713795301517      
   5881.74351866003701985884788913334462         1782.05100810915123979051766384775304         15.7163668753319758518118407950098770      
   5957.80661405447076117909736934383228         1809.85633831641708169118215531210416         16.0330796664775171037226520258609151      
   6026.52062195306098461213818520099938         1835.08988046709864674639786010058503         16.3466823055705011575361435080236307      
   6088.50494430412517171940009173331346         1857.94500788005545494082486783457794         16.6575064161368594516275008598383575      
   6144.34578715721469630732275526889462         1878.60995608781955680755881978974849         16.9658489467052178992202501291054904      
   6194.59353293379308451278189307708541         1897.26562545679193293764885242645368         17.2719756475064083734841128862372995      
   6239.76146328121398219177904424117142         1914.08405093893905033679654131846460         17.5761242319146323643538019116729625      
   6280.32552595940545629748043002660715         1929.22741498643669116378378878933457         17.8785072433783093573233580504813820      
   6316.72488961266061899382542136350088         1942.84749436581922708840340503104302         18.1793146492700971533093195553112901      
   6349.36307575138300782777434396987664         1955.08544672685826712250795751442028         18.4787161830537069429381608280593692      
   6378.60949723798081258368079328956132         1966.07185735238753617234384791785916         18.7768634556353165454661157364184290      
   6404.80126698027391397134723966297250         1975.92697996391189773157614193798788         19.0738918559029058115120659977361400      
   6428.24516965034131213814338971503509         1984.76111748587573064674758984458494         19.3699222593799586964630008752825744      
   6449.21971351653687982602758865279158         1992.67509917058823875711647406240270         19.6650625627210469896525180744694952      
   6467.97719943964370081810397770264871         1999.76081947183974699403663782983276         19.9594090605216276183856409420393317      
   6484.74576030351596344849538419791419         2006.10181161994418444123391891513944         20.2530476796500195430243540230178362      
   6499.73133717285718242985148854152436         2011.77383512772387452052360268066393         20.5460550850688821823881834430402314      
   6513.11956880318993747307612206364433         2016.84546159742040864624572304555399         20.8384996699188683570370122623608667      
   6525.07757922601670034337940536041157         2021.37864735705814239089703761797607         21.1304424415028332081270197806004110      
   6535.75565439486019338312299943303869         2025.42928477901856566201667042178627         21.4219378137435789766524802004323870      
   6545.28880364870865775799698342137926         2029.04772675891688413515351793440325         21.7130343156958906552806275729523027      
   6553.79820531931859859652617570932295         2032.27928087991164280840911471312106         22.0037752247758098373424353185215874      
   6561.39253842123067589958520792690827         2035.16467136137140654273420623146866         22.2941991325258015877117319390674535      
   6568.16920421962751776832368459684750         2037.74046808126979148852891950793367         22.5843404499613244960843647895469481      
   6574.21544273635538439350308734495163         2040.03948284462051622114784225210442         22.8742298588389885442845598617468781      
   6579.60935006263192922635886768809511         2042.09113370890383678479479027457087         23.1638947145450611494756314593454965      
   6584.42080280621643935252900810937695         2043.92177862390177953778361996797402         23.4533594057213237592622166794606232      
   6588.71229619750869142245665117732298         2045.55501994024097334366696800218008         23.7426456752188339222661982121310980      
   6592.53970238169236415484741494481259         2047.01198152273713772575608159914736         24.0317729064946735178323870778975209      
   6595.95295528657462573138386750270418         2048.31156029906366822886275064016859         24.3207583791380402340286075733737034      
   6598.99666822027465820638013589319511         2049.47065410342535615910042699942090         24.6096174968260229303117983462628066      
   6601.71069005191328712771223721322347         2050.50436765628320794794606739074157         24.8983639906622683393882389437090061      
   6604.13060548684294008668860328941318         2051.42619846845584212656322032679198         25.1870101005399155354225942775210126      
   6606.28818458454091259255356760405487         2052.24820438177529339485428511725549         25.4755667368903178050200354299237217      
   6608.21178629607270502464287289781273         2052.98115436710635454030281873176818         25.7640436249281156598505939829586636      
   6609.92672042924646113180321450102073         2053.63466410019634379521188762622376         26.0524494332783459817276627234592252      
   6611.45557209051389865832644187653077         2054.21731773119961137008997523739758         26.3407918886698872619519422296778820      
   6612.81849230834294117804163104747932         2054.73677715828608731138169262789615         26.6290778781992943900697532066660713      
   6614.03345821646484431113760941017624         2055.19988001200431252499651496892528         26.9173135405078277505293074965078582      
   6615.11650586903425083632653118162214         2055.61272745678984494722479623683143         27.2055043470702896737726452797083970      
   6616.08193847429450808169988190659262         2055.98076282037843227616190425418836         27.4936551746653907707717101383223454      
   6616.94251256904302494359513957119129         2056.30884197165021246439376399179188         27.7817703699821939149069661706582284      
