   1.00000000000000000000000000000000000         4.00000000000000000000000000000000000        -11355.1371119330240588730966137278490      
   1.00000000000000000000000000000000000         4.00000000000000000000000000000000000        -11355.1371119330240588730966137278490      
   1.00000000000000000000000000000000000         4.00000000000000000000000000000000000        -11355.1371119330240588730966137278490      
   1.00000000000000000000000000000000000         4.00000000000000000000000000000000000        -11355.1371119330240588730966137278490      
   1.00000000000000000000000000000000000         4.00000000000000000000000000000000000        -11355.1371119330240588730966137278490      
   1.00000000000000000000000000000000000         4.00000000000000000000000000000000000        -11355.1371119330240588730966137278490      
   1.00000000000000000000000000000000000         4.00000000000000000000000000000000000        -11355.1371119330240588730966137278490      
   1.00000000000000000000000000000000000         4.00000000000000000000000000000000000        -11355.1371119330240588730966137278490      
   1.00000000000000000000000000000000000         4.00000000000000000000000000000000000        -11355.1371119330240588730966137278490      
   1.00000000000000000000000000000000000         4.00000000000000000000000000000000000        -11355.1371119330240588730966137278490      
   1.00000000000000000000000000000000000         4.00000000000000000000000000000000000        -11355.1371119330240588730966137278490      
   1.00000000000000000000000000000000000         4.00000000000000000000000000000000000        -11355.1371119330240588730966137278490      
   1.00000000000000000000000000000000000         4.00000000000000000000000000000000000        -11355.1371119330240588730966137278490      
   1.00000000000000000000000000000000000         4.00000000000000000000000000000000000        -11355.1371119330240588730966137278490      
   1.00000000000000000000000000000000000         4.00000000000000000000000000000000000        -11355.1371119330240588730966137278490      
   1.00000000000000000000000000000000000         4.00000000000000000000000000000000000        -11355.1371119330240588730966137278490      
   1.00000000000000000000000000000000000         4.00000000000000000000000000000000000        -11355.1371119330240588730966137278490      
   1.00000000000000000000000000000000000         4.00000000000000000000000000000000000        -11355.1371119330240588730966137278490      
   1.00000000000000000000000000000000000         4.00000000000000000000000000000000000        -11355.1371119330240588730966137278490      
   1.00000000000000000000000000000000000         4.00000000000000000000000000000000000        -11355.1371119330240588730966137278490      
   1.00000000000000000000000000000000000         4.00000000000000000000000000000000000        -11355.1371119330240588730966137278490      
   1.00000000000000000000000000000000000         4.00000000000000000000000000000000000        -11355.1371119330240588730966137278490      
   1.00000000000000000000000000000000000         4.00000000000000000000000000000000000        -11355.1371119330240588730966137278490      
   1.00000000000000000000000000000000000         4.00000000000000000000000000000000000        -11355.1371119330240588730966137278490      
   1.00000000000000000000000000000000000         4.00000000000000000000000000000000000        -11355.1371119330240588730966137278490      
   1.00000000000000000000000000000000000         4.00000000000000000000000000000000000        -11355.1371119330240588730966137278490      
   1.00000000000000000000000000000000000         4.00000000000000000000000000000000000        -11355.1371119330240588730966137278490      
   1.00000000000000000000000000000000000         4.00000000000000000000000000000000000        -11355.1371119330240588730966137278490      
   1.00000000000000000000000000000000000         4.00000000000000000000000000000000000        -11355.1371119330240588730966137278490      
   1.00000000000000000000000000000000000         4.00000000000000000000000000000000000        -11355.1371119330240588730966137278490      
   1.00000000000000000000000000000000000         4.00000000000000000000000000000000000        -11355.1371119330240588730966137278490      
   1.00000000000000000000000000000000000         4.00000000000000000000000000000000000        -11242.1679988106271429391682451686864      
   1.00000000000000000000000000000000000         4.00000000000000000000000000000000000        -10018.1653557087037550119531962853761      
   1.00000000000000000000000000000000000         4.00000000000000000000000000000000000        -8927.24055126983913315498773296551080      
   1.00000000000000000000000000000000000         4.00000000000000000000000000000000000        -7954.92149538423686856425987738825951      
   1.00000000000000000000000000000000000         4.00000000000000000000000000000000000        -7088.30992416478481154289863266273551      
   1.00000000000000000000000000000000000         4.00000000000000000000000000000000000        -6315.91024782179764742331444911977743      
   1.00000000000000000000000000000000000         4.00000000000000000000000000000000000        -5627.47701117081763303464797484133657      
   1.00000000000000000000000000000000000         4.00000000000000000000000000000000000        -5013.87894266708955792125159244793229      
   1.00000000000000000000000000000000000         4.00000000000000000000000000000000000        -4466.97778797999636503224292857617827      
   1.00000000000000000000000000000000000         4.00000000000000000000000000000000000        -3979.52032030260458501388199419523387      
   1.00000000000000000000000000000000000         4.00000000000000000000000000000000000        -3545.04209443873793173789035911121784      
   1.00000000000000000000000000000000000         4.00000000000000000000000000000000000        -3157.78166754279010553046805908837834      
   1.00000000000000000000000000000000000         4.00000000000000000000000000000000000        -2812.60414827361053540195162090990377      
   1.00000000000000000000000000000000000         4.00000000000000000000000000000000000        -2504.93305990618392819489407366770380      
   1.00000000000000000000000000000000000         4.00000000000000000000000000000000000        -2230.68961326599315251347058524286491      
   1.00000000000000000000000000000000000         4.00000000000000000000000000000000000        -1986.23858367480004948437022829709721      
   1.00000000000000000000000000000000000         4.00000000000000000000000000000000000        -1768.34007372779791677327203412951773      
   1.00000000000000000000000000000000000         4.00000000000000000000000000000000000        -1574.10652182349569342062607590359939      
   1.00000000000000000000000000000000000         4.00000000000000000000000000000000000        -1400.96438597564549069095463210214181      
   1.00000000000000000000000000000000000         4.00000000000000000000000000000000000        -1246.61999447467729491143624973255401      
   1.00000000000000000000000000000000000         4.00000000000000000000000000000000000        -1109.02911025766599948116108944952361      
   1.00000000000000000000000000000000000         4.00000000000000000000000000000000000        -986.369805124511830548987560522542802      
   1.00000000000000000000000000000000000         4.00000000000000000000000000000000000        -877.018283857663538223838990151904243      
   1.00000000000000000000000000000000000         4.00000000000000000000000000000000000        -779.527337446141481625314180555527008      
   1.00000000000000000000000000000000000         4.00000000000000000000000000000000000        -692.607139501234445783726032044322641      
   1.00000000000000000000000000000000000         4.00000000000000000000000000000000000        -615.108131043973899232315589651373781      
   1.00000000000000000000000000000000000         4.00000000000000000000000000000000000        -546.005766555914067653996918184878831      
   1.00000000000000000000000000000000000         4.00000000000000000000000000000000000        -484.386918882579430003205255906886445      
   1.00000000000000000000000000000000000         4.00000000000000000000000000000000000        -429.437762590908280574852365481058997      
   1.00000000000000000000000000000000000         4.00000000000000000000000000000000000        -380.432975000207272433564248004312519      
   1.00000000000000000000000000000000000         4.00000000000000000000000000000000000        -336.726111590858776966513060457259008      
   1.00000000000000000000000000000000000         4.00000000000000000000000000000000000        -297.741028078302164206318806416323022      
   1.00000000000000000000000000000000000         4.00000000000000000000000000000000000        -262.964235328422377054015138559823577      
   1.00000000000000000000000000000000000         4.00000000000000000000000000000000000        -231.938085668717886193857359796951608      
   1.00000000000000000000000000000000000         4.00000000000000000000000000000000000        -204.254700181736978486262986915815726      
   1.00000000000000000000000000000000000         4.00000000000000000000000000000000000        -179.550556399655838043900927182586949      
   1.00000000000000000000000000000000000         4.00000000000000000000000000000000000        -157.501664581993794633339083727177008      
   1.00000000000000000000000000000000000         4.00000000000000000000000000000000000        -137.819268568601742158622463865933177      
   1.00000000000000000000000000000000000         4.00000000000000000000000000000000000        -120.246014160854891746203295447135441      
   1.00000000000000000000000000000000000         4.00000000000000000000000000000000000        -104.552534187796242028799433171524677      
   1.00000000000000000000000000000000000         4.00000000000000000000000000000000000        -90.5344049431332823463198931045696141      
   1.00000000000000000000000000000000000         4.00000000000000000000000000000000000        -78.0094336068560353136505161732195633      
   1.00000000000000000000000000000000000         4.00000000000000000000000000000000000        -66.8152406572093759416836350975037126      
   1.00000000000000000000000000000000000         4.00000000000000000000000000000000000        -56.8071051930953401423791300992140078      
   1.00000000000000000000000000000000000         4.00000000000000000000000000000000000        -47.8560445756428064187682912094415724      
   1.00000000000000000000000000000000000         4.00000000000000000000000000000000000        -39.8471029069549216241752229314946953      
   1.00000000000000000000000000000000000         4.00000000000000000000000000000000000        -32.6778256351871083268913317461932165      
   1.00000000000000000000000000000000000         4.00000000000000000000000000000000000        -26.2569000448918144223601414797419793      
   1.00000000000000000000000000000000000         4.00000000000000000000000000000000000        -20.5029435927628693400728283985072471      
   1.00000000000000000000000000000000000         4.00000000000000000000000000000000000        -15.3434240107309383864919926121806140      
   1.00000000000000000000000000000000000         4.00000000000000000000000000000000000        -10.7136968468342587003348498188233309      
   1.00000000000000000000000000000000000         4.00000000000000000000000000000000000        -6.55614767261676728486340037607762228      
   1.00000000000000000000000000000000000         4.00000000000000000000000000000000000        -2.81942757466695843018100955177574238      
   1.00000000000000000000000000000000000         4.00000000000000000000000000000000000        0.542228214265320795286792363163445861      
   1.00000000000000000000000000000000000         4.00000000000000000000000000000000000         3.56960758592524170549825368992902818      
   1.00000000000000000000000000000000000         4.00000000000000000000000000000000000         6.29906278709518588918648370190385499      
   1.00000000000000000000000000000000000         4.00000000000000000000000000000000000         8.76299279182322036969469208609691042      
   1.00000000000000000000000000000000000         4.00000000000000000000000000000000000         10.9902732161242557566183781108732530      
   1.00000000000000000000000000000000000         4.00000000000000000000000000000000000         13.0066394798607709373123189914050153      
   1.00000000000000000000000000000000000         4.00000000000000000000000000000000000         14.8350283001284660485047292576180826      
   1.00000000000000000000000000000000000         4.00000000000000000000000000000000000         16.4958820475565921562047073029655582      
   1.00000000000000000000000000000000000         4.00000000000000000000000000000000000         18.0074200041461469989236690347525963      
   1.00000000000000000000000000000000000         4.00000000000000000000000000000000000         19.3858801220726430755723811809761535      
   1.00000000000000000000000000000000000         4.00000000000000000000000000000000000         20.6457344914458767949548557194571145      
   1.00000000000000000000000000000000000         4.00000000000000000000000000000000000         21.7998813761529603067679636470863480      
   1.00000000000000000000000000000000000         4.00000000000000000000000000000000000         22.8598163659835789256792945135330318      
   1.00000000000000000000000000000000000         4.00000000000000000000000000000000000         23.8357849161221903948597076707151807      
   1.00000000000000000000000000000000000         4.00000000000000000000000000000000000         24.7369182981135499247648507360122833      
   1.00000000000000000000000000000000000         4.00000000000000000000000000000000000         25.5713547662882745724456060827877440      
   1.00000000000000000000000000000000000         4.00000000000000000000000000000000000         26.3463475474532978072557137000723983      
