   2.00000000000000000000000000000000000         1.00000000000000000000000000000000000        -11355.1371119330240588730966137278490      
   2.00000000000000000000000000000000000         1.00000000000000000000000000000000000        -11355.1371119330240588730966137278490      
   2.00000000000000000000000000000000000         1.00000000000000000000000000000000000        -11355.1371119330240588730966137278490      
   2.00000000000000000000000000000000000         1.00000000000000000000000000000000000        -11355.1371119330240588730966137278490      
   2.00000000000000000000000000000000000         1.00000000000000000000000000000000000        -11355.1371119330240588730966137278490      
   2.00000000000000000000000000000000000         1.00000000000000000000000000000000000        -11355.1371119330240588730966137278490      
   2.00000000000000000000000000000000000         1.00000000000000000000000000000000000        -11355.1371119330240588730966137278490      
   2.00000000000000000000000000000000000         1.00000000000000000000000000000000000        -11355.1371119330240588730966137278490      
   2.00000000000000000000000000000000000         1.00000000000000000000000000000000000        -11355.1371119330240588730966137278490      
   2.00000000000000000000000000000000000         1.00000000000000000000000000000000000        -11355.1371119330240588730966137278490      
   2.00000000000000000000000000000000000         1.00000000000000000000000000000000000        -11355.1371119330240588730966137278490      
   2.00000000000000000000000000000000000         1.00000000000000000000000000000000000        -11355.1371119330240588730966137278490      
   2.00000000000000000000000000000000000         1.00000000000000000000000000000000000        -11355.1371119330240588730966137278490      
   2.00000000000000000000000000000000000         1.00000000000000000000000000000000000        -11355.1371119330240588730966137278490      
   2.00000000000000000000000000000000000         1.00000000000000000000000000000000000        -11355.1371119330240588730966137278490      
   2.00000000000000000000000000000000000         1.00000000000000000000000000000000000        -10505.0524993336654028971425018069930      
   2.00000000000000000000000000000000000         1.00000000000000000000000000000000000        -9361.93742054126124129809670921390576      
   2.00000000000000000000000000000000000         1.00000000000000000000000000000000000        -8343.10373367660930239033919978108616      
   2.00000000000000000000000000000000000         1.00000000000000000000000000000000000        -7435.03595396013424081446448149088273      
   2.00000000000000000000000000000000000         1.00000000000000000000000000000000000        -6625.68839290270717110281098362734432      
   2.00000000000000000000000000000000000         1.00000000000000000000000000000000000        -5904.32531933792511428880215881874070      
   2.00000000000000000000000000000000000         1.00000000000000000000000000000000000        -5261.37850279217972522819771654971757      
   2.00000000000000000000000000000000000         1.00000000000000000000000000000000000        -4688.32024887958767401115952041398988      
   2.00000000000000000000000000000000000         1.00000000000000000000000000000000000        -4177.55024197861256789206276027145129      
   2.00000000000000000000000000000000000         1.00000000000000000000000000000000000        -3722.29469366144753559461965325032173      
   2.00000000000000000000000000000000000         1.00000000000000000000000000000000000        -3316.51645863709019388792619084516855      
   2.00000000000000000000000000000000000         1.00000000000000000000000000000000000        -2954.83492550128494456085467661630424      
   2.00000000000000000000000000000000000         1.00000000000000000000000000000000000        -2632.45461929225585579225252380121350      
   2.00000000000000000000000000000000000         1.00000000000000000000000000000000000        -2345.10156845152324086055385560983081      
   2.00000000000000000000000000000000000         1.00000000000000000000000000000000000        -2088.96659181803513253012355999281980      
   2.00000000000000000000000000000000000         1.00000000000000000000000000000000000        -1860.65475310848257498238428312365127      
   2.00000000000000000000000000000000000         1.00000000000000000000000000000000000        -1657.14031217546217004786020716915204      
   2.00000000000000000000000000000000000         1.00000000000000000000000000000000000        -1475.72657527405170162410366185143715      
   2.00000000000000000000000000000000000         1.00000000000000000000000000000000000        -1314.01011157422984113873360186445682      
   2.00000000000000000000000000000000000         1.00000000000000000000000000000000000        -1169.84886109400051281154237722611978      
   2.00000000000000000000000000000000000         1.00000000000000000000000000000000000        -1041.33371086487096004361742645972562      
   2.00000000000000000000000000000000000         1.00000000000000000000000000000000000        -926.763162162668713744260823161764886      
   2.00000000000000000000000000000000000         1.00000000000000000000000000000000000        -824.620752653241689714033048179831313      
   2.00000000000000000000000000000000000         1.00000000000000000000000000000000000        -733.554933858632353416993552312157543      
   2.00000000000000000000000000000000000         1.00000000000000000000000000000000000        -652.361136929927816306376178487152484      
   2.00000000000000000000000000000000000         1.00000000000000000000000000000000000        -579.965788750487780485523271967640213      
   2.00000000000000000000000000000000000         1.00000000000000000000000000000000000        -515.412066272951411440010803702084868      
   2.00000000000000000000000000000000000         1.00000000000000000000000000000000000        -457.847200058730376178854960049861502      
   2.00000000000000000000000000000000000         1.00000000000000000000000000000000000        -406.511158545671035427493259996955231      
   2.00000000000000000000000000000000000         1.00000000000000000000000000000000000        -360.726562890992702058296925256190298      
   2.00000000000000000000000000000000000         1.00000000000000000000000000000000000        -319.889698565595137748175554977022943      
   2.00000000000000000000000000000000000         1.00000000000000000000000000000000000        -283.462504429052782676016379515484040      
   2.00000000000000000000000000000000000         1.00000000000000000000000000000000000        -250.965432985188043659704140195323689      
   2.00000000000000000000000000000000000         1.00000000000000000000000000000000000        -221.971087078152952027082249337533221      
   2.00000000000000000000000000000000000         1.00000000000000000000000000000000000        -196.098548591842311054587195737180153      
   2.00000000000000000000000000000000000         1.00000000000000000000000000000000000        -173.008323897925225160361244011611302      
   2.00000000000000000000000000000000000         1.00000000000000000000000000000000000        -152.397838981661354527456812377509046      
   2.00000000000000000000000000000000000         1.00000000000000000000000000000000000        -133.997424468558477545629133807085900      
   2.00000000000000000000000000000000000         1.00000000000000000000000000000000000        -117.566737275614461357640103769735880      
   2.00000000000000000000000000000000000         1.00000000000000000000000000000000000        -102.891571404629698385468957267250181      
   2.00000000000000000000000000000000000         1.00000000000000000000000000000000000        -89.7810155587549129692244381519587625      
   2.00000000000000000000000000000000000         1.00000000000000000000000000000000000        -78.0649198655728581998367537835105266      
   2.00000000000000000000000000000000000         1.00000000000000000000000000000000000        -67.5916380916683256573619522466653668      
   2.00000000000000000000000000000000000         1.00000000000000000000000000000000000        -58.2260153892455618882059786212460084      
   2.00000000000000000000000000000000000         1.00000000000000000000000000000000000        -49.8475948734132780376922172000935015      
   2.00000000000000000000000000000000000         1.00000000000000000000000000000000000        -42.3490192325074443161549025094902648      
   2.00000000000000000000000000000000000         1.00000000000000000000000000000000000        -35.6346061617919772721516316442827588      
   2.00000000000000000000000000000000000         1.00000000000000000000000000000000000        -29.6190787174080436065840232404084230      
   2.00000000000000000000000000000000000         1.00000000000000000000000000000000000        -24.2264337431402793919958291964658035      
   2.00000000000000000000000000000000000         1.00000000000000000000000000000000000        -19.3889333547106159156241716837373209      
   2.00000000000000000000000000000000000         1.00000000000000000000000000000000000        -15.0462060992090293451600106171686004      
   2.00000000000000000000000000000000000         1.00000000000000000000000000000000000        -11.1444458625929636984920690323627112      
   2.00000000000000000000000000000000000         1.00000000000000000000000000000000000        -7.63569789524465965740882106169468682      
   2.00000000000000000000000000000000000         1.00000000000000000000000000000000000        -4.47722248157932035469460793726364592      
   2.00000000000000000000000000000000000         1.00000000000000000000000000000000000        -1.63092780998642611799307853857635202      
   2.00000000000000000000000000000000000         1.00000000000000000000000000000000000        0.937135482367112610881540672632522829      
   2.00000000000000000000000000000000000         1.00000000000000000000000000000000000         3.25722479695532981362400787469474666      
   2.00000000000000000000000000000000000         1.00000000000000000000000000000000000         5.35630707122744765125879977038904516      
   2.00000000000000000000000000000000000         1.00000000000000000000000000000000000         7.25841661348367940950972681277604253      
   2.00000000000000000000000000000000000         1.00000000000000000000000000000000000         8.98497402354398584617886550167660071      
   2.00000000000000000000000000000000000         1.00000000000000000000000000000000000         10.5550704310932945272553414518577349      
   2.00000000000000000000000000000000000         1.00000000000000000000000000000000000         11.9857208233733301436461339273545497      
   2.00000000000000000000000000000000000         1.00000000000000000000000000000000000         13.2920898237256135373456381196910525      
   2.00000000000000000000000000000000000         1.00000000000000000000000000000000000         14.4876929169297200537132595208849839      
   2.00000000000000000000000000000000000         1.00000000000000000000000000000000000         15.5845757914747785782166597016522257      
   2.00000000000000000000000000000000000         1.00000000000000000000000000000000000         16.5934741785271920898224152093645381      
   2.00000000000000000000000000000000000         1.00000000000000000000000000000000000         17.5239563085605689336747663345372688      
   2.00000000000000000000000000000000000         1.00000000000000000000000000000000000         18.3845498759607924396835512135767160      
   2.00000000000000000000000000000000000         1.00000000000000000000000000000000000         19.1828551963493990005943946566229587      
   2.00000000000000000000000000000000000         1.00000000000000000000000000000000000         19.9256460581541954876835844465477966      
   2.00000000000000000000000000000000000         1.00000000000000000000000000000000000         20.6189596066661842841820245918566586      
   2.00000000000000000000000000000000000         1.00000000000000000000000000000000000         21.2681764532896209883008427889892323      
   2.00000000000000000000000000000000000         1.00000000000000000000000000000000000         21.8780920729862815318611916247080404      
   2.00000000000000000000000000000000000         1.00000000000000000000000000000000000         22.4529804373146456015846369758031278      
   2.00000000000000000000000000000000000         1.00000000000000000000000000000000000         22.9966507274357651647068139543238476      
   2.00000000000000000000000000000000000         1.00000000000000000000000000000000000         23.5124978796329491770462999140967262      
   2.00000000000000000000000000000000000         1.00000000000000000000000000000000000         24.0035476340536010367725706729549348      
   2.00000000000000000000000000000000000         1.00000000000000000000000000000000000         24.4724966844426429599880739011763659      
   2.00000000000000000000000000000000000         1.00000000000000000000000000000000000         24.9217484616300962752651906440670520      
   2.00000000000000000000000000000000000         1.00000000000000000000000000000000000         25.3534450255979570583841285516090983      
   2.00000000000000000000000000000000000         1.00000000000000000000000000000000000         25.7694954893147180659438001852792035      
   2.00000000000000000000000000000000000         1.00000000000000000000000000000000000         26.1716013515045517670349034714808792      
   2.00000000000000000000000000000000000         1.00000000000000000000000000000000000         26.5612790745016102458568779293665216      
   2.00000000000000000000000000000000000         1.00000000000000000000000000000000000         26.9398802067838510369456641081379035      
   2.00000000000000000000000000000000000         1.00000000000000000000000000000000000         27.3086093172001870288480281648666148      
   2.00000000000000000000000000000000000         1.00000000000000000000000000000000000         27.6685399788672585194606277542898391      
