   4.00000000000000000000000000000000000         5.00000000000000000000000000000000000        -11355.1371119330240588730966137278490      
   4.00000000000000000000000000000000000         5.00000000000000000000000000000000000        -11355.1371119330240588730966137278490      
   4.00000000000000000000000000000000000         5.00000000000000000000000000000000000        -11355.1371119330240588730966137278490      
   4.00000000000000000000000000000000000         5.00000000000000000000000000000000000        -11355.1371119330240588730966137278490      
   4.00000000000000000000000000000000000         5.00000000000000000000000000000000000        -11355.1371119330240588730966137278490      
   4.00000000000000000000000000000000000         5.00000000000000000000000000000000000        -11355.1371119330240588730966137278490      
   4.00000000000000000000000000000000000         5.00000000000000000000000000000000000        -11355.1371119330240588730966137278490      
   4.00000000000000000000000000000000000         5.00000000000000000000000000000000000        -11355.1371119330240588730966137278490      
   4.00000000000000000000000000000000000         5.00000000000000000000000000000000000        -11355.1371119330240588730966137278490      
   4.00000000000000000000000000000000000         5.00000000000000000000000000000000000        -11355.1371119330240588730966137278490      
   4.00000000000000000000000000000000000         5.00000000000000000000000000000000000        -11355.1371119330240588730966137278490      
   4.00000000000000000000000000000000000         5.00000000000000000000000000000000000        -11355.1371119330240588730966137278490      
   4.00000000000000000000000000000000000         5.00000000000000000000000000000000000        -11355.1371119330240588730966137278490      
   4.00000000000000000000000000000000000         5.00000000000000000000000000000000000        -11355.1371119330240588730966137278490      
   4.00000000000000000000000000000000000         5.00000000000000000000000000000000000        -11355.1371119330240588730966137278490      
   4.00000000000000000000000000000000000         5.00000000000000000000000000000000000        -11355.1371119330240588730966137278490      
   4.00000000000000000000000000000000000         5.00000000000000000000000000000000000        -11355.1371119330240588730966137278490      
   4.00000000000000000000000000000000000         5.00000000000000000000000000000000000        -11355.1371119330240588730966137278490      
   4.00000000000000000000000000000000000         5.00000000000000000000000000000000000        -11355.1371119330240588730966137278490      
   4.00000000000000000000000000000000000         5.00000000000000000000000000000000000        -11355.1371119330240588730966137278490      
   4.00000000000000000000000000000000000         5.00000000000000000000000000000000000        -11355.1371119330240588730966137278490      
   4.00000000000000000000000000000000000         5.00000000000000000000000000000000000        -11355.1371119330240588730966137278490      
   4.00000000000000000000000000000000000         5.00000000000000000000000000000000000        -11355.1371119330240588730966137278490      
   4.00000000000000000000000000000000000         5.00000000000000000000000000000000000        -11355.1371119330240588730966137278490      
   4.00000000000000000000000000000000000         5.00000000000000000000000000000000000        -11355.1371119330240588730966137278490      
   4.00000000000000000000000000000000000         5.00000000000000000000000000000000000        -11355.1371119330240588730966137278490      
   4.00000000000000000000000000000000000         5.00000000000000000000000000000000000        -11355.1371119330240588730966137278490      
   4.00000000000000000000000000000000000         5.00000000000000000000000000000000000        -11355.1371119330240588730966137278490      
   4.00000000000000000000000000000000000         5.00000000000000000000000000000000000        -11355.1371119330240588730966137278490      
   4.00000000000000000000000000000000000         5.00000000000000000000000000000000000        -11355.1371119330240588730966137278490      
   4.00000000000000000000000000000000000         5.00000000000000000000000000000000000        -11355.1371119330240588730966137278490      
   4.00000000000000000000000000000000000         5.00000000000000000000000000000000000        -10335.3280682793094747703461787639591      
   4.00000000000000000000000000000000000         5.00000000000000000000000000000000000        -9210.06990844490159976362361004187981      
   4.00000000000000000000000000000000000         5.00000000000000000000000000000000000        -8207.15121735374211697115792408977403      
   4.00000000000000000000000000000000000         5.00000000000000000000000000000000000        -7313.26769255078680198788811297218855      
   4.00000000000000000000000000000000000         5.00000000000000000000000000000000000        -6516.56186199176239599881472674232899      
   4.00000000000000000000000000000000000         5.00000000000000000000000000000000000        -5806.46574259331569567428723920384615      
   4.00000000000000000000000000000000000         5.00000000000000000000000000000000000        -5173.56060951822660586343133398064777      
   4.00000000000000000000000000000000000         5.00000000000000000000000000000000000        -4609.45201541929910710574451615999696      
   4.00000000000000000000000000000000000         5.00000000000000000000000000000000000        -4106.65840122323041557807348427069825      
   4.00000000000000000000000000000000000         5.00000000000000000000000000000000000        -3658.51182038723638935688726275835687      
   4.00000000000000000000000000000000000         5.00000000000000000000000000000000000        -3259.06945929963499677725008145880253      
   4.00000000000000000000000000000000000         5.00000000000000000000000000000000000        -2903.03477975386063460413527235534111      
   4.00000000000000000000000000000000000         5.00000000000000000000000000000000000        -2585.68723710445048288643547870082908      
   4.00000000000000000000000000000000000         5.00000000000000000000000000000000000        -2302.81964150763357415332642027050783      
   4.00000000000000000000000000000000000         5.00000000000000000000000000000000000        -2050.68233106824226735399998511859787      
   4.00000000000000000000000000000000000         5.00000000000000000000000000000000000        -1825.93341610452404421736196381600067      
   4.00000000000000000000000000000000000         5.00000000000000000000000000000000000        -1625.59443430247748854390668765254207      
   4.00000000000000000000000000000000000         5.00000000000000000000000000000000000        -1447.01082833055283159186485244984962      
   4.00000000000000000000000000000000000         5.00000000000000000000000000000000000        -1287.81672147667652979935245223204603      
   4.00000000000000000000000000000000000         5.00000000000000000000000000000000000        -1145.90352390170425610719651122269505      
   4.00000000000000000000000000000000000         5.00000000000000000000000000000000000        -1019.39195293335934544104023504639701      
   4.00000000000000000000000000000000000         5.00000000000000000000000000000000000        -906.607096126956727800915954135539018      
   4.00000000000000000000000000000000000         5.00000000000000000000000000000000000        -806.056186194878949382217361501676473      
   4.00000000000000000000000000000000000         5.00000000000000000000000000000000000        -716.408792891621587744438356351265701      
   4.00000000000000000000000000000000000         5.00000000000000000000000000000000000        -636.479169012757317006078993689627935      
   4.00000000000000000000000000000000000         5.00000000000000000000000000000000000        -565.210516249950816834174220897126559      
   4.00000000000000000000000000000000000         5.00000000000000000000000000000000000        -501.660962119480077713636606336155758      
   4.00000000000000000000000000000000000         5.00000000000000000000000000000000000        -444.991061886625497698415900515438838      
   4.00000000000000000000000000000000000         5.00000000000000000000000000000000000        -394.452659644056798406196773287856900      
   4.00000000000000000000000000000000000         5.00000000000000000000000000000000000        -349.378960737495565644626127097970726      
   4.00000000000000000000000000000000000         5.00000000000000000000000000000000000        -309.175683805773596247210384929363364      
   4.00000000000000000000000000000000000         5.00000000000000000000000000000000000        -273.313175028234329890446879980365165      
   4.00000000000000000000000000000000000         5.00000000000000000000000000000000000        -241.319379940331484579224876576261984      
   4.00000000000000000000000000000000000         5.00000000000000000000000000000000000        -212.773579557687963566461946694577857      
   4.00000000000000000000000000000000000         5.00000000000000000000000000000000000        -187.300807690787002747077279140734894      
   4.00000000000000000000000000000000000         5.00000000000000000000000000000000000        -164.566875371453350293961452971823162      
   4.00000000000000000000000000000000000         5.00000000000000000000000000000000000        -144.273936368286864587163901316825304      
   4.00000000000000000000000000000000000         5.00000000000000000000000000000000000        -126.156534948132568752507693757904084      
   4.00000000000000000000000000000000000         5.00000000000000000000000000000000000        -109.978083439783108433804429697471745      
   4.00000000000000000000000000000000000         5.00000000000000000000000000000000000        -95.5277228593240509251368115578846273      
   4.00000000000000000000000000000000000         5.00000000000000000000000000000000000        -82.6175249395277297190691599016028256      
   4.00000000000000000000000000000000000         5.00000000000000000000000000000000000        -71.0799984359256378156047077718650540      
   4.00000000000000000000000000000000000         5.00000000000000000000000000000000000        -60.7658666197560298342828244698268095      
   4.00000000000000000000000000000000000         5.00000000000000000000000000000000000        -51.5420864664684635310528999161337436      
   4.00000000000000000000000000000000000         5.00000000000000000000000000000000000        -43.2900832556202063177649396113179685      
   4.00000000000000000000000000000000000         5.00000000000000000000000000000000000        -35.9041771563777261611224382934158508      
   4.00000000000000000000000000000000000         5.00000000000000000000000000000000000        -29.2901809203688221096166527986667839      
   4.00000000000000000000000000000000000         5.00000000000000000000000000000000000        -23.3641500741215339686425581779430884      
   4.00000000000000000000000000000000000         5.00000000000000000000000000000000000        -18.0512690269028338999686214165329022      
   4.00000000000000000000000000000000000         5.00000000000000000000000000000000000        -13.2848583132848804843595327588922973      
   4.00000000000000000000000000000000000         5.00000000000000000000000000000000000        -9.00548979715085340516593450337962507      
   4.00000000000000000000000000000000000         5.00000000000000000000000000000000000        -5.16019809643509663003755996982771060      
   4.00000000000000000000000000000000000         5.00000000000000000000000000000000000        -1.70177776468298195946333559076544787      
   4.00000000000000000000000000000000000         5.00000000000000000000000000000000000         1.41184309654320028126498143605495308      
   4.00000000000000000000000000000000000         5.00000000000000000000000000000000000         4.21816110619512650265547223009124567      
   4.00000000000000000000000000000000000         5.00000000000000000000000000000000000         6.75059516109032188741907888563437075      
   4.00000000000000000000000000000000000         5.00000000000000000000000000000000000         9.03892988436880059755085808978621084      
   4.00000000000000000000000000000000000         5.00000000000000000000000000000000000         11.1097108493460603204685028843302963      
   4.00000000000000000000000000000000000         5.00000000000000000000000000000000000         12.9865968231428364917908533290255180      
   4.00000000000000000000000000000000000         5.00000000000000000000000000000000000         14.6906737041505723821096391816362197      
   4.00000000000000000000000000000000000         5.00000000000000000000000000000000000         16.2407343190920346421684283859163692      
   4.00000000000000000000000000000000000         5.00000000000000000000000000000000000         17.6535277924140739719668976375421812      
   4.00000000000000000000000000000000000         5.00000000000000000000000000000000000         18.9439817969928649095511100063979771      
   4.00000000000000000000000000000000000         5.00000000000000000000000000000000000         20.1254006352834516793261265004192755      
   4.00000000000000000000000000000000000         5.00000000000000000000000000000000000         21.2096417793301075401069465695528442      
   4.00000000000000000000000000000000000         5.00000000000000000000000000000000000         22.2072732122161856952232207399950478      
   4.00000000000000000000000000000000000         5.00000000000000000000000000000000000         23.1277136587789062398258233281219558      
   4.00000000000000000000000000000000000         5.00000000000000000000000000000000000         23.9793575663654651933752568288463048      
   4.00000000000000000000000000000000000         5.00000000000000000000000000000000000         24.7696864940491653396946745436393128      
   4.00000000000000000000000000000000000         5.00000000000000000000000000000000000         25.5053683883727908207076074480553638      
