   17.8253108846741450996578887330764900         16.0000000002510949185368692884845753        -432.260116937578203467789983876040093      
   18.1313165894657723541579916885735309         16.0000000037024361672326524361561171        -384.974657909895500469225695575714077      
   18.4984965875308924804101030239707087         16.0000000407426903544049954288295312        -342.805026323745719034293292026049370      
   18.9250953214412412388857469966244452         16.0000003454214726303133190361144408        -305.194932940459692493134305256697212      
   19.4066751561958843745105421457372015         16.0000023212119361714808909541275982        -271.648409615237083288788038693243957      
   19.9365610765543635237139940341551842         16.0000126808166829071588768559084192        -241.723280818721151875305533043924450      
   20.5064432037470008266191864195106782         16.0000576069481258340792562769552726        -215.025354136309090930928349011146304      
   21.1070688891274291139023039358384486         16.0002220716828243027679590750047398        -191.203243639611936494544220013272417      
   21.7289899588979114231320299778674229         16.0007397591011169559247346023659759        -169.943751528990032608310383436340624      
   22.3633698349091551677470469455545397         16.0021644960006184260711822549235633        -150.967744265040957478014385319627804      
   23.0028759501157705561693677140492902         16.0056451858730284369408626482836163        -134.026468704414290093968359583678767      
   23.6426657918621226325590011080953314         16.0132987565402269790612611157715863        -118.898261212766588999960676444260844      
   24.2814217237159084655232082202222617         16.0286379370790180020199249595452821        -105.385608483410104087661795402279526      
   24.9223273923320262781534048566278286         16.0569814632284769944176623017640166        -93.3125232358405797225567320223673974      
   25.5738427349839331887901816330565686         16.1057706120906298226141777506287497        -82.5222015094204407692009789170799710      
   26.2501470651655237736133185012020977         16.1847426787152353597966416382140953        -72.8749311843988891266303435445338345      
   26.9711823285767001837497609982526578         16.3059642708181677795313289894797450        -64.2462237989565223465711179298604335      
   27.7623367440225826908463888595125230         16.4838040064796342930562148357467974        -56.5251436174537085775424143280493085      
   28.6539574892315224181390990138883281         16.7350369168373766900071699085940915        -49.6128086871091723443946384004169536      
   29.6810424037955150090702990394753224         17.0794347337817160659682575795298369        -43.4210373135541559330080334686208252      
   30.8835596007594768690359907523943305         17.5413928804641737333348435784553247        -37.8711100338133813211339664254773451      
   32.3077805102828829264225106362375509         18.1533095209946314448287092516242817        -32.8926157866005322026650537519174284      
   34.0087437027878059793277060595057786         18.9614488846758412077603933610888094        -28.4223614734410896806502880224717829      
   36.0535780923088122497967298439988924         20.0347620051536545690951337632052084        -24.4033588767032124074234117623648142      
   38.5250836096736153999220599243837400         21.4765143945699725925201082159869868        -20.7839652282603953946460584954190349      
   41.5248372364150597483979188872560289         23.4375903513279091789608874038106927        -17.5173187804858479409165418321288846      
   45.1751515038429974895897282987554902         26.1291750475950507065646137771056691        -14.5612112898478823750073940250751226      
   49.6193150368610604036995109169036982         29.8315275125863340489811815014148144        -11.8783932460544473770682655863750056      
   55.0195586338350679821010423529094687         34.8952695154689382302401187450773451        -9.43702560455610451000064681816488796      
   61.5521456000997978574376880989927123         41.7324811254984059600401100486034730        -7.21078276018788682442267830530425438      
   69.3990749116860880605969607717785183         50.7969736199716208779876758410518648        -5.17824843694312118492582336049978655      
   78.7363087255264819989385172252347935         62.5558462405561018548185223146384237        -3.32169924933519724201456135359595683      
   89.7192079519936950578663940240822177         77.4567752196718096394952803289465261        -1.62574317353547057569537356390377271      
   102.466754285545974275238249605344905         95.8964045210937475196601043540781011        -7.62703121151911990786489634437447798E-0002
   117.046796581206679943960752740473575         118.194313194577805050074943654265226         1.34010596658658492890976231652118575      
   133.464691861761317495632005452948800         144.574827916008289650802074212126715         2.63619892420574874693978949993288198      
   151.657237068412649556481276397160522         175.156538234011229858987699621973212         3.82417089995611596342088457764627044      
   171.492859119782610439419860649985477         209.947813537202689649378523840957072         4.91538637862029472851671554301950386      
   192.777939044888045073745261956968876         248.846366477534469457870469421565557         5.92028858605336352190740564913120120      
   215.268188464026628501098045076347268         291.641681002962176282870551108011869         6.84833572603895655887710928581931512      
   238.683375596350181902793502910236215         338.020221547103922751317905759353622         7.70799853737037828611896799320091732      
   262.723481277726946795795437067561777         387.574088157421976284201972257942256         8.50680535849713676004380826161103268      
   287.084505354572050299910544260290689         439.813848779822741668624219227937031         9.25141706940289834579827605132147407      
   311.472524886250362106414489142948430         494.185731866385613567655142607346332         9.94771624199798028922135526235734881      
   335.615095752377146049144211381582223         550.092519803813845652709862757601032         10.6008988984829113625025286768741335      
   359.269576367361559743213427470822663         606.916710429247058325350204695422687         11.2155614910197471517891499386757587      
   382.228361543840780056837315993843608         664.044063575465256401784324442076096         11.7957791958182305829613523699321229      
   404.321310480067353462385815386698869         720.885608234483404240115325188185693         12.3451741016604650601090246157666689      
   425.415830955773464282708031256974097         776.896496935764731042436943228991811         12.8669734313582178815132679008909895      
   445.415157654957153188664931579447127         831.590621871315904232624988584990693         13.3640587655570484795362978438215201      
   464.255361058065854708178802333507202         884.550502320552049407455170270684976         13.8390075687031357682532796237916322      
   481.901571084776243848001991968162663         935.432494411334002144306549362367987         14.2941283435855721809643026633957234      
   498.343819941122115853588228108831043         983.967789209113736654951971831366305         14.7314906096696763446671666198764939      
   513.592819393277274950623833622057363         1029.95992707894567927057628753254266         15.1529507073037945731477391297697967      
   527.675901219780532982960798701260387         1073.27967353215560737169909473507520         15.5601742305095383758481387518757845      
   540.633273145912875512333114046293239         1113.85810282471906332555712387679233         15.9546557131189784949568396433239519      
   552.514679527330850465394330916700325         1151.67865630237882609316499304117601         16.3377360467248274111839673261505524      
   563.376507123586001839655558576159076         1186.76881733571741067735354423402227         16.7106179948512270822149265392368606      
   573.279340520912733256893338515078858         1219.19190182358074460828208931213281         17.0743800820020801279039571648257706      
   582.285947290844490051708824366533349         1249.03932285661598377815524728577020         17.4299890733564482894935233481630258      
   590.459657651398630275284694997448927         1276.42356277626124547888260301249749         17.7783112154725169077246006951607626      
   597.863095106554484087351058371774927         1301.47198182935418303704486207829404         18.1201223758006981175549085966128880      
   604.557211378997038868834150706134899         1324.32151164345063698796002837994263         18.4561171954108027283476137150833885      
   610.600579333630219224137561971174322         1345.11422263159289591624892973215252         18.7869173523320106719106735290188849      
   616.048900256258367079841563522500425         1363.99371434768406639722169861646109         19.1130790202745403118604232848979848      
   620.954685848857963656339375906381290         1381.10225325242203969933764124228873         19.4350995978328217625493417833646306      
   625.367079937745363625027095173169490         1396.57856976888074967785121809115824         19.7534237755916732708532747763886988      
   629.331789684507715492814095938811191         1410.55622268251640036144437936166352         20.0684490022201555635880800887111230      
   632.891100728395383546349683378616202         1423.16244114616116405268244063534865         20.3805304052171333263644282626980274      
   636.083954983558383751438530514814128         1434.51736060591580565797213495143789         20.6899852171953375593265757308135129      
   638.946073664901143266475298823107836         1444.73357720718114215607583922925376         20.9970967542855212926373592884997944      
   641.510111483996635459210965246666301         1453.91595446279475096061407080287563         21.3021179893035187138166912979213345      
   643.805830843662071103280217572274864         1462.16162533119196891027577281343860         21.6052747586865550175351872790287740      
   645.860287293769979847350828196056355         1469.56014181743496950374506184679904         21.9067686388322993009392997914957740      
   647.698019532951477911589392788722136         1476.19373244906316439647616946738908         22.2067795243410993949468976961636574      
   649.341238898668531497970547025874313         1482.13763532570628891667857102632301         22.5054679377530517332465714481425071      
   650.810014630577101512910234931672872         1487.46048083958876321653293838941810         22.8029770976757159391142154602831489      
   652.122452266157164056563464570715974         1492.22470362880078741735254776055253         23.0994347697058833141169982897900608      
   653.294863376506958274019995394604634         1496.48696791602657038493263029986975         23.3949549222508684290985185606980738      
   654.341925512621804865218690650702899         1500.29859418597617194050025696883579         23.6896392072422062330350800799256246      
   655.276831742126252582520993727038408         1503.70597825911245477982731797146173         23.9835782837979279749631510243975107      
   656.111429542214089333351471993178965         1506.75099632271721389554783981443527         24.2768530011188959990463569264465097      
   656.856349100899277445973998486722223         1509.47139147382228447839897891188330         24.5695354552898500351675307673741222      
   657.521121285973929024719912596473939         1511.90113889534199428308147234368113         24.8616899331865645784047850489058210      
   658.114285686133851622030163681986403         1514.07078800101573396611218984159037         25.1533737553565625370027395334173501      
   658.643489225328405345488692682066931         1516.00778081103678549246503111913059         25.4446380285320596706140737094407278      
   659.115575910674764571589533378508197         1517.73674651370474398531239675393465         25.7355283173403969296079271912037713      
   659.536668305216765941627827274878489         1519.27977267563177835273616915985137         26.0260852437897053135417477361919997      
   659.912241326560262405653767073160191         1520.65665392271576619707336293861554         26.3163450222169465852029635914181938      
   660.247188966642282771020742826893122         1521.88511915820158473068786418204447         26.6063399365832933229694894007042182      
   660.545884511034010229256701228841502         1522.98103853874790050974507194192534         26.8960987662800968610369317757002229      
   660.812234811694447253493097513874049         1523.95861151558183086419636050176607         27.1856471659600312707831166047599140      
   661.049729137645493277344707964060436         1524.83053728246608468675676754875460         27.4750080043255310953435213888388392      
   661.261483095658386106925201492714321         1525.60816896877152126701757716774424         27.7642016662840308052903074548343923      
   661.450278079250624615861222088335050         1526.30165288504969304105326586881251         28.0532463224109529428204758565245133      
   661.618596670218830003361576677952482         1526.92005407842676090043601324639115         28.3421581692415616519553005802456305      
   661.768654383392525294437745683170599         1527.47146939231178684493036611912456         28.6309516435368477668871449777195291      
   661.902428112860586961384673351679179         1527.96312915424503969834092717189251         28.9196396133321278663631609396368792      
   662.021681606983700749717222939218843         1528.40148854092293812580475230761821         29.2082335482760177071879880841667306      
   662.127988270307669032192335388833500         1528.79230959329342897002746831056017         29.4967436714982530876848187478222425      
   662.222751563171479224753127768719441         1529.14073477914006131827233656592671         29.7851790950041995586267344928407350      
