   1.00000000000000000000000000000000000         2.00000000000000000000000000000000000        -11355.1371119330240588730966137278490      
   1.00000000000000000000000000000000000         2.00000000000000000000000000000000000        -11355.1371119330240588730966137278490      
   1.00000000000000000000000000000000000         2.00000000000000000000000000000000000        -11355.1371119330240588730966137278490      
   1.00000000000000000000000000000000000         2.00000000000000000000000000000000000        -11355.1371119330240588730966137278490      
   1.00000000000000000000000000000000000         2.00000000000000000000000000000000000        -11355.1371119330240588730966137278490      
   1.00000000000000000000000000000000000         2.00000000000000000000000000000000000        -11355.1371119330240588730966137278490      
   1.00000000000000000000000000000000000         2.00000000000000000000000000000000000        -11355.1371119330240588730966137278490      
   1.00000000000000000000000000000000000         2.00000000000000000000000000000000000        -11355.1371119330240588730966137278490      
   1.00000000000000000000000000000000000         2.00000000000000000000000000000000000        -11355.1371119330240588730966137278490      
   1.00000000000000000000000000000000000         2.00000000000000000000000000000000000        -11355.1371119330240588730966137278490      
   1.00000000000000000000000000000000000         2.00000000000000000000000000000000000        -11355.1371119330240588730966137278490      
   1.00000000000000000000000000000000000         2.00000000000000000000000000000000000        -11355.1371119330240588730966137278490      
   1.00000000000000000000000000000000000         2.00000000000000000000000000000000000        -11355.1371119330240588730966137278490      
   1.00000000000000000000000000000000000         2.00000000000000000000000000000000000        -11355.1371119330240588730966137278490      
   1.00000000000000000000000000000000000         2.00000000000000000000000000000000000        -11355.1371119330240588730966137278490      
   1.00000000000000000000000000000000000         2.00000000000000000000000000000000000        -11355.1371119330240588730966137278490      
   1.00000000000000000000000000000000000         2.00000000000000000000000000000000000        -11355.1371119330240588730966137278490      
   1.00000000000000000000000000000000000         2.00000000000000000000000000000000000        -11355.1371119330240588730966137278490      
   1.00000000000000000000000000000000000         2.00000000000000000000000000000000000        -11355.1371119330240588730966137278490      
   1.00000000000000000000000000000000000         2.00000000000000000000000000000000000        -11355.1371119330240588730966137278490      
   1.00000000000000000000000000000000000         2.00000000000000000000000000000000000        -11355.1371119330240588730966137278490      
   1.00000000000000000000000000000000000         2.00000000000000000000000000000000000        -11355.1371119330240588730966137278490      
   1.00000000000000000000000000000000000         2.00000000000000000000000000000000000        -11355.1371119330240588730966137278490      
   1.00000000000000000000000000000000000         2.00000000000000000000000000000000000        -11355.1371119330240588730966137278490      
   1.00000000000000000000000000000000000         2.00000000000000000000000000000000000        -10941.7767172292338032415130033619299      
   1.00000000000000000000000000000000000         2.00000000000000000000000000000000000        -9750.73582677034899404041211166830226      
   1.00000000000000000000000000000000000         2.00000000000000000000000000000000000        -8689.18821529712497171870921150560122      
   1.00000000000000000000000000000000000         2.00000000000000000000000000000000000        -7743.05161020188596147639081786842162      
   1.00000000000000000000000000000000000         2.00000000000000000000000000000000000        -6899.77517281198578201021040760025076      
   1.00000000000000000000000000000000000         2.00000000000000000000000000000000000        -6148.17295638606323072190241985066986      
   1.00000000000000000000000000000000000         2.00000000000000000000000000000000000        -5478.27547539696602202400403317177896      
   1.00000000000000000000000000000000000         2.00000000000000000000000000000000000        -4881.19741651590888279265629740675131      
   1.00000000000000000000000000000000000         2.00000000000000000000000000000000000        -4349.01973590299966501567592649949261      
   1.00000000000000000000000000000000000         2.00000000000000000000000000000000000        -3874.68457830681223324328145525610533      
   1.00000000000000000000000000000000000         2.00000000000000000000000000000000000        -3451.90162361330086182720578132744688      
   1.00000000000000000000000000000000000         2.00000000000000000000000000000000000        -3075.06461811966072861131244705580761      
   1.00000000000000000000000000000000000         2.00000000000000000000000000000000000        -2739.17698295385125124548844330226944      
   1.00000000000000000000000000000000000         2.00000000000000000000000000000000000        -2439.78551250870700864693573257125096      
   1.00000000000000000000000000000000000         2.00000000000000000000000000000000000        -2172.92128310913936341052509392420928      
   1.00000000000000000000000000000000000         2.00000000000000000000000000000000000        -1935.04698780634433441552505364756914      
   1.00000000000000000000000000000000000         2.00000000000000000000000000000000000        -1723.00999846373335651747479221512938      
   1.00000000000000000000000000000000000         2.00000000000000000000000000000000000        -1534.00053229698502899042637957412471      
   1.00000000000000000000000000000000000         2.00000000000000000000000000000000000        -1365.51436776362085585636265511608715      
   1.00000000000000000000000000000000000         2.00000000000000000000000000000000000        -1215.31961506461214229272781936142097      
   1.00000000000000000000000000000000000         2.00000000000000000000000000000000000        -1081.42710032276342726603524244872660      
   1.00000000000000000000000000000000000         2.00000000000000000000000000000000000        -962.063970453913116206473129240711512      
   1.00000000000000000000000000000000000         2.00000000000000000000000000000000000        -855.650168483628883834850815185788277      
   1.00000000000000000000000000000000000         2.00000000000000000000000000000000000        -760.777467151143152671166951783420282      
   1.00000000000000000000000000000000000         2.00000000000000000000000000000000000        -676.190782589191304585096886717950538      
   1.00000000000000000000000000000000000         2.00000000000000000000000000000000000        -600.771520123637219316814063904340401      
   1.00000000000000000000000000000000000         2.00000000000000000000000000000000000        -533.522731201765668307572201197799344      
   1.00000000000000000000000000000000000         2.00000000000000000000000000000000000        -473.555884490698124244985403582643625      
   1.00000000000000000000000000000000000         2.00000000000000000000000000000000000        -420.079075606445372327835342453266753      
   1.00000000000000000000000000000000000         2.00000000000000000000000000000000000        -372.386519023864799011143871290276018      
   1.00000000000000000000000000000000000         2.00000000000000000000000000000000000        -329.849182731551831730084279858758116      
   1.00000000000000000000000000000000000         2.00000000000000000000000000000000000        -291.906441359225988269042922392942261      
   1.00000000000000000000000000000000000         2.00000000000000000000000000000000000        -258.058637019683210393008497978935925      
   1.00000000000000000000000000000000000         2.00000000000000000000000000000000000        -227.860449152206955993701202867182621      
   1.00000000000000000000000000000000000         2.00000000000000000000000000000000000        -200.914985389288361330608114963826496      
   1.00000000000000000000000000000000000         2.00000000000000000000000000000000000        -176.868515036047028291656086897510465      
   1.00000000000000000000000000000000000         2.00000000000000000000000000000000000        -155.405775278824100362399036715614437      
   1.00000000000000000000000000000000000         2.00000000000000000000000000000000000        -136.245787839187437470242171412862026      
   1.00000000000000000000000000000000000         2.00000000000000000000000000000000000        -119.138130562889190017383774928406283      
   1.00000000000000000000000000000000000         2.00000000000000000000000000000000000        -103.859614470026488521568267314287653      
   1.00000000000000000000000000000000000         2.00000000000000000000000000000000000        -90.2113221728797868794469855843662137      
   1.00000000000000000000000000000000000         2.00000000000000000000000000000000000        -78.0159683630329256340387502249127448      
   1.00000000000000000000000000000000000         2.00000000000000000000000000000000000        -67.1155473430426722574244947807684018      
   1.00000000000000000000000000000000000         2.00000000000000000000000000000000000        -57.3692363868322690016040844018796210      
   1.00000000000000000000000000000000000         2.00000000000000000000000000000000000        -48.6515271076752540535450538566806616      
   1.00000000000000000000000000000000000         2.00000000000000000000000000000000000        -40.8505600381580153872647475366676567      
   1.00000000000000000000000000000000000         2.00000000000000000000000000000000000        -33.8666403230090301468885372273615561      
   1.00000000000000000000000000000000000         2.00000000000000000000000000000000000        -27.6109148289404456011778334271939912      
   1.00000000000000000000000000000000000         2.00000000000000000000000000000000000        -22.0041931175533402700108032756043208      
   1.00000000000000000000000000000000000         2.00000000000000000000000000000000000        -16.9758966363334527988896321206532512      
   1.00000000000000000000000000000000000         2.00000000000000000000000000000000000        -12.4631221841403259313316489388494773      
   1.00000000000000000000000000000000000         2.00000000000000000000000000000000000        -8.40980722394591144577548915361589687      
   1.00000000000000000000000000000000000         2.00000000000000000000000000000000000        -4.76598596702980351872002267356327654      
   1.00000000000000000000000000000000000         2.00000000000000000000000000000000000        -1.48712635732034793933726912373595629      
   1.00000000000000000000000000000000000         2.00000000000000000000000000000000000         1.46646084193334166642406370525165408      
   1.00000000000000000000000000000000000         2.00000000000000000000000000000000000         4.13014870021930510977129055053524542      
   1.00000000000000000000000000000000000         2.00000000000000000000000000000000000         6.53546349890342804214901960737683661      
   1.00000000000000000000000000000000000         2.00000000000000000000000000000000000         8.71050306582892447081673017630404373      
   1.00000000000000000000000000000000000         2.00000000000000000000000000000000000         10.6803096164205793555545938634016628      
   1.00000000000000000000000000000000000         2.00000000000000000000000000000000000         12.4672020486686796445881686634654908      
   1.00000000000000000000000000000000000         2.00000000000000000000000000000000000         14.0910721013451799482523208751096269      
   1.00000000000000000000000000000000000         2.00000000000000000000000000000000000         15.5696483052916962122451684497069637      
   1.00000000000000000000000000000000000         2.00000000000000000000000000000000000         16.9187312302525516893586180327733704      
   1.00000000000000000000000000000000000         2.00000000000000000000000000000000000         18.1524031488354221543926831093142711      
   1.00000000000000000000000000000000000         2.00000000000000000000000000000000000         19.2832148997129537886506102024861471      
   1.00000000000000000000000000000000000         2.00000000000000000000000000000000000         20.3223524296265077947306648731394344      
   1.00000000000000000000000000000000000         2.00000000000000000000000000000000000         21.2797852241032364582203099427220356      
   1.00000000000000000000000000000000000         2.00000000000000000000000000000000000         22.1643985964719250522434043613907731      
   1.00000000000000000000000000000000000         2.00000000000000000000000000000000000         22.9841115905724657248121314152017508      
   1.00000000000000000000000000000000000         2.00000000000000000000000000000000000         23.7459820616562846113762725693488421      
   1.00000000000000000000000000000000000         2.00000000000000000000000000000000000         24.4563003298374274375840949261812076      
   1.00000000000000000000000000000000000         2.00000000000000000000000000000000000         25.1206726488186990255917349433565587      
   1.00000000000000000000000000000000000         2.00000000000000000000000000000000000         25.7440955974721399577493056300138150      
   1.00000000000000000000000000000000000         2.00000000000000000000000000000000000         26.3310223814049156551396050236485413      
   1.00000000000000000000000000000000000         2.00000000000000000000000000000000000         26.8854219242921147551677623451992868      
   1.00000000000000000000000000000000000         2.00000000000000000000000000000000000         27.4108315330825412389545090683796358      
   1.00000000000000000000000000000000000         2.00000000000000000000000000000000000         27.9104038359127836716443060127157850      
