   5.00000000000000000000000000000000000         4.00000000000000000000000000000000000        -11355.1371119330240588730966137278490      
   5.00000000000000000000000000000000000         4.00000000000000000000000000000000000        -11355.1371119330240588730966137278490      
   5.00000000000000000000000000000000000         4.00000000000000000000000000000000000        -11355.1371119330240588730966137278490      
   5.00000000000000000000000000000000000         4.00000000000000000000000000000000000        -11355.1371119330240588730966137278490      
   5.00000000000000000000000000000000000         4.00000000000000000000000000000000000        -11355.1371119330240588730966137278490      
   5.00000000000000000000000000000000000         4.00000000000000000000000000000000000        -11355.1371119330240588730966137278490      
   5.00000000000000000000000000000000000         4.00000000000000000000000000000000000        -11355.1371119330240588730966137278490      
   5.00000000000000000000000000000000000         4.00000000000000000000000000000000000        -11355.1371119330240588730966137278490      
   5.00000000000000000000000000000000000         4.00000000000000000000000000000000000        -11355.1371119330240588730966137278490      
   5.00000000000000000000000000000000000         4.00000000000000000000000000000000000        -11355.1371119330240588730966137278490      
   5.00000000000000000000000000000000000         4.00000000000000000000000000000000000        -11355.1371119330240588730966137278490      
   5.00000000000000000000000000000000000         4.00000000000000000000000000000000000        -11355.1371119330240588730966137278490      
   5.00000000000000000000000000000000000         4.00000000000000000000000000000000000        -11355.1371119330240588730966137278490      
   5.00000000000000000000000000000000000         4.00000000000000000000000000000000000        -11355.1371119330240588730966137278490      
   5.00000000000000000000000000000000000         4.00000000000000000000000000000000000        -10209.7410496580321441176960036807123      
   5.00000000000000000000000000000000000         4.00000000000000000000000000000000000        -9098.72100201855379930136837899502295      
   5.00000000000000000000000000000000000         4.00000000000000000000000000000000000        -8108.49204177837878299603417497401294      
   5.00000000000000000000000000000000000         4.00000000000000000000000000000000000        -7225.91825150102810677047709233254888      
   5.00000000000000000000000000000000000         4.00000000000000000000000000000000000        -6439.29223244799244652912229270412696      
   5.00000000000000000000000000000000000         4.00000000000000000000000000000000000        -5738.17975451046953820138841415227232      
   5.00000000000000000000000000000000000         4.00000000000000000000000000000000000        -5113.28130031528599024229167798421434      
   5.00000000000000000000000000000000000         4.00000000000000000000000000000000000        -4556.30866627940995252134080584610581      
   5.00000000000000000000000000000000000         4.00000000000000000000000000000000000        -4059.87498318402081754528817449918010      
   5.00000000000000000000000000000000000         4.00000000000000000000000000000000000        -3617.39669690797343089368154298188911      
   5.00000000000000000000000000000000000         4.00000000000000000000000000000000000        -3223.00620866454288712023047380408776      
   5.00000000000000000000000000000000000         4.00000000000000000000000000000000000        -2871.47401553046818718868456593514616      
   5.00000000000000000000000000000000000         4.00000000000000000000000000000000000        -2558.13931811941980104930568009858633      
   5.00000000000000000000000000000000000         4.00000000000000000000000000000000000        -2278.84817460587834958423574628917304      
   5.00000000000000000000000000000000000         4.00000000000000000000000000000000000        -2029.89838044089668266665767398940796      
   5.00000000000000000000000000000000000         4.00000000000000000000000000000000000        -1807.99034234706263252422516603965625      
   5.00000000000000000000000000000000000         4.00000000000000000000000000000000000        -1610.18329472042280456570400950908520      
   5.00000000000000000000000000000000000         4.00000000000000000000000000000000000        -1433.85627745762228509920396506830550      
   5.00000000000000000000000000000000000         4.00000000000000000000000000000000000        -1276.67335740773488865190965648821558      
   5.00000000000000000000000000000000000         4.00000000000000000000000000000000000        -1136.55263195857993623520674852322375      
   5.00000000000000000000000000000000000         4.00000000000000000000000000000000000        -1011.63860345394830230683895735771576      
   5.00000000000000000000000000000000000         4.00000000000000000000000000000000000        -900.277557867038637685754170850494910      
   5.00000000000000000000000000000000000         4.00000000000000000000000000000000000        -800.995621020059305915768726409741901      
   5.00000000000000000000000000000000000         4.00000000000000000000000000000000000        -712.479201169362408153760994106943981      
   5.00000000000000000000000000000000000         4.00000000000000000000000000000000000        -633.557558441097011990173490105448658      
   5.00000000000000000000000000000000000         4.00000000000000000000000000000000000        -563.187269824382891017948078211611699      
   5.00000000000000000000000000000000000         4.00000000000000000000000000000000000        -500.438383581902706082586380556153963      
   5.00000000000000000000000000000000000         4.00000000000000000000000000000000000        -444.482079355353272171039269303690315      
   5.00000000000000000000000000000000000         4.00000000000000000000000000000000000        -394.579670222852528533981982130346988      
   5.00000000000000000000000000000000000         4.00000000000000000000000000000000000        -350.072800772285959729369294939965527      
   5.00000000000000000000000000000000000         4.00000000000000000000000000000000000        -310.374711124981075212572163983533395      
   5.00000000000000000000000000000000000         4.00000000000000000000000000000000000        -274.962450988611775079965549157987149      
   5.00000000000000000000000000000000000         4.00000000000000000000000000000000000        -243.369940424545106326575636535678823      
   5.00000000000000000000000000000000000         4.00000000000000000000000000000000000        -215.181785250229131040616619116086153      
   5.00000000000000000000000000000000000         4.00000000000000000000000000000000000        -190.027765010769134209406787847457456      
   5.00000000000000000000000000000000000         4.00000000000000000000000000000000000        -167.577920378423899055711513013830257      
   5.00000000000000000000000000000000000         4.00000000000000000000000000000000000        -147.538174792798086120407373322121164      
   5.00000000000000000000000000000000000         4.00000000000000000000000000000000000        -129.646432243556204034305344839390931      
   5.00000000000000000000000000000000000         4.00000000000000000000000000000000000        -113.669099415605634250123889942730242      
   5.00000000000000000000000000000000000         4.00000000000000000000000000000000000        -99.3979860477283088690015751075790596      
   5.00000000000000000000000000000000000         4.00000000000000000000000000000000000        -86.6475423743033153367127719523762485      
   5.00000000000000000000000000000000000         4.00000000000000000000000000000000000        -75.2523969926505187351522692630022033      
   5.00000000000000000000000000000000000         4.00000000000000000000000000000000000        -65.0651624849907554187017007802747597      
   5.00000000000000000000000000000000000         4.00000000000000000000000000000000000        -55.9544796769592355030489035113431318      
   5.00000000000000000000000000000000000         4.00000000000000000000000000000000000        -47.8032745811708657472381290725415973      
   5.00000000000000000000000000000000000         4.00000000000000000000000000000000000        -40.5072048965376235105635638445059237      
   5.00000000000000000000000000000000000         4.00000000000000000000000000000000000        -33.9732754493277748775753700403081442      
   5.00000000000000000000000000000000000         4.00000000000000000000000000000000000        -28.1186042037110013469686348764097912      
   5.00000000000000000000000000000000000         4.00000000000000000000000000000000000        -22.8693224674990968438108821204234637      
   5.00000000000000000000000000000000000         4.00000000000000000000000000000000000        -18.1595946994806098238975893627333252      
   5.00000000000000000000000000000000000         4.00000000000000000000000000000000000        -13.9307449117882912327658522284381192      
   5.00000000000000000000000000000000000         4.00000000000000000000000000000000000        -10.1304780751895310800531667072315149      
   5.00000000000000000000000000000000000         4.00000000000000000000000000000000000        -6.71218619582103406526215140634867902      
   5.00000000000000000000000000000000000         4.00000000000000000000000000000000000        -3.63432985542760639721422562573742707      
   5.00000000000000000000000000000000000         4.00000000000000000000000000000000000       -0.859887008519776574641218460222560101      
   5.00000000000000000000000000000000000         4.00000000000000000000000000000000000         1.64413827767657708018033306179214602      
   5.00000000000000000000000000000000000         4.00000000000000000000000000000000000         3.90715365920098851316277106961504396      
   5.00000000000000000000000000000000000         4.00000000000000000000000000000000000         5.95536873708700686122499795654006288      
   5.00000000000000000000000000000000000         4.00000000000000000000000000000000000         7.81214284284389397909516748485812075      
   5.00000000000000000000000000000000000         4.00000000000000000000000000000000000         9.49829500259345665665942300702523265      
   5.00000000000000000000000000000000000         4.00000000000000000000000000000000000         11.0323801928977861493403273611975012      
   5.00000000000000000000000000000000000         4.00000000000000000000000000000000000         12.4309355540248959489484016687868985      
   5.00000000000000000000000000000000000         4.00000000000000000000000000000000000         13.7086998277527024200454825557116349      
   5.00000000000000000000000000000000000         4.00000000000000000000000000000000000         14.8788089315176845510627863212567849      
   5.00000000000000000000000000000000000         4.00000000000000000000000000000000000         15.9529702640583516660958878037889310      
   5.00000000000000000000000000000000000         4.00000000000000000000000000000000000         16.9416180554835060292153683652444914      
   5.00000000000000000000000000000000000         4.00000000000000000000000000000000000         17.8540518231663210319662117843162562      
   5.00000000000000000000000000000000000         4.00000000000000000000000000000000000         18.6985597706898285244789093393580762      
   5.00000000000000000000000000000000000         4.00000000000000000000000000000000000         19.4825287672728491142467086536087162      
   5.00000000000000000000000000000000000         4.00000000000000000000000000000000000         20.2125423670365279556900619680297144      
   5.00000000000000000000000000000000000         4.00000000000000000000000000000000000         20.8944681687675899542552597201112254      
   5.00000000000000000000000000000000000         4.00000000000000000000000000000000000         21.5335356753892961089785523108838753      
   5.00000000000000000000000000000000000         4.00000000000000000000000000000000000         22.1344056862879759499096778796241455      
   5.00000000000000000000000000000000000         4.00000000000000000000000000000000000         22.7012321432891488561664944963372722      
   5.00000000000000000000000000000000000         4.00000000000000000000000000000000000         23.2377172509417619778758192515407442      
   5.00000000000000000000000000000000000         4.00000000000000000000000000000000000         23.7471606025232274828099984423942069      
   5.00000000000000000000000000000000000         4.00000000000000000000000000000000000         24.2325029636374987655602662818284871      
   5.00000000000000000000000000000000000         4.00000000000000000000000000000000000         24.6963652943879307398185130091729757      
   5.00000000000000000000000000000000000         4.00000000000000000000000000000000000         25.1410835279254495910575540006567811      
   5.00000000000000000000000000000000000         4.00000000000000000000000000000000000         25.5687395668622359982660035915254785      
   5.00000000000000000000000000000000000         4.00000000000000000000000000000000000         25.9811889088544990869861180655946960      
   5.00000000000000000000000000000000000         4.00000000000000000000000000000000000         26.3800852679290402063989495350056279      
   5.00000000000000000000000000000000000         4.00000000000000000000000000000000000         26.7669025182636509929606816623500935      
   5.00000000000000000000000000000000000         4.00000000000000000000000000000000000         27.1429542516019793455144360775566014      
   5.00000000000000000000000000000000000         4.00000000000000000000000000000000000         27.5094112078178761964697702644618052      
   5.00000000000000000000000000000000000         4.00000000000000000000000000000000000         27.8673168099222217722337423592593490      
   5.00000000000000000000000000000000000         4.00000000000000000000000000000000000         28.2176010096523334119608507398185179      
