   4.00000000000000000000000000000000000         1.00000000000000000000000000000000000        -11355.1371119330240588730966137278490      
   4.00000000000000000000000000000000000         1.00000000000000000000000000000000000        -11355.1371119330240588730966137278490      
   4.00000000000000000000000000000000000         1.00000000000000000000000000000000000        -11355.1371119330240588730966137278490      
   4.00000000000000000000000000000000000         1.00000000000000000000000000000000000        -11355.1371119330240588730966137278490      
   4.00000000000000000000000000000000000         1.00000000000000000000000000000000000        -11355.1371119330240588730966137278490      
   4.00000000000000000000000000000000000         1.00000000000000000000000000000000000        -11355.1371119330240588730966137278490      
   4.00000000000000000000000000000000000         1.00000000000000000000000000000000000        -11355.1371119330240588730966137278490      
   4.00000000000000000000000000000000000         1.00000000000000000000000000000000000        -11355.1371119330240588730966137278490      
   4.00000000000000000000000000000000000         1.00000000000000000000000000000000000        -11355.1371119330240588730966137278490      
   4.00000000000000000000000000000000000         1.00000000000000000000000000000000000        -11355.1371119330240588730966137278490      
   4.00000000000000000000000000000000000         1.00000000000000000000000000000000000        -11355.1371119330240588730966137278490      
   4.00000000000000000000000000000000000         1.00000000000000000000000000000000000        -11355.1371119330240588730966137278490      
   4.00000000000000000000000000000000000         1.00000000000000000000000000000000000        -11355.1371119330240588730966137278490      
   4.00000000000000000000000000000000000         1.00000000000000000000000000000000000        -11355.1371119330240588730966137278490      
   4.00000000000000000000000000000000000         1.00000000000000000000000000000000000        -11355.1371119330240588730966137278490      
   4.00000000000000000000000000000000000         1.00000000000000000000000000000000000        -11355.1371119330240588730966137278490      
   4.00000000000000000000000000000000000         1.00000000000000000000000000000000000        -11355.1371119330240588730966137278490      
   4.00000000000000000000000000000000000         1.00000000000000000000000000000000000        -11355.1371119330240588730966137278490      
   4.00000000000000000000000000000000000         1.00000000000000000000000000000000000        -11355.1371119330240588730966137278490      
   4.00000000000000000000000000000000000         1.00000000000000000000000000000000000        -11355.1371119330240588730966137278490      
   4.00000000000000000000000000000000000         1.00000000000000000000000000000000000        -11355.1371119330240588730966137278490      
   4.00000000000000000000000000000000000         1.00000000000000000000000000000000000        -11355.1371119330240588730966137278490      
   4.00000000000000000000000000000000000         1.00000000000000000000000000000000000        -10226.2257465567694206823650398360880      
   4.00000000000000000000000000000000000         1.00000000000000000000000000000000000        -9113.28909118504885977649273657537207      
   4.00000000000000000000000000000000000         1.00000000000000000000000000000000000        -8121.35195250547857782129218476661966      
   4.00000000000000000000000000000000000         1.00000000000000000000000000000000000        -7237.25574659151703370190114614084495      
   4.00000000000000000000000000000000000         1.00000000000000000000000000000000000        -6449.27287317412245402304532897207762      
   4.00000000000000000000000000000000000         1.00000000000000000000000000000000000        -5746.95109751145379177194186406176808      
   4.00000000000000000000000000000000000         1.00000000000000000000000000000000000        -5120.97485558425108627680409631063124      
   4.00000000000000000000000000000000000         1.00000000000000000000000000000000000        -4563.04164222110393247649102466108146      
   4.00000000000000000000000000000000000         1.00000000000000000000000000000000000        -4065.75184189913253312321207451570373      
   4.00000000000000000000000000000000000         1.00000000000000000000000000000000000        -3622.51054034174124295906726995917840      
   4.00000000000000000000000000000000000         1.00000000000000000000000000000000000        -3227.44001401300256139631939860469523      
   4.00000000000000000000000000000000000         1.00000000000000000000000000000000000        -2875.30173629743030758692163521617566      
   4.00000000000000000000000000000000000         1.00000000000000000000000000000000000        -2561.42686543453382800565294729106477      
   4.00000000000000000000000000000000000         1.00000000000000000000000000000000000        -2281.65429182527781964240305558632640      
   4.00000000000000000000000000000000000         1.00000000000000000000000000000000000        -2032.27542263584473498578100607064618      
   4.00000000000000000000000000000000000         1.00000000000000000000000000000000000        -1809.98497102393859898146081627301084      
   4.00000000000000000000000000000000000         1.00000000000000000000000000000000000        -1611.83709699056199844827994101729719      
   4.00000000000000000000000000000000000         1.00000000000000000000000000000000000        -1435.20631787301657689713072381316881      
   4.00000000000000000000000000000000000         1.00000000000000000000000000000000000        -1277.75266978511853992593228845671816      
   4.00000000000000000000000000000000000         1.00000000000000000000000000000000000        -1137.39065771810749582340211761248610      
   4.00000000000000000000000000000000000         1.00000000000000000000000000000000000        -1012.26158228895250162445102090138420      
   4.00000000000000000000000000000000000         1.00000000000000000000000000000000000        -900.708875928818615394411766536659769      
   4.00000000000000000000000000000000000         1.00000000000000000000000000000000000        -801.256121237899757059439687317132481      
   4.00000000000000000000000000000000000         1.00000000000000000000000000000000000        -712.587459823541772508048559415902925      
   4.00000000000000000000000000000000000         1.00000000000000000000000000000000000        -633.530131658840484400710953660373198      
   4.00000000000000000000000000000000000         1.00000000000000000000000000000000000        -563.038913269611788036148583130691834      
   4.00000000000000000000000000000000000         1.00000000000000000000000000000000000        -500.182248253929687347182782316925610      
   4.00000000000000000000000000000000000         1.00000000000000000000000000000000000        -444.129886094653141827699451113318655      
   4.00000000000000000000000000000000000         1.00000000000000000000000000000000000        -394.141865239494171752919532060128884      
   4.00000000000000000000000000000000000         1.00000000000000000000000000000000000        -349.558694260793212597053027565823654      
   4.00000000000000000000000000000000000         1.00000000000000000000000000000000000        -309.792600804957514301326216391724099      
   4.00000000000000000000000000000000000         1.00000000000000000000000000000000000        -274.319732210438458780934416014220105      
   4.00000000000000000000000000000000000         1.00000000000000000000000000000000000        -242.673204301186980683355523183057029      
   4.00000000000000000000000000000000000         1.00000000000000000000000000000000000        -214.436906117299549707578509973931204      
   4.00000000000000000000000000000000000         1.00000000000000000000000000000000000        -189.239978375394411102464280983710830      
   4.00000000000000000000000000000000000         1.00000000000000000000000000000000000        -166.751892391241967362580237965295693      
   4.00000000000000000000000000000000000         1.00000000000000000000000000000000000        -146.678064164942477169810126401072335      
   4.00000000000000000000000000000000000         1.00000000000000000000000000000000000        -128.755945430226104875243180642007510      
   4.00000000000000000000000000000000000         1.00000000000000000000000000000000000        -112.751539798474471038671313067710418      
   4.00000000000000000000000000000000000         1.00000000000000000000000000000000000        -98.4562977688115364889662719446352365      
   4.00000000000000000000000000000000000         1.00000000000000000000000000000000000        -85.6843494029342069296191382348730494      
   4.00000000000000000000000000000000000         1.00000000000000000000000000000000000        -74.2700379439589881671631887597486166      
   4.00000000000000000000000000000000000         1.00000000000000000000000000000000000        -64.0657216519052721942139567991438979      
   4.00000000000000000000000000000000000         1.00000000000000000000000000000000000        -54.9398146875076435996228199703689671      
   4.00000000000000000000000000000000000         1.00000000000000000000000000000000000        -46.7750410480756846494370353561639823      
   4.00000000000000000000000000000000000         1.00000000000000000000000000000000000        -39.4668783861909848735287742645438548      
   4.00000000000000000000000000000000000         1.00000000000000000000000000000000000        -32.9221710616609446651801701445152436      
   4.00000000000000000000000000000000000         1.00000000000000000000000000000000000        -27.0578940227714599737798129855025612      
   4.00000000000000000000000000000000000         1.00000000000000000000000000000000000        -21.8000511142937328268497970415315887      
   4.00000000000000000000000000000000000         1.00000000000000000000000000000000000        -17.0826931934618067718111225534490764      
   4.00000000000000000000000000000000000         1.00000000000000000000000000000000000        -12.8470430249164068027864173973871315      
   4.00000000000000000000000000000000000         1.00000000000000000000000000000000000        -9.04071534250267111129521332098474156      
   4.00000000000000000000000000000000000         1.00000000000000000000000000000000000        -5.61702172861569316208529999921644387      
   4.00000000000000000000000000000000000         1.00000000000000000000000000000000000        -2.53435108726511992505557463965186906      
   4.00000000000000000000000000000000000         1.00000000000000000000000000000000000        0.244382509887224074907872298022160370      
   4.00000000000000000000000000000000000         1.00000000000000000000000000000000000         2.75223193126429858834830063851566323      
   4.00000000000000000000000000000000000         1.00000000000000000000000000000000000         5.01865557685607774707733583358999308      
   4.00000000000000000000000000000000000         1.00000000000000000000000000000000000         7.06990827328954511598605444814846575      
   4.00000000000000000000000000000000000         1.00000000000000000000000000000000000         8.92938965942653863909526524423016287      
   4.00000000000000000000000000000000000         1.00000000000000000000000000000000000         10.6179546853546622335177933951896540      
   4.00000000000000000000000000000000000         1.00000000000000000000000000000000000         12.1541903449042253289045308048179009      
   4.00000000000000000000000000000000000         1.00000000000000000000000000000000000         13.5546623137635773446021497909823180      
   4.00000000000000000000000000000000000         1.00000000000000000000000000000000000         14.8341347659307790813490970256947811      
   4.00000000000000000000000000000000000         1.00000000000000000000000000000000000         16.0057662853323720802602347472242663      
   4.00000000000000000000000000000000000         1.00000000000000000000000000000000000         17.0812844722373981147308372472967411      
   4.00000000000000000000000000000000000         1.00000000000000000000000000000000000         18.0711415613876982317736873951107679      
   4.00000000000000000000000000000000000         1.00000000000000000000000000000000000         18.9846531168025323920605718457656090      
   4.00000000000000000000000000000000000         1.00000000000000000000000000000000000         19.8301216436533110006526316003188669      
   4.00000000000000000000000000000000000         1.00000000000000000000000000000000000         20.6149467574629138547976572333679563      
   4.00000000000000000000000000000000000         1.00000000000000000000000000000000000         21.3457233725079365997535487208281904      
   4.00000000000000000000000000000000000         1.00000000000000000000000000000000000         22.0283292123243067361080432750863930      
   4.00000000000000000000000000000000000         1.00000000000000000000000000000000000         22.6680028035275104447091877213786167      
   4.00000000000000000000000000000000000         1.00000000000000000000000000000000000         23.2694129878780383790822030922074354      
   4.00000000000000000000000000000000000         1.00000000000000000000000000000000000         23.8367208749749258422371996668158851      
   4.00000000000000000000000000000000000         1.00000000000000000000000000000000000         24.3736350576519903816855683992352821      
   4.00000000000000000000000000000000000         1.00000000000000000000000000000000000         24.8834608227515279724816352719366251      
   4.00000000000000000000000000000000000         1.00000000000000000000000000000000000         25.3691440102725360278065628300960438      
   4.00000000000000000000000000000000000         1.00000000000000000000000000000000000         25.8333101028777129041494587302038813      
   4.00000000000000000000000000000000000         1.00000000000000000000000000000000000         26.2782990644532423959124038484640410      
