   4.00000000000000000000000000000000000         5.00000000000000000000000000000000000        -11355.1371119330240588730966137278490      
   4.00000000000000000000000000000000000         5.00000000000000000000000000000000000        -11355.1371119330240588730966137278490      
   4.00000000000000000000000000000000000         5.00000000000000000000000000000000000        -11355.1371119330240588730966137278490      
   4.00000000000000000000000000000000000         5.00000000000000000000000000000000000        -11355.1371119330240588730966137278490      
   4.00000000000000000000000000000000000         5.00000000000000000000000000000000000        -11355.1371119330240588730966137278490      
   4.00000000000000000000000000000000000         5.00000000000000000000000000000000000        -11355.1371119330240588730966137278490      
   4.00000000000000000000000000000000000         5.00000000000000000000000000000000000        -11355.1371119330240588730966137278490      
   4.00000000000000000000000000000000000         5.00000000000000000000000000000000000        -11355.1371119330240588730966137278490      
   4.00000000000000000000000000000000000         5.00000000000000000000000000000000000        -11355.1371119330240588730966137278490      
   4.00000000000000000000000000000000000         5.00000000000000000000000000000000000        -11355.1371119330240588730966137278490      
   4.00000000000000000000000000000000000         5.00000000000000000000000000000000000        -11355.1371119330240588730966137278490      
   4.00000000000000000000000000000000000         5.00000000000000000000000000000000000        -11355.1371119330240588730966137278490      
   4.00000000000000000000000000000000000         5.00000000000000000000000000000000000        -11355.1371119330240588730966137278490      
   4.00000000000000000000000000000000000         5.00000000000000000000000000000000000        -11355.1371119330240588730966137278490      
   4.00000000000000000000000000000000000         5.00000000000000000000000000000000000        -11355.1371119330240588730966137278490      
   4.00000000000000000000000000000000000         5.00000000000000000000000000000000000        -11355.1371119330240588730966137278490      
   4.00000000000000000000000000000000000         5.00000000000000000000000000000000000        -11355.1371119330240588730966137278490      
   4.00000000000000000000000000000000000         5.00000000000000000000000000000000000        -11355.1371119330240588730966137278490      
   4.00000000000000000000000000000000000         5.00000000000000000000000000000000000        -11355.1371119330240588730966137278490      
   4.00000000000000000000000000000000000         5.00000000000000000000000000000000000        -11355.1371119330240588730966137278490      
   4.00000000000000000000000000000000000         5.00000000000000000000000000000000000        -11355.1371119330240588730966137278490      
   4.00000000000000000000000000000000000         5.00000000000000000000000000000000000        -11355.1371119330240588730966137278490      
   4.00000000000000000000000000000000000         5.00000000000000000000000000000000000        -11355.1371119330240588730966137278490      
   4.00000000000000000000000000000000000         5.00000000000000000000000000000000000        -10179.4460781564891580442331875941083      
   4.00000000000000000000000000000000000         5.00000000000000000000000000000000000        -9071.39034247851306267309394961236989      
   4.00000000000000000000000000000000000         5.00000000000000000000000000000000000        -8083.80332805494800954913133227863051      
   4.00000000000000000000000000000000000         5.00000000000000000000000000000000000        -7203.58417446514948743246703840386259      
   4.00000000000000000000000000000000000         5.00000000000000000000000000000000000        -6419.05672756885881959620718613925967      
   4.00000000000000000000000000000000000         5.00000000000000000000000000000000000        -5719.81460403477624342156575267225549      
   4.00000000000000000000000000000000000         5.00000000000000000000000000000000000        -5096.58310495630147346183247544914900      
   4.00000000000000000000000000000000000         5.00000000000000000000000000000000000        -4541.09614623201898140114031114382382      
   4.00000000000000000000000000000000000         5.00000000000000000000000000000000000        -4045.98657265184973870142641110959863      
   4.00000000000000000000000000000000000         5.00000000000000000000000000000000000        -3604.68840022343390004619466739795725      
   4.00000000000000000000000000000000000         5.00000000000000000000000000000000000        -3211.34968955380959745486122111327930      
   4.00000000000000000000000000000000000         5.00000000000000000000000000000000000        -2860.75489416909774475613338408073233      
   4.00000000000000000000000000000000000         5.00000000000000000000000000000000000        -2548.25565338157345787411969360910071      
   4.00000000000000000000000000000000000         5.00000000000000000000000000000000000        -2269.70911136751791132664765903720464      
   4.00000000000000000000000000000000000         5.00000000000000000000000000000000000        -2021.42294398748885080681014887405736      
   4.00000000000000000000000000000000000         5.00000000000000000000000000000000000        -1800.10636388831449251795328204153749      
   4.00000000000000000000000000000000000         5.00000000000000000000000000000000000        -1602.82645375428181877766313772179107      
   4.00000000000000000000000000000000000         5.00000000000000000000000000000000000        -1426.96924827629289585697903636502594      
   4.00000000000000000000000000000000000         5.00000000000000000000000000000000000        -1270.20504842036512421055858986984759      
   4.00000000000000000000000000000000000         5.00000000000000000000000000000000000        -1130.45750773689223128600577318316242      
   4.00000000000000000000000000000000000         5.00000000000000000000000000000000000        -1005.87608050477195488404512823862975      
   4.00000000000000000000000000000000000         5.00000000000000000000000000000000000        -894.811466114012515207479180401803926      
   4.00000000000000000000000000000000000         5.00000000000000000000000000000000000        -795.793723848694179755630894629778020      
   4.00000000000000000000000000000000000         5.00000000000000000000000000000000000        -707.512767666752497404512441203647959      
   4.00000000000000000000000000000000000         5.00000000000000000000000000000000000        -628.800982154161600481434431938537415      
   4.00000000000000000000000000000000000         5.00000000000000000000000000000000000        -558.617728977791512724518264553184654      
   4.00000000000000000000000000000000000         5.00000000000000000000000000000000000        -496.035538246982205589092912792221811      
   4.00000000000000000000000000000000000         5.00000000000000000000000000000000000        -440.227801551592126243571672323037306      
   4.00000000000000000000000000000000000         5.00000000000000000000000000000000000        -390.457803370613371834148258280962069      
   4.00000000000000000000000000000000000         5.00000000000000000000000000000000000        -346.068945304809957829173059871146742      
   4.00000000000000000000000000000000000         5.00000000000000000000000000000000000        -306.476033414885697430587691204026901      
   4.00000000000000000000000000000000000         5.00000000000000000000000000000000000        -271.157513053452682021262883462120206      
   4.00000000000000000000000000000000000         5.00000000000000000000000000000000000        -239.648548151738423193609490376305067      
   4.00000000000000000000000000000000000         5.00000000000000000000000000000000000        -211.534853127371038399410262880463024      
   4.00000000000000000000000000000000000         5.00000000000000000000000000000000000        -186.447195566406302207974487825496752      
   4.00000000000000000000000000000000000         5.00000000000000000000000000000000000        -164.056496733527036239636777103592812      
   4.00000000000000000000000000000000000         5.00000000000000000000000000000000000        -144.069464897161938726155738632966158      
   4.00000000000000000000000000000000000         5.00000000000000000000000000000000000        -126.224703526401216294635304458637620      
   4.00000000000000000000000000000000000         5.00000000000000000000000000000000000        -110.289242717846608990541235770467823      
   4.00000000000000000000000000000000000         5.00000000000000000000000000000000000        -96.0554478265374895586339300631473158      
   4.00000000000000000000000000000000000         5.00000000000000000000000000000000000        -83.3382642803636317789858415300420495      
   4.00000000000000000000000000000000000         5.00000000000000000000000000000000000        -71.9727620183258576718772227077074767      
   4.00000000000000000000000000000000000         5.00000000000000000000000000000000000        -61.8119469688321939872403700918529023      
   4.00000000000000000000000000000000000         5.00000000000000000000000000000000000        -52.7248105276761956126765007105878964      
   4.00000000000000000000000000000000000         5.00000000000000000000000000000000000        -44.5945911534552757809166757454248545      
   4.00000000000000000000000000000000000         5.00000000000000000000000000000000000        -37.3172250128564368657730349682375676      
   4.00000000000000000000000000000000000         5.00000000000000000000000000000000000        -30.7999651168136760127784757534893075      
   4.00000000000000000000000000000000000         5.00000000000000000000000000000000000        -24.9601506243128379387743276679188694      
   4.00000000000000000000000000000000000         5.00000000000000000000000000000000000        -19.7241099832531323583799622250593460      
   4.00000000000000000000000000000000000         5.00000000000000000000000000000000000        -15.0261833537109608184304183454258240      
   4.00000000000000000000000000000000000         5.00000000000000000000000000000000000        -10.8078513417567046391198574400618551      
   4.00000000000000000000000000000000000         5.00000000000000000000000000000000000        -7.01695848265157295873535262721919420      
   4.00000000000000000000000000000000000         5.00000000000000000000000000000000000        -3.60702116951831693651798927998568768      
   4.00000000000000000000000000000000000         5.00000000000000000000000000000000000       -0.536610844119748317646042491749492134      
   4.00000000000000000000000000000000000         5.00000000000000000000000000000000000         2.23119573493855544094955905239912215      
   4.00000000000000000000000000000000000         5.00000000000000000000000000000000000         4.72930644118831217723535416324151328      
   4.00000000000000000000000000000000000         5.00000000000000000000000000000000000         6.98705044778665206803548204895616882      
   4.00000000000000000000000000000000000         5.00000000000000000000000000000000000         9.03056740782455445063954950504101144      
   4.00000000000000000000000000000000000         5.00000000000000000000000000000000000         10.8831543116418453205009804125099608      
   4.00000000000000000000000000000000000         5.00000000000000000000000000000000000         12.5655746237345874031437350218940461      
   4.00000000000000000000000000000000000         5.00000000000000000000000000000000000         14.0963338013138033205605679138565442      
   4.00000000000000000000000000000000000         5.00000000000000000000000000000000000         15.4919248504794108707234538347419920      
   4.00000000000000000000000000000000000         5.00000000000000000000000000000000000         16.7670471783906073786391631349794410      
   4.00000000000000000000000000000000000         5.00000000000000000000000000000000000         17.9348016454680373555475741117579173      
   4.00000000000000000000000000000000000         5.00000000000000000000000000000000000         19.0068644058519594781755806469262392      
   4.00000000000000000000000000000000000         5.00000000000000000000000000000000000         19.9936418428736735091419687632969473      
   4.00000000000000000000000000000000000         5.00000000000000000000000000000000000         20.9044086554397797338934487234237611      
   4.00000000000000000000000000000000000         5.00000000000000000000000000000000000         21.7474309276516936807458875706327986      
   4.00000000000000000000000000000000000         5.00000000000000000000000000000000000         22.5300758147194943782373481535707304      
   4.00000000000000000000000000000000000         5.00000000000000000000000000000000000         23.2589093006355416716843265801860938      
   4.00000000000000000000000000000000000         5.00000000000000000000000000000000000         23.9397833247927974290674067093744740      
   4.00000000000000000000000000000000000         5.00000000000000000000000000000000000         24.5779134336651407365578812293107292      
   4.00000000000000000000000000000000000         5.00000000000000000000000000000000000         25.1779479879402964782316416026860713      
   4.00000000000000000000000000000000000         5.00000000000000000000000000000000000         25.7440298434419834795708603201616858      
   4.00000000000000000000000000000000000         5.00000000000000000000000000000000000         26.2798513243096439948824445132285403      
   4.00000000000000000000000000000000000         5.00000000000000000000000000000000000         26.7887032178964498079630480629647642      
   4.00000000000000000000000000000000000         5.00000000000000000000000000000000000         27.2735184415181139364950848901882193      
   4.00000000000000000000000000000000000         5.00000000000000000000000000000000000         27.7369109604837343142075156744486937      
