   1.00000000000000000000000000000000000         4.00000000000000000000000000000000000        -11355.1371119330240588730966137278490      
   1.00000000000000000000000000000000000         4.00000000000000000000000000000000000        -11355.1371119330240588730966137278490      
   1.00000000000000000000000000000000000         4.00000000000000000000000000000000000        -11355.1371119330240588730966137278490      
   1.00000000000000000000000000000000000         4.00000000000000000000000000000000000        -11355.1371119330240588730966137278490      
   1.00000000000000000000000000000000000         4.00000000000000000000000000000000000        -11355.1371119330240588730966137278490      
   1.00000000000000000000000000000000000         4.00000000000000000000000000000000000        -11355.1371119330240588730966137278490      
   1.00000000000000000000000000000000000         4.00000000000000000000000000000000000        -11355.1371119330240588730966137278490      
   1.00000000000000000000000000000000000         4.00000000000000000000000000000000000        -11355.1371119330240588730966137278490      
   1.00000000000000000000000000000000000         4.00000000000000000000000000000000000        -11355.1371119330240588730966137278490      
   1.00000000000000000000000000000000000         4.00000000000000000000000000000000000        -11355.1371119330240588730966137278490      
   1.00000000000000000000000000000000000         4.00000000000000000000000000000000000        -11355.1371119330240588730966137278490      
   1.00000000000000000000000000000000000         4.00000000000000000000000000000000000        -11355.1371119330240588730966137278490      
   1.00000000000000000000000000000000000         4.00000000000000000000000000000000000        -11355.1371119330240588730966137278490      
   1.00000000000000000000000000000000000         4.00000000000000000000000000000000000        -11355.1371119330240588730966137278490      
   1.00000000000000000000000000000000000         4.00000000000000000000000000000000000        -11355.1371119330240588730966137278490      
   1.00000000000000000000000000000000000         4.00000000000000000000000000000000000        -11355.1371119330240588730966137278490      
   1.00000000000000000000000000000000000         4.00000000000000000000000000000000000        -11355.1371119330240588730966137278490      
   1.00000000000000000000000000000000000         4.00000000000000000000000000000000000        -11355.1371119330240588730966137278490      
   1.00000000000000000000000000000000000         4.00000000000000000000000000000000000        -11355.1371119330240588730966137278490      
   1.00000000000000000000000000000000000         4.00000000000000000000000000000000000        -11355.1371119330240588730966137278490      
   1.00000000000000000000000000000000000         4.00000000000000000000000000000000000        -11355.1371119330240588730966137278490      
   1.00000000000000000000000000000000000         4.00000000000000000000000000000000000        -11355.1371119330240588730966137278490      
   1.00000000000000000000000000000000000         4.00000000000000000000000000000000000        -11355.1371119330240588730966137278490      
   1.00000000000000000000000000000000000         4.00000000000000000000000000000000000        -11355.1371119330240588730966137278490      
   1.00000000000000000000000000000000000         4.00000000000000000000000000000000000        -11355.1371119330240588730966137278490      
   1.00000000000000000000000000000000000         4.00000000000000000000000000000000000        -11355.1371119330240588730966137278490      
   1.00000000000000000000000000000000000         4.00000000000000000000000000000000000        -11355.1371119330240588730966137278490      
   1.00000000000000000000000000000000000         4.00000000000000000000000000000000000        -11355.1371119330240588730966137278490      
   1.00000000000000000000000000000000000         4.00000000000000000000000000000000000        -11355.1371119330240588730966137278490      
   1.00000000000000000000000000000000000         4.00000000000000000000000000000000000        -11355.1371119330240588730966137278490      
   1.00000000000000000000000000000000000         4.00000000000000000000000000000000000        -11355.1371119330240588730966137278490      
   1.00000000000000000000000000000000000         4.00000000000000000000000000000000000        -11355.1371119330240588730966137278490      
   1.00000000000000000000000000000000000         4.00000000000000000000000000000000000        -11355.1371119330240588730966137278490      
   1.00000000000000000000000000000000000         4.00000000000000000000000000000000000        -10601.5730387609246144665654495811069      
   1.00000000000000000000000000000000000         4.00000000000000000000000000000000000        -9447.17189560847455627858692690321761      
   1.00000000000000000000000000000000000         4.00000000000000000000000000000000000        -8418.27949329509388165397289054308707      
   1.00000000000000000000000000000000000         4.00000000000000000000000000000000000        -7501.24687399851893523455794406685935      
   1.00000000000000000000000000000000000         4.00000000000000000000000000000000000        -6683.90939125510930980182217119229068      
   1.00000000000000000000000000000000000         4.00000000000000000000000000000000000        -5955.42529249208014243958592988518293      
   1.00000000000000000000000000000000000         4.00000000000000000000000000000000000        -5306.13185555792297485813510781694245      
   1.00000000000000000000000000000000000         4.00000000000000000000000000000000000        -4727.41717027018016959688498535545478      
   1.00000000000000000000000000000000000         4.00000000000000000000000000000000000        -4211.60586359961280163256412350231661      
   1.00000000000000000000000000000000000         4.00000000000000000000000000000000000        -3751.85725213338523077868682326230720      
   1.00000000000000000000000000000000000         4.00000000000000000000000000000000000        -3342.07457036233174065092606765022244      
   1.00000000000000000000000000000000000         4.00000000000000000000000000000000000        -2976.82407030682692379028523105953599      
   1.00000000000000000000000000000000000         4.00000000000000000000000000000000000        -2651.26291898244729140713474066695304      
   1.00000000000000000000000000000000000         4.00000000000000000000000000000000000        -2361.07493694860036246450864059451470      
   1.00000000000000000000000000000000000         4.00000000000000000000000000000000000        -2102.41332522970450325580905644830693      
   1.00000000000000000000000000000000000         4.00000000000000000000000000000000000        -1871.84962062996065147684597470515822      
   1.00000000000000000000000000000000000         4.00000000000000000000000000000000000        -1666.32820210975587356244273028208329      
   1.00000000000000000000000000000000000         4.00000000000000000000000000000000000        -1483.12574455095393166042503559428846      
   1.00000000000000000000000000000000000         4.00000000000000000000000000000000000        -1319.81508188717271041209170805524290      
   1.00000000000000000000000000000000000         4.00000000000000000000000000000000000        -1174.23300008474275662574363403992464      
   1.00000000000000000000000000000000000         4.00000000000000000000000000000000000        -1044.45153260677208635499676181346369      
   1.00000000000000000000000000000000000         4.00000000000000000000000000000000000        -928.752377468565250396746885507022720      
   1.00000000000000000000000000000000000         4.00000000000000000000000000000000000        -825.604096414265352794833457832357836      
   1.00000000000000000000000000000000000         4.00000000000000000000000000000000000        -733.641793661646028013439939146081677      
   1.00000000000000000000000000000000000         4.00000000000000000000000000000000000        -651.649004564343235330714337819974282      
   1.00000000000000000000000000000000000         4.00000000000000000000000000000000000        -578.541553865078488455038689650611519      
   1.00000000000000000000000000000000000         4.00000000000000000000000000000000000        -513.353169348700941557441583405135483      
   1.00000000000000000000000000000000000         4.00000000000000000000000000000000000        -455.222659996964830891864547120334719      
   1.00000000000000000000000000000000000         4.00000000000000000000000000000000000        -403.382488506946263955980436896368914      
   1.00000000000000000000000000000000000         4.00000000000000000000000000000000000        -357.148586537361676731140682833715859      
   1.00000000000000000000000000000000000         4.00000000000000000000000000000000000        -315.911277537294497578912583233855415      
   1.00000000000000000000000000000000000         4.00000000000000000000000000000000000        -279.127186708782185753396475536134822      
   1.00000000000000000000000000000000000         4.00000000000000000000000000000000000        -246.312030753382392375629402458224534      
   1.00000000000000000000000000000000000         4.00000000000000000000000000000000000        -217.034191727035869341914768412328683      
   1.00000000000000000000000000000000000         4.00000000000000000000000000000000000        -190.908989732184453281592785959055933      
   1.00000000000000000000000000000000000         4.00000000000000000000000000000000000        -167.593578449248237964244453746089075      
   1.00000000000000000000000000000000000         4.00000000000000000000000000000000000        -146.782395774265930033352105265129584      
   1.00000000000000000000000000000000000         4.00000000000000000000000000000000000        -128.203109195423905703698311757698104      
   1.00000000000000000000000000000000000         4.00000000000000000000000000000000000        -111.613002106083953439412954965141546      
   1.00000000000000000000000000000000000         4.00000000000000000000000000000000000        -96.7957531028791279213261235249577396      
   1.00000000000000000000000000000000000         4.00000000000000000000000000000000000        -83.5585655321202307547994122636596724      
   1.00000000000000000000000000000000000         4.00000000000000000000000000000000000        -71.7296091953377170195224005943635802      
   1.00000000000000000000000000000000000         4.00000000000000000000000000000000000        -61.1557402669458971198790337882450920      
   1.00000000000000000000000000000000000         4.00000000000000000000000000000000000        -51.7004691687221345022876578809654837      
   1.00000000000000000000000000000000000         4.00000000000000000000000000000000000        -43.2421494360300250945630737097027665      
   1.00000000000000000000000000000000000         4.00000000000000000000000000000000000        -35.6723635431417202675434848541144880      
   1.00000000000000000000000000000000000         4.00000000000000000000000000000000000        -28.8944842685421354383317501909148871      
   1.00000000000000000000000000000000000         4.00000000000000000000000000000000000        -22.8223925104066942323220225237828281      
   1.00000000000000000000000000000000000         4.00000000000000000000000000000000000        -17.3793345384430073992815874627343298      
   1.00000000000000000000000000000000000         4.00000000000000000000000000000000000        -12.4969035185227185373455880178169015      
   1.00000000000000000000000000000000000         4.00000000000000000000000000000000000        -8.11413179555417048267075401917892877      
   1.00000000000000000000000000000000000         4.00000000000000000000000000000000000        -4.17668188974110916066711921075487429      
   1.00000000000000000000000000000000000         4.00000000000000000000000000000000000       -0.636125471239299683438387864311853334      
   1.00000000000000000000000000000000000         4.00000000000000000000000000000000000         2.55069925435718275938509957892967703      
   1.00000000000000000000000000000000000         4.00000000000000000000000000000000000         5.42226027680415450486932186290902332      
   1.00000000000000000000000000000000000         4.00000000000000000000000000000000000         8.01284222805960617605617912285766288      
   1.00000000000000000000000000000000000         4.00000000000000000000000000000000000         10.3530013185196671085974380096056004      
   1.00000000000000000000000000000000000         4.00000000000000000000000000000000000         12.4699707993656996810148413990007398      
   1.00000000000000000000000000000000000         4.00000000000000000000000000000000000         14.3880223312615250468954011169083601      
   1.00000000000000000000000000000000000         4.00000000000000000000000000000000000         16.1287880545438377381561082995787811      
   1.00000000000000000000000000000000000         4.00000000000000000000000000000000000         17.7115476345815575942608034643605575      
   1.00000000000000000000000000000000000         4.00000000000000000000000000000000000         19.1534840912216391072405286699421585      
   1.00000000000000000000000000000000000         4.00000000000000000000000000000000000         20.4699118070226512366568893892059972      
   1.00000000000000000000000000000000000         4.00000000000000000000000000000000000         21.6744797398068576378680510185859523      
   1.00000000000000000000000000000000000         4.00000000000000000000000000000000000         22.7793525360378987180925334743642263      
   1.00000000000000000000000000000000000         4.00000000000000000000000000000000000         23.7953719482885593402465163985750312      
   1.00000000000000000000000000000000000         4.00000000000000000000000000000000000         24.7322006987103479626197139035469818      
   1.00000000000000000000000000000000000         4.00000000000000000000000000000000000         25.5984506974857222226727107089121776      
