   2.00000000000000000000000000000000000         1.00000000000000000000000000000000000        -11355.1371119330240588730966137278490      
   2.00000000000000000000000000000000000         1.00000000000000000000000000000000000        -11355.1371119330240588730966137278490      
   2.00000000000000000000000000000000000         1.00000000000000000000000000000000000        -11355.1371119330240588730966137278490      
   2.00000000000000000000000000000000000         1.00000000000000000000000000000000000        -11355.1371119330240588730966137278490      
   2.00000000000000000000000000000000000         1.00000000000000000000000000000000000        -11355.1371119330240588730966137278490      
   2.00000000000000000000000000000000000         1.00000000000000000000000000000000000        -11355.1371119330240588730966137278490      
   2.00000000000000000000000000000000000         1.00000000000000000000000000000000000        -11355.1371119330240588730966137278490      
   2.00000000000000000000000000000000000         1.00000000000000000000000000000000000        -11355.1371119330240588730966137278490      
   2.00000000000000000000000000000000000         1.00000000000000000000000000000000000        -11355.1371119330240588730966137278490      
   2.00000000000000000000000000000000000         1.00000000000000000000000000000000000        -11355.1371119330240588730966137278490      
   2.00000000000000000000000000000000000         1.00000000000000000000000000000000000        -11355.1371119330240588730966137278490      
   2.00000000000000000000000000000000000         1.00000000000000000000000000000000000        -11355.1371119330240588730966137278490      
   2.00000000000000000000000000000000000         1.00000000000000000000000000000000000        -11355.1371119330240588730966137278490      
   2.00000000000000000000000000000000000         1.00000000000000000000000000000000000        -11355.1371119330240588730966137278490      
   2.00000000000000000000000000000000000         1.00000000000000000000000000000000000        -11355.1371119330240588730966137278490      
   2.00000000000000000000000000000000000         1.00000000000000000000000000000000000        -11355.1371119330240588730966137278490      
   2.00000000000000000000000000000000000         1.00000000000000000000000000000000000        -11355.1371119330240588730966137278490      
   2.00000000000000000000000000000000000         1.00000000000000000000000000000000000        -11355.1371119330240588730966137278490      
   2.00000000000000000000000000000000000         1.00000000000000000000000000000000000        -11355.1371119330240588730966137278490      
   2.00000000000000000000000000000000000         1.00000000000000000000000000000000000        -11355.1371119330240588730966137278490      
   2.00000000000000000000000000000000000         1.00000000000000000000000000000000000        -11355.1371119330240588730966137278490      
   2.00000000000000000000000000000000000         1.00000000000000000000000000000000000        -11355.1371119330240588730966137278490      
   2.00000000000000000000000000000000000         1.00000000000000000000000000000000000        -11355.1371119330240588730966137278490      
   2.00000000000000000000000000000000000         1.00000000000000000000000000000000000        -11355.1371119330240588730966137278490      
   2.00000000000000000000000000000000000         1.00000000000000000000000000000000000        -11355.1371119330240588730966137278490      
   2.00000000000000000000000000000000000         1.00000000000000000000000000000000000        -11161.6234845527783923927382246209870      
   2.00000000000000000000000000000000000         1.00000000000000000000000000000000000        -9946.79392210828035711374863712935831      
   2.00000000000000000000000000000000000         1.00000000000000000000000000000000000        -8864.04463441092259600332486468509134      
   2.00000000000000000000000000000000000         1.00000000000000000000000000000000000        -7899.01201549091646340562101868311136      
   2.00000000000000000000000000000000000         1.00000000000000000000000000000000000        -7038.89448805270436112564780774787778      
   2.00000000000000000000000000000000000         1.00000000000000000000000000000000000        -6272.28263432202892279946388426851774      
   2.00000000000000000000000000000000000         1.00000000000000000000000000000000000        -5589.00780000402343977512240363668021      
   2.00000000000000000000000000000000000         1.00000000000000000000000000000000000        -4980.00716241883021732402612245256420      
   2.00000000000000000000000000000000000         1.00000000000000000000000000000000000        -4437.20347235088629929060647211443559      
   2.00000000000000000000000000000000000         1.00000000000000000000000000000000000        -3953.39787385928114082626129298228824      
   2.00000000000000000000000000000000000         1.00000000000000000000000000000000000        -3522.17437983318853145770967663454748      
   2.00000000000000000000000000000000000         1.00000000000000000000000000000000000        -3137.81473574103059154934482334317247      
   2.00000000000000000000000000000000000         1.00000000000000000000000000000000000        -2795.22254186705099427314842590014340      
   2.00000000000000000000000000000000000         1.00000000000000000000000000000000000        -2489.85562718347735928337790094709444      
   2.00000000000000000000000000000000000         1.00000000000000000000000000000000000        -2217.66577750064363347515033342090910      
   2.00000000000000000000000000000000000         1.00000000000000000000000000000000000        -1975.04501812424360655982043219850600      
   2.00000000000000000000000000000000000         1.00000000000000000000000000000000000        -1758.77773822321405487086044143186481      
   2.00000000000000000000000000000000000         1.00000000000000000000000000000000000        -1565.99802162769684720345019243863289      
   2.00000000000000000000000000000000000         1.00000000000000000000000000000000000        -1394.15161786269325331742778056565090      
   2.00000000000000000000000000000000000         1.00000000000000000000000000000000000        -1240.96204879613208975402825826727409      
   2.00000000000000000000000000000000000         1.00000000000000000000000000000000000        -1104.40040115716395759865675835460483      
   2.00000000000000000000000000000000000         1.00000000000000000000000000000000000        -982.658404089752323931305775566788353      
   2.00000000000000000000000000000000000         1.00000000000000000000000000000000000        -874.124434497054717680811374283712036      
   2.00000000000000000000000000000000000         1.00000000000000000000000000000000000        -777.362131782092274281588965644861340      
   2.00000000000000000000000000000000000         1.00000000000000000000000000000000000        -691.091338215309233914139620512685916      
   2.00000000000000000000000000000000000         1.00000000000000000000000000000000000        -614.171112019279859942069204126098003      
   2.00000000000000000000000000000000000         1.00000000000000000000000000000000000        -545.584587764517481500183032024261139      
   2.00000000000000000000000000000000000         1.00000000000000000000000000000000000        -484.425483183036329115621379867198586      
   2.00000000000000000000000000000000000         1.00000000000000000000000000000000000        -429.886073353280107172827390794733727      
   2.00000000000000000000000000000000000         1.00000000000000000000000000000000000        -381.246472681157761186940848842866985      
   2.00000000000000000000000000000000000         1.00000000000000000000000000000000000        -337.865082455586670110633663169440951      
   2.00000000000000000000000000000000000         1.00000000000000000000000000000000000        -299.170077223409045980345153801650880      
   2.00000000000000000000000000000000000         1.00000000000000000000000000000000000        -264.651817013049256113273490018696607      
   2.00000000000000000000000000000000000         1.00000000000000000000000000000000000        -233.856084721730062474844413484739728      
   2.00000000000000000000000000000000000         1.00000000000000000000000000000000000        -206.378058930484859754569632693469144      
   2.00000000000000000000000000000000000         1.00000000000000000000000000000000000        -181.856942169883026923584618532576836      
   2.00000000000000000000000000000000000         1.00000000000000000000000000000000000        -159.971173356818241615236595417260764      
   2.00000000000000000000000000000000000         1.00000000000000000000000000000000000        -140.434160874304690709043546479285594      
   2.00000000000000000000000000000000000         1.00000000000000000000000000000000000        -122.990479674842501180989281253335371      
   2.00000000000000000000000000000000000         1.00000000000000000000000000000000000        -107.412481945224554685197304984845690      
   2.00000000000000000000000000000000000         1.00000000000000000000000000000000000        -93.4972763583659113302081309549267962      
   2.00000000000000000000000000000000000         1.00000000000000000000000000000000000        -81.0640358286629178240210086374931342      
   2.00000000000000000000000000000000000         1.00000000000000000000000000000000000        -69.9515980464313270595195444705335100      
   2.00000000000000000000000000000000000         1.00000000000000000000000000000000000        -60.0163269519732525801452795679964554      
   2.00000000000000000000000000000000000         1.00000000000000000000000000000000000        -51.1302067723331184039483210161269268      
   2.00000000000000000000000000000000000         1.00000000000000000000000000000000000        -43.1791433297683508672892553388161431      
   2.00000000000000000000000000000000000         1.00000000000000000000000000000000000        -36.0614500813302828836486140899804593      
   2.00000000000000000000000000000000000         1.00000000000000000000000000000000000        -29.6864988002203375057404248356222246      
   2.00000000000000000000000000000000000         1.00000000000000000000000000000000000        -23.9735169942828851720090018897237439      
   2.00000000000000000000000000000000000         1.00000000000000000000000000000000000        -18.8505161041088204339683236558850766      
   2.00000000000000000000000000000000000         1.00000000000000000000000000000000000        -14.2533362585898811868855810498904820      
   2.00000000000000000000000000000000000         1.00000000000000000000000000000000000        -10.1247949124102886344047060744594866      
   2.00000000000000000000000000000000000         1.00000000000000000000000000000000000        -6.41392806841247950824551565751207118      
   2.00000000000000000000000000000000000         1.00000000000000000000000000000000000        -3.07531401631873000495058396546438837      
   2.00000000000000000000000000000000000         1.00000000000000000000000000000000000        -6.84706142323795934710818476853395028E-0002
   2.00000000000000000000000000000000000         1.00000000000000000000000000000000000         2.64268188478963382907944360705587962      
   2.00000000000000000000000000000000000         1.00000000000000000000000000000000000         5.09029958905794249936626995723945118      
   2.00000000000000000000000000000000000         1.00000000000000000000000000000000000         7.30304166027112772943759888968901757      
   2.00000000000000000000000000000000000         1.00000000000000000000000000000000000         9.30645060317917682169504945093600197      
   2.00000000000000000000000000000000000         1.00000000000000000000000000000000000         11.1232911991028016107262711164369602      
   2.00000000000000000000000000000000000         1.00000000000000000000000000000000000         12.7738525807504960856772125580808430      
   2.00000000000000000000000000000000000         1.00000000000000000000000000000000000         14.2762174566826255757479488284761785      
   2.00000000000000000000000000000000000         1.00000000000000000000000000000000000         15.6465020578676147916501192838241678      
   2.00000000000000000000000000000000000         1.00000000000000000000000000000000000         16.8990699902752523790395698127298478      
   2.00000000000000000000000000000000000         1.00000000000000000000000000000000000         18.0467228312010959361112897065687888      
   2.00000000000000000000000000000000000         1.00000000000000000000000000000000000         19.1008699984194028292292203129518595      
   2.00000000000000000000000000000000000         1.00000000000000000000000000000000000         20.0716801462250397670453084764874061      
   2.00000000000000000000000000000000000         1.00000000000000000000000000000000000         20.9682160972978644442881514405752464      
   2.00000000000000000000000000000000000         1.00000000000000000000000000000000000         21.7985551008534398171133177738170757      
   2.00000000000000000000000000000000000         1.00000000000000000000000000000000000         22.5698960128326764303694096358529303      
   2.00000000000000000000000000000000000         1.00000000000000000000000000000000000         23.2886548203464004945297079351043803      
   2.00000000000000000000000000000000000         1.00000000000000000000000000000000000         23.9605497779261898892298194712994761      
   2.00000000000000000000000000000000000         1.00000000000000000000000000000000000         24.5906772852878009412977625516462103      
   2.00000000000000000000000000000000000         1.00000000000000000000000000000000000         25.1835795134590060310792797595029650      
   2.00000000000000000000000000000000000         1.00000000000000000000000000000000000         25.7433046766294712116792540099328600      
   2.00000000000000000000000000000000000         1.00000000000000000000000000000000000         26.2734607494935026933863305940589705      
