   4.00000000000000000000000000000000000         1.00000000000000000000000000000000000        -11355.1371119330240588730966137278490      
   4.00000000000000000000000000000000000         1.00000000000000000000000000000000000        -11355.1371119330240588730966137278490      
   4.00000000000000000000000000000000000         1.00000000000000000000000000000000000        -11355.1371119330240588730966137278490      
   4.00000000000000000000000000000000000         1.00000000000000000000000000000000000        -11355.1371119330240588730966137278490      
   4.00000000000000000000000000000000000         1.00000000000000000000000000000000000        -11355.1371119330240588730966137278490      
   4.00000000000000000000000000000000000         1.00000000000000000000000000000000000        -11355.1371119330240588730966137278490      
   4.00000000000000000000000000000000000         1.00000000000000000000000000000000000        -11355.1371119330240588730966137278490      
   4.00000000000000000000000000000000000         1.00000000000000000000000000000000000        -11355.1371119330240588730966137278490      
   4.00000000000000000000000000000000000         1.00000000000000000000000000000000000        -11355.1371119330240588730966137278490      
   4.00000000000000000000000000000000000         1.00000000000000000000000000000000000        -11355.1371119330240588730966137278490      
   4.00000000000000000000000000000000000         1.00000000000000000000000000000000000        -11355.1371119330240588730966137278490      
   4.00000000000000000000000000000000000         1.00000000000000000000000000000000000        -11355.1371119330240588730966137278490      
   4.00000000000000000000000000000000000         1.00000000000000000000000000000000000        -11355.1371119330240588730966137278490      
   4.00000000000000000000000000000000000         1.00000000000000000000000000000000000        -11355.1371119330240588730966137278490      
   4.00000000000000000000000000000000000         1.00000000000000000000000000000000000        -11355.1371119330240588730966137278490      
   4.00000000000000000000000000000000000         1.00000000000000000000000000000000000        -11355.1371119330240588730966137278490      
   4.00000000000000000000000000000000000         1.00000000000000000000000000000000000        -11355.1371119330240588730966137278490      
   4.00000000000000000000000000000000000         1.00000000000000000000000000000000000        -11355.1371119330240588730966137278490      
   4.00000000000000000000000000000000000         1.00000000000000000000000000000000000        -11355.1371119330240588730966137278490      
   4.00000000000000000000000000000000000         1.00000000000000000000000000000000000        -11355.1371119330240588730966137278490      
   4.00000000000000000000000000000000000         1.00000000000000000000000000000000000        -11355.1371119330240588730966137278490      
   4.00000000000000000000000000000000000         1.00000000000000000000000000000000000        -11355.1371119330240588730966137278490      
   4.00000000000000000000000000000000000         1.00000000000000000000000000000000000        -10663.5243579174092588321885865622090      
   4.00000000000000000000000000000000000         1.00000000000000000000000000000000000        -9503.03188880480330633187844477264671      
   4.00000000000000000000000000000000000         1.00000000000000000000000000000000000        -8468.71058651495525265651180925301768      
   4.00000000000000000000000000000000000         1.00000000000000000000000000000000000        -7546.83945502131948562729701031128256      
   4.00000000000000000000000000000000000         1.00000000000000000000000000000000000        -6725.18964374310783360504690725841751      
   4.00000000000000000000000000000000000         1.00000000000000000000000000000000000        -5992.86217812789543973538606849679754      
   4.00000000000000000000000000000000000         1.00000000000000000000000000000000000        -5340.14333688113783104487715323739343      
   4.00000000000000000000000000000000000         1.00000000000000000000000000000000000        -4758.37575678630250491087283497448879      
   4.00000000000000000000000000000000000         1.00000000000000000000000000000000000        -4239.84355475489028763205953477078003      
   4.00000000000000000000000000000000000         1.00000000000000000000000000000000000        -3777.66994274574598876218904260968435      
   4.00000000000000000000000000000000000         1.00000000000000000000000000000000000        -3365.72597696584312255153450163580782      
   4.00000000000000000000000000000000000         1.00000000000000000000000000000000000        -2998.54923050987783688115707405040647      
   4.00000000000000000000000000000000000         1.00000000000000000000000000000000000        -2671.27131027401106119375924999014614      
   4.00000000000000000000000000000000000         1.00000000000000000000000000000000000        -2379.55325633724236663840842489152633      
   4.00000000000000000000000000000000000         1.00000000000000000000000000000000000        -2119.52796659945539860922915182909781      
   4.00000000000000000000000000000000000         1.00000000000000000000000000000000000        -1887.74888268606247853483147702883368      
   4.00000000000000000000000000000000000         1.00000000000000000000000000000000000        -1681.14425621237962074889805029177793      
   4.00000000000000000000000000000000000         1.00000000000000000000000000000000000        -1496.97638854884640557715281303514484      
   4.00000000000000000000000000000000000         1.00000000000000000000000000000000000        -1332.80530322353963950316111587926621      
   4.00000000000000000000000000000000000         1.00000000000000000000000000000000000        -1186.45636891683350969513457522757065      
   4.00000000000000000000000000000000000         1.00000000000000000000000000000000000        -1055.99144342501648543943337557399630      
   4.00000000000000000000000000000000000         1.00000000000000000000000000000000000        -939.683155690794060049950337356387213      
   4.00000000000000000000000000000000000         1.00000000000000000000000000000000000        -835.991984638847424542961649765772224      
   4.00000000000000000000000000000000000         1.00000000000000000000000000000000000        -743.545830666522017700588145832946685      
   4.00000000000000000000000000000000000         1.00000000000000000000000000000000000        -661.121808715739022358911111489007049      
   4.00000000000000000000000000000000000         1.00000000000000000000000000000000000        -587.630021331255952832493003574194780      
   4.00000000000000000000000000000000000         1.00000000000000000000000000000000000        -522.099096383618361823990088009601829      
   4.00000000000000000000000000000000000         1.00000000000000000000000000000000000        -463.663297551172999071137632144659397      
   4.00000000000000000000000000000000000         1.00000000000000000000000000000000000        -411.551036525069947203804278085636584      
   4.00000000000000000000000000000000000         1.00000000000000000000000000000000000        -365.074634501193687177365204830874200      
   4.00000000000000000000000000000000000         1.00000000000000000000000000000000000        -323.621197100241570416847726694835368      
   4.00000000000000000000000000000000000         1.00000000000000000000000000000000000        -286.644481631683211710357959897643177      
   4.00000000000000000000000000000000000         1.00000000000000000000000000000000000        -253.657648785134704002166153452965146      
   4.00000000000000000000000000000000000         1.00000000000000000000000000000000000        -224.226802568496004407179046904451188      
   4.00000000000000000000000000000000000         1.00000000000000000000000000000000000        -197.965232771755477464809095559555948      
   4.00000000000000000000000000000000000         1.00000000000000000000000000000000000        -174.528283557454355317917304040877957      
   4.00000000000000000000000000000000000         1.00000000000000000000000000000000000        -153.608780087124239399871937328520400      
   4.00000000000000000000000000000000000         1.00000000000000000000000000000000000        -134.932952497809087743245389564205108      
   4.00000000000000000000000000000000000         1.00000000000000000000000000000000000        -118.256803142316580996394195809965208      
   4.00000000000000000000000000000000000         1.00000000000000000000000000000000000        -103.362868888684137876139517706143692      
   4.00000000000000000000000000000000000         1.00000000000000000000000000000000000        -90.0573355165406053111173737021342619      
   4.00000000000000000000000000000000000         1.00000000000000000000000000000000000        -78.1674659201565326327170458417213512      
   4.00000000000000000000000000000000000         1.00000000000000000000000000000000000        -67.5393079920000389425661530440078599      
   4.00000000000000000000000000000000000         1.00000000000000000000000000000000000        -58.0356517718056681188767786120733382      
   4.00000000000000000000000000000000000         1.00000000000000000000000000000000000        -49.5342087537655384452570511390273748      
   4.00000000000000000000000000000000000         1.00000000000000000000000000000000000        -41.9259891923554013531632163088941555      
   4.00000000000000000000000000000000000         1.00000000000000000000000000000000000        -35.1138558746298121128609007137828631      
   4.00000000000000000000000000000000000         1.00000000000000000000000000000000000        -29.0112351684234456981236310886366318      
   4.00000000000000000000000000000000000         1.00000000000000000000000000000000000        -23.5409682428513103719382716440823574      
   4.00000000000000000000000000000000000         1.00000000000000000000000000000000000        -18.6342872175018542298423402799541297      
   4.00000000000000000000000000000000000         1.00000000000000000000000000000000000        -14.2299026544448124143385684276982557      
   4.00000000000000000000000000000000000         1.00000000000000000000000000000000000        -10.2731902846271464042375677093270506      
   4.00000000000000000000000000000000000         1.00000000000000000000000000000000000        -6.71546617701046549396636302620725665      
   4.00000000000000000000000000000000000         1.00000000000000000000000000000000000        -3.51334073238476539501562833270386806      
   4.00000000000000000000000000000000000         1.00000000000000000000000000000000000       -0.628142929748882561326609159562352059      
   4.00000000000000000000000000000000000         1.00000000000000000000000000000000000         1.97459281464305979281459403095743309      
   4.00000000000000000000000000000000000         1.00000000000000000000000000000000000         4.32558398463790152407115474084518542      
   4.00000000000000000000000000000000000         1.00000000000000000000000000000000000         6.45220756653124682918583355592870624      
   4.00000000000000000000000000000000000         1.00000000000000000000000000000000000         8.37886332504232764332297697000468291      
   4.00000000000000000000000000000000000         1.00000000000000000000000000000000000         10.1272975733674020948004688190388057      
   4.00000000000000000000000000000000000         1.00000000000000000000000000000000000         11.7168917335435854907547072580917808      
   4.00000000000000000000000000000000000         1.00000000000000000000000000000000000         13.1649195161438228980467640827850446      
   4.00000000000000000000000000000000000         1.00000000000000000000000000000000000         14.4867761319213024065138774012083843      
   4.00000000000000000000000000000000000         1.00000000000000000000000000000000000         15.6961825769025696283348388830538279      
   4.00000000000000000000000000000000000         1.00000000000000000000000000000000000         16.8053677016684127351488356690104019      
   4.00000000000000000000000000000000000         1.00000000000000000000000000000000000         17.8252304807712565838102431906757396      
   4.00000000000000000000000000000000000         1.00000000000000000000000000000000000         18.7654846355056456472924987888388496      
   4.00000000000000000000000000000000000         1.00000000000000000000000000000000000         19.6347875290881124282182497900054617      
   4.00000000000000000000000000000000000         1.00000000000000000000000000000000000         20.4408550446071561002888097731128800      
   4.00000000000000000000000000000000000         1.00000000000000000000000000000000000         21.1905639701039318539504269481776850      
   4.00000000000000000000000000000000000         1.00000000000000000000000000000000000         21.8900432493714661749528281720552798      
   4.00000000000000000000000000000000000         1.00000000000000000000000000000000000         22.5447553093150629154149522825443848      
   4.00000000000000000000000000000000000         1.00000000000000000000000000000000000         23.1595685430385611458940967895083549      
   4.00000000000000000000000000000000000         1.00000000000000000000000000000000000         23.7388219104629612952411942975106831      
   4.00000000000000000000000000000000000         1.00000000000000000000000000000000000         24.2863825136883797180621202534768281      
   4.00000000000000000000000000000000000         1.00000000000000000000000000000000000         24.8056969110894040929282646111808027      
   4.00000000000000000000000000000000000         1.00000000000000000000000000000000000         25.2998368510507184055059447208215618      
   4.00000000000000000000000000000000000         1.00000000000000000000000000000000000         25.7715400322018830754694366409819064      
   4.00000000000000000000000000000000000         1.00000000000000000000000000000000000         26.2232464310148212963351750210414928      
