   1.00000000000000000000000000000000000         4.00000000000000000000000000000000000        -11355.1371119330240588730966137278490      
   1.00000000000000000000000000000000000         4.00000000000000000000000000000000000        -11355.1371119330240588730966137278490      
   1.00000000000000000000000000000000000         4.00000000000000000000000000000000000        -11355.1371119330240588730966137278490      
   1.00000000000000000000000000000000000         4.00000000000000000000000000000000000        -11355.1371119330240588730966137278490      
   1.00000000000000000000000000000000000         4.00000000000000000000000000000000000        -11355.1371119330240588730966137278490      
   1.00000000000000000000000000000000000         4.00000000000000000000000000000000000        -11355.1371119330240588730966137278490      
   1.00000000000000000000000000000000000         4.00000000000000000000000000000000000        -11355.1371119330240588730966137278490      
   1.00000000000000000000000000000000000         4.00000000000000000000000000000000000        -11355.1371119330240588730966137278490      
   1.00000000000000000000000000000000000         4.00000000000000000000000000000000000        -11355.1371119330240588730966137278490      
   1.00000000000000000000000000000000000         4.00000000000000000000000000000000000        -11355.1371119330240588730966137278490      
   1.00000000000000000000000000000000000         4.00000000000000000000000000000000000        -11355.1371119330240588730966137278490      
   1.00000000000000000000000000000000000         4.00000000000000000000000000000000000        -11355.1371119330240588730966137278490      
   1.00000000000000000000000000000000000         4.00000000000000000000000000000000000        -11355.1371119330240588730966137278490      
   1.00000000000000000000000000000000000         4.00000000000000000000000000000000000        -11355.1371119330240588730966137278490      
   1.00000000000000000000000000000000000         4.00000000000000000000000000000000000        -11355.1371119330240588730966137278490      
   1.00000000000000000000000000000000000         4.00000000000000000000000000000000000        -11355.1371119330240588730966137278490      
   1.00000000000000000000000000000000000         4.00000000000000000000000000000000000        -11355.1371119330240588730966137278490      
   1.00000000000000000000000000000000000         4.00000000000000000000000000000000000        -11355.1371119330240588730966137278490      
   1.00000000000000000000000000000000000         4.00000000000000000000000000000000000        -11355.1371119330240588730966137278490      
   1.00000000000000000000000000000000000         4.00000000000000000000000000000000000        -11355.1371119330240588730966137278490      
   1.00000000000000000000000000000000000         4.00000000000000000000000000000000000        -11355.1371119330240588730966137278490      
   1.00000000000000000000000000000000000         4.00000000000000000000000000000000000        -10824.5672164223677538675354999409845      
   1.00000000000000000000000000000000000         4.00000000000000000000000000000000000        -9646.29127160069436233544985696835976      
   1.00000000000000000000000000000000000         4.00000000000000000000000000000000000        -8596.12042990186127813463803440585564      
   1.00000000000000000000000000000000000         4.00000000000000000000000000000000000        -7660.12338154097983197389419578208346      
   1.00000000000000000000000000000000000         4.00000000000000000000000000000000000        -6825.88383360283616871173848061558859      
   1.00000000000000000000000000000000000         4.00000000000000000000000000000000000        -6082.33575337860256180673253477585168      
   1.00000000000000000000000000000000000         4.00000000000000000000000000000000000        -5419.61652883511758668929133017883384      
   1.00000000000000000000000000000000000         4.00000000000000000000000000000000000        -4828.93609774537695633325888285552122      
   1.00000000000000000000000000000000000         4.00000000000000000000000000000000000        -4302.46030890330909946568095048986012      
   1.00000000000000000000000000000000000         4.00000000000000000000000000000000000        -3833.20696769702111418961438275143130      
   1.00000000000000000000000000000000000         4.00000000000000000000000000000000000        -3414.95318662843106841526326142245165      
   1.00000000000000000000000000000000000         4.00000000000000000000000000000000000        -3042.15281137697268358047513157426256      
   1.00000000000000000000000000000000000         4.00000000000000000000000000000000000        -2709.86282670140673787675646611730483      
   1.00000000000000000000000000000000000         4.00000000000000000000000000000000000        -2413.67776563076937239189151959263880      
   1.00000000000000000000000000000000000         4.00000000000000000000000000000000000        -2149.67125159427181759154587143727748      
   1.00000000000000000000000000000000000         4.00000000000000000000000000000000000        -1914.34389778973222391312253259534603      
   1.00000000000000000000000000000000000         4.00000000000000000000000000000000000        -1704.57687244681317014501332109126310      
   1.00000000000000000000000000000000000         4.00000000000000000000000000000000000        -1517.59051382432009924791297770723998      
   1.00000000000000000000000000000000000         4.00000000000000000000000000000000000        -1350.90744578771888168737974043796160      
   1.00000000000000000000000000000000000         4.00000000000000000000000000000000000        -1202.31970453299582233882243456655061      
   1.00000000000000000000000000000000000         4.00000000000000000000000000000000000        -1069.85944024845836196851805531327345      
   1.00000000000000000000000000000000000         4.00000000000000000000000000000000000        -951.772804943329192675857466977361751      
   1.00000000000000000000000000000000000         4.00000000000000000000000000000000000        -846.496679950484054116324260682458800      
   1.00000000000000000000000000000000000         4.00000000000000000000000000000000000        -752.637934291434079360797852781429436      
   1.00000000000000000000000000000000000         4.00000000000000000000000000000000000        -668.954938674657882895130257226127863      
   1.00000000000000000000000000000000000         4.00000000000000000000000000000000000        -594.341089829272692065177638603501159      
   1.00000000000000000000000000000000000         4.00000000000000000000000000000000000        -527.810126551962364413981494105148828      
   1.00000000000000000000000000000000000         4.00000000000000000000000000000000000        -468.483042620026471238926225334165193      
   1.00000000000000000000000000000000000         4.00000000000000000000000000000000000        -415.576422912857855412716408058947066      
   1.00000000000000000000000000000000000         4.00000000000000000000000000000000000        -368.392047969267226745657727246452206      
   1.00000000000000000000000000000000000         4.00000000000000000000000000000000000        -326.307629039446392028770591074901574      
   1.00000000000000000000000000000000000         4.00000000000000000000000000000000000        -288.768550691338723405839754051431397      
   1.00000000000000000000000000000000000         4.00000000000000000000000000000000000        -255.280511400820298696015863467083602      
   1.00000000000000000000000000000000000         4.00000000000000000000000000000000000        -225.402964470794732008077344775964982      
   1.00000000000000000000000000000000000         4.00000000000000000000000000000000000        -198.743272244183146388590755921776887      
   1.00000000000000000000000000000000000         4.00000000000000000000000000000000000        -174.951496040767356881296397998931419      
   1.00000000000000000000000000000000000         4.00000000000000000000000000000000000        -153.715752683513621365033452809871455      
   1.00000000000000000000000000000000000         4.00000000000000000000000000000000000        -134.758075998302484135871394432817160      
   1.00000000000000000000000000000000000         4.00000000000000000000000000000000000        -117.830728371680532240366046667237335      
   1.00000000000000000000000000000000000         4.00000000000000000000000000000000000        -102.712913423246396166058292041444221      
   1.00000000000000000000000000000000000         4.00000000000000000000000000000000000        -89.2078461718308199895758300774645398      
   1.00000000000000000000000000000000000         4.00000000000000000000000000000000000        -77.1401418183560729208577472052213724      
   1.00000000000000000000000000000000000         4.00000000000000000000000000000000000        -66.3534884961097289254524025370790800      
   1.00000000000000000000000000000000000         4.00000000000000000000000000000000000        -56.7085731072429013104477377083241561      
   1.00000000000000000000000000000000000         4.00000000000000000000000000000000000        -48.0812327226034515244289541141420125      
   1.00000000000000000000000000000000000         4.00000000000000000000000000000000000        -40.3608070151031023019816682132273411      
   1.00000000000000000000000000000000000         4.00000000000000000000000000000000000        -33.4486698644102393974100297247401255      
   1.00000000000000000000000000000000000         4.00000000000000000000000000000000000        -27.2569206482548199404524788089897610      
   1.00000000000000000000000000000000000         4.00000000000000000000000000000000000        -21.7072178545761282183794730428159670      
   1.00000000000000000000000000000000000         4.00000000000000000000000000000000000        -16.7297395372552352122215809229144898      
   1.00000000000000000000000000000000000         4.00000000000000000000000000000000000        -12.2622568213113216010808432671074277      
   1.00000000000000000000000000000000000         4.00000000000000000000000000000000000        -8.24930816353872459933573552610842834      
   1.00000000000000000000000000000000000         4.00000000000000000000000000000000000        -4.64146341152505198890132242902165350      
   1.00000000000000000000000000000000000         4.00000000000000000000000000000000000        -1.39466789556066518065544652125780535      
   1.00000000000000000000000000000000000         4.00000000000000000000000000000000000         1.53034215006232352074523640281299850      
   1.00000000000000000000000000000000000         4.00000000000000000000000000000000000         4.16856059336573261092669623374953839      
   1.00000000000000000000000000000000000         4.00000000000000000000000000000000000         6.55117575205293630200501479130751923      
   1.00000000000000000000000000000000000         4.00000000000000000000000000000000000         8.70598424353588016437324466766494358      
   1.00000000000000000000000000000000000         4.00000000000000000000000000000000000         10.6577598291599054933758034828749173      
   1.00000000000000000000000000000000000         4.00000000000000000000000000000000000         12.4285821469651492402586029841062192      
   1.00000000000000000000000000000000000         4.00000000000000000000000000000000000         14.0381296950685369973588732191561585      
   1.00000000000000000000000000000000000         4.00000000000000000000000000000000000         15.5039409533778418436827055450325061      
   1.00000000000000000000000000000000000         4.00000000000000000000000000000000000         16.8416471085643063826752640504987075      
   1.00000000000000000000000000000000000         4.00000000000000000000000000000000000         18.0651794704128192836277545720261910      
   1.00000000000000000000000000000000000         4.00000000000000000000000000000000000         19.1869543318385944016816569700963947      
   1.00000000000000000000000000000000000         4.00000000000000000000000000000000000         20.2180377255504594633784095988398395      
   1.00000000000000000000000000000000000         4.00000000000000000000000000000000000         21.1682922635815758932875974863405775      
   1.00000000000000000000000000000000000         4.00000000000000000000000000000000000         22.0465080081589479784353766165675946      
   1.00000000000000000000000000000000000         4.00000000000000000000000000000000000         22.8605191104886472900947012318369639      
   1.00000000000000000000000000000000000         4.00000000000000000000000000000000000         23.6173077651825667301625144824791028      
   1.00000000000000000000000000000000000         4.00000000000000000000000000000000000         24.3230968597387882307286122867117896      
   1.00000000000000000000000000000000000         4.00000000000000000000000000000000000         24.9834325484778780703551470994636996      
   1.00000000000000000000000000000000000         4.00000000000000000000000000000000000         25.6032578466410754708506124478243616      
   1.00000000000000000000000000000000000         4.00000000000000000000000000000000000         26.1869782211993442911272240772527344      
   1.00000000000000000000000000000000000         4.00000000000000000000000000000000000         26.7385200487234733007193164083118046      
   1.00000000000000000000000000000000000         4.00000000000000000000000000000000000         27.2613827160156443491894864300574551      
   1.00000000000000000000000000000000000         4.00000000000000000000000000000000000         27.7586850548461948577493423244652466      
   1.00000000000000000000000000000000000         4.00000000000000000000000000000000000         28.2332067269563193834381893507529746      
   1.00000000000000000000000000000000000         4.00000000000000000000000000000000000         28.6874251084805520557904692709259607      
   1.00000000000000000000000000000000000         4.00000000000000000000000000000000000         29.1235481632229065699307732597010830      
