   1.00000000000000000000000000000000000         4.00000000000000000000000000000000000        -11355.1371119330240588730966137278490      
   1.00000000000000000000000000000000000         4.00000000000000000000000000000000000        -11355.1371119330240588730966137278490      
   1.00000000000000000000000000000000000         4.00000000000000000000000000000000000        -11355.1371119330240588730966137278490      
   1.00000000000000000000000000000000000         4.00000000000000000000000000000000000        -11355.1371119330240588730966137278490      
   1.00000000000000000000000000000000000         4.00000000000000000000000000000000000        -11355.1371119330240588730966137278490      
   1.00000000000000000000000000000000000         4.00000000000000000000000000000000000        -11355.1371119330240588730966137278490      
   1.00000000000000000000000000000000000         4.00000000000000000000000000000000000        -11355.1371119330240588730966137278490      
   1.00000000000000000000000000000000000         4.00000000000000000000000000000000000        -11355.1371119330240588730966137278490      
   1.00000000000000000000000000000000000         4.00000000000000000000000000000000000        -11355.1371119330240588730966137278490      
   1.00000000000000000000000000000000000         4.00000000000000000000000000000000000        -11355.1371119330240588730966137278490      
   1.00000000000000000000000000000000000         4.00000000000000000000000000000000000        -11355.1371119330240588730966137278490      
   1.00000000000000000000000000000000000         4.00000000000000000000000000000000000        -11355.1371119330240588730966137278490      
   1.00000000000000000000000000000000000         4.00000000000000000000000000000000000        -11355.1371119330240588730966137278490      
   1.00000000000000000000000000000000000         4.00000000000000000000000000000000000        -11355.1371119330240588730966137278490      
   1.00000000000000000000000000000000000         4.00000000000000000000000000000000000        -11355.1371119330240588730966137278490      
   1.00000000000000000000000000000000000         4.00000000000000000000000000000000000        -11355.1371119330240588730966137278490      
   1.00000000000000000000000000000000000         4.00000000000000000000000000000000000        -11355.1371119330240588730966137278490      
   1.00000000000000000000000000000000000         4.00000000000000000000000000000000000        -11355.1371119330240588730966137278490      
   1.00000000000000000000000000000000000         4.00000000000000000000000000000000000        -11355.1371119330240588730966137278490      
   1.00000000000000000000000000000000000         4.00000000000000000000000000000000000        -11355.1371119330240588730966137278490      
   1.00000000000000000000000000000000000         4.00000000000000000000000000000000000        -11355.1371119330240588730966137278490      
   1.00000000000000000000000000000000000         4.00000000000000000000000000000000000        -11355.1371119330240588730966137278490      
   1.00000000000000000000000000000000000         4.00000000000000000000000000000000000        -11355.1371119330240588730966137278490      
   1.00000000000000000000000000000000000         4.00000000000000000000000000000000000        -11355.1371119330240588730966137278490      
   1.00000000000000000000000000000000000         4.00000000000000000000000000000000000        -11355.1371119330240588730966137278490      
   1.00000000000000000000000000000000000         4.00000000000000000000000000000000000        -11355.1371119330240588730966137278490      
   1.00000000000000000000000000000000000         4.00000000000000000000000000000000000        -11355.1371119330240588730966137278490      
   1.00000000000000000000000000000000000         4.00000000000000000000000000000000000        -11355.1371119330240588730966137278490      
   1.00000000000000000000000000000000000         4.00000000000000000000000000000000000        -11355.1371119330240588730966137278490      
   1.00000000000000000000000000000000000         4.00000000000000000000000000000000000        -11355.1371119330240588730966137278490      
   1.00000000000000000000000000000000000         4.00000000000000000000000000000000000        -11294.9792091229007571627671318224004      
   1.00000000000000000000000000000000000         4.00000000000000000000000000000000000        -10065.2646969395874405090906445210777      
   1.00000000000000000000000000000000000         4.00000000000000000000000000000000000        -8969.24918382343690937360000671089417      
   1.00000000000000000000000000000000000         4.00000000000000000000000000000000000        -7992.39302905343797931432319325863774      
   1.00000000000000000000000000000000000         4.00000000000000000000000000000000000        -7121.73776419686182393530219012555163      
   1.00000000000000000000000000000000000         4.00000000000000000000000000000000000        -6345.73414210626234958358431133434399      
   1.00000000000000000000000000000000000         4.00000000000000000000000000000000000        -5654.08888542673974080624502252740116      
   1.00000000000000000000000000000000000         4.00000000000000000000000000000000000        -5037.62810105926869835005302905183091      
   1.00000000000000000000000000000000000         4.00000000000000000000000000000000000        -4488.17554817300423017557293483231007      
   1.00000000000000000000000000000000000         4.00000000000000000000000000000000000        -3998.44414445704830213210980103454783      
   1.00000000000000000000000000000000000         4.00000000000000000000000000000000000        -3561.93927096555521897501774861781273      
   1.00000000000000000000000000000000000         4.00000000000000000000000000000000000        -3172.87259247021880736148836584877053      
   1.00000000000000000000000000000000000         4.00000000000000000000000000000000000        -2826.08524976857858218589700273303141      
   1.00000000000000000000000000000000000         4.00000000000000000000000000000000000        -2516.97940475674172983193411171476015      
   1.00000000000000000000000000000000000         4.00000000000000000000000000000000000        -2241.45722991122669841876089570907549      
   1.00000000000000000000000000000000000         4.00000000000000000000000000000000000        -1995.86653260742027169309963752302972      
   1.00000000000000000000000000000000000         4.00000000000000000000000000000000000        -1776.95229274239077434394999661023615      
   1.00000000000000000000000000000000000         4.00000000000000000000000000000000000        -1581.81347059575614981179685845790562      
   1.00000000000000000000000000000000000         4.00000000000000000000000000000000000        -1407.86451179516263137478580805300801      
   1.00000000000000000000000000000000000         4.00000000000000000000000000000000000        -1252.80103858065411683447788109271069      
   1.00000000000000000000000000000000000         4.00000000000000000000000000000000000        -1114.56927211185519104297300215354911      
   1.00000000000000000000000000000000000         4.00000000000000000000000000000000000        -991.338780070562029238153329384763031      
   1.00000000000000000000000000000000000         4.00000000000000000000000000000000000        -881.478187935985145985152241565094568      
   1.00000000000000000000000000000000000         4.00000000000000000000000000000000000        -783.533531636023422839772536181216878      
   1.00000000000000000000000000000000000         4.00000000000000000000000000000000000        -696.208964327403977162418411829256240      
   1.00000000000000000000000000000000000         4.00000000000000000000000000000000000        -618.349561295382199587794599911483469      
   1.00000000000000000000000000000000000         4.00000000000000000000000000000000000        -548.925994804468108570608646992136232      
   1.00000000000000000000000000000000000         4.00000000000000000000000000000000000        -487.020875544759174185537423605928236      
   1.00000000000000000000000000000000000         4.00000000000000000000000000000000000        -431.816579433170897228637390145324194      
   1.00000000000000000000000000000000000         4.00000000000000000000000000000000000        -382.584398238613474284839052726895973      
   1.00000000000000000000000000000000000         4.00000000000000000000000000000000000        -338.674870066502335829677823446570435      
   1.00000000000000000000000000000000000         4.00000000000000000000000000000000000        -299.509161394006864528872861131014258      
   1.00000000000000000000000000000000000         4.00000000000000000000000000000000000        -264.571386300881011871861700780788309      
   1.00000000000000000000000000000000000         4.00000000000000000000000000000000000        -233.401760976735496497013387640309234      
   1.00000000000000000000000000000000000         4.00000000000000000000000000000000000        -205.590502669222163216244042001088791      
   1.00000000000000000000000000000000000         4.00000000000000000000000000000000000        -180.772392115879690404225892143832197      
   1.00000000000000000000000000000000000         4.00000000000000000000000000000000000        -158.621927306414910529858904013900818      
   1.00000000000000000000000000000000000         4.00000000000000000000000000000000000        -138.849004268789617937191566160015783      
   1.00000000000000000000000000000000000         4.00000000000000000000000000000000000        -121.195067565768435954038437080874054      
   1.00000000000000000000000000000000000         4.00000000000000000000000000000000000        -105.429679421355754360555620346192331      
   1.00000000000000000000000000000000000         4.00000000000000000000000000000000000        -91.3474619515140316419531084136241836      
   1.00000000000000000000000000000000000         4.00000000000000000000000000000000000        -78.7653719244228853220191170980935663      
   1.00000000000000000000000000000000000         4.00000000000000000000000000000000000        -67.5202718880033668572669842774747301      
   1.00000000000000000000000000000000000         4.00000000000000000000000000000000000        -57.4667654350453644032769897004349872      
   1.00000000000000000000000000000000000         4.00000000000000000000000000000000000        -48.4752678812215896960895532265869236      
   1.00000000000000000000000000000000000         4.00000000000000000000000000000000000        -40.4302867550575817991751479961576614      
   1.00000000000000000000000000000000000         4.00000000000000000000000000000000000        -33.2288892830043425580045286655709380      
   1.00000000000000000000000000000000000         4.00000000000000000000000000000000000        -26.7793365340716189800453822882981570      
   1.00000000000000000000000000000000000         4.00000000000000000000000000000000000        -20.9998660999509611449033549035857579      
   1.00000000000000000000000000000000000         4.00000000000000000000000000000000000        -15.8176071575333887110714971230909484      
   1.00000000000000000000000000000000000         4.00000000000000000000000000000000000        -11.1676135173604447261033501564064007      
   1.00000000000000000000000000000000000         4.00000000000000000000000000000000000        -6.99200182714906745657082988619884830      
   1.00000000000000000000000000000000000         4.00000000000000000000000000000000000        -3.23918349487465205141768981252415718      
   1.00000000000000000000000000000000000         4.00000000000000000000000000000000000        0.136819860501729625519165540175693693      
   1.00000000000000000000000000000000000         4.00000000000000000000000000000000000         3.17698651421489309304812414274972938      
   1.00000000000000000000000000000000000         4.00000000000000000000000000000000000         5.91783839251097051370196316712737961      
   1.00000000000000000000000000000000000         4.00000000000000000000000000000000000         8.39192569641927864059068601877247170      
   1.00000000000000000000000000000000000         4.00000000000000000000000000000000000         10.6282588231436380393094438428130293      
   1.00000000000000000000000000000000000         4.00000000000000000000000000000000000         12.6526933164075863770767807893791662      
   1.00000000000000000000000000000000000         4.00000000000000000000000000000000000         14.4882729538106846758770865014993253      
   1.00000000000000000000000000000000000         4.00000000000000000000000000000000000         16.1555355237566870871893617334081304      
   1.00000000000000000000000000000000000         4.00000000000000000000000000000000000         17.6727853494276318586347849036131648      
   1.00000000000000000000000000000000000         4.00000000000000000000000000000000000         19.0563361760314138445620222243270766      
   1.00000000000000000000000000000000000         4.00000000000000000000000000000000000         20.3207276442890442294130457206830285      
   1.00000000000000000000000000000000000         4.00000000000000000000000000000000000         21.4789182226332518395838134067198235      
   1.00000000000000000000000000000000000         4.00000000000000000000000000000000000         22.5424571582114827687272779684147391      
   1.00000000000000000000000000000000000         4.00000000000000000000000000000000000         23.5216377283786368322963639401254075      
   1.00000000000000000000000000000000000         4.00000000000000000000000000000000000         24.4256338262337393295443026165046836      
   1.00000000000000000000000000000000000         4.00000000000000000000000000000000000         25.2626216926076352525105293936279060      
   1.00000000000000000000000000000000000         4.00000000000000000000000000000000000         26.0398884098112226353457392103293738      
   1.00000000000000000000000000000000000         4.00000000000000000000000000000000000         26.7639285967903471732945779456498190      
