   1.00000000000000000000000000000000000         4.00000000000000000000000000000000000        -11355.1371119330240588730966137278490      
   1.00000000000000000000000000000000000         4.00000000000000000000000000000000000        -11355.1371119330240588730966137278490      
   1.00000000000000000000000000000000000         4.00000000000000000000000000000000000        -11355.1371119330240588730966137278490      
   1.00000000000000000000000000000000000         4.00000000000000000000000000000000000        -11355.1371119330240588730966137278490      
   1.00000000000000000000000000000000000         4.00000000000000000000000000000000000        -11355.1371119330240588730966137278490      
   1.00000000000000000000000000000000000         4.00000000000000000000000000000000000        -11355.1371119330240588730966137278490      
   1.00000000000000000000000000000000000         4.00000000000000000000000000000000000        -11355.1371119330240588730966137278490      
   1.00000000000000000000000000000000000         4.00000000000000000000000000000000000        -11355.1371119330240588730966137278490      
   1.00000000000000000000000000000000000         4.00000000000000000000000000000000000        -11355.1371119330240588730966137278490      
   1.00000000000000000000000000000000000         4.00000000000000000000000000000000000        -11355.1371119330240588730966137278490      
   1.00000000000000000000000000000000000         4.00000000000000000000000000000000000        -11355.1371119330240588730966137278490      
   1.00000000000000000000000000000000000         4.00000000000000000000000000000000000        -11355.1371119330240588730966137278490      
   1.00000000000000000000000000000000000         4.00000000000000000000000000000000000        -11355.1371119330240588730966137278490      
   1.00000000000000000000000000000000000         4.00000000000000000000000000000000000        -11355.1371119330240588730966137278490      
   1.00000000000000000000000000000000000         4.00000000000000000000000000000000000        -11355.1371119330240588730966137278490      
   1.00000000000000000000000000000000000         4.00000000000000000000000000000000000        -11355.1371119330240588730966137278490      
   1.00000000000000000000000000000000000         4.00000000000000000000000000000000000        -11355.1371119330240588730966137278490      
   1.00000000000000000000000000000000000         4.00000000000000000000000000000000000        -11355.1371119330240588730966137278490      
   1.00000000000000000000000000000000000         4.00000000000000000000000000000000000        -11355.1371119330240588730966137278490      
   1.00000000000000000000000000000000000         4.00000000000000000000000000000000000        -11355.1371119330240588730966137278490      
   1.00000000000000000000000000000000000         4.00000000000000000000000000000000000        -11355.1371119330240588730966137278490      
   1.00000000000000000000000000000000000         4.00000000000000000000000000000000000        -11302.2482725554179505309961025594372      
   1.00000000000000000000000000000000000         4.00000000000000000000000000000000000        -10072.0249610079937089139190437014679      
   1.00000000000000000000000000000000000         4.00000000000000000000000000000000000        -8975.55597998125746272815721045691564      
   1.00000000000000000000000000000000000         4.00000000000000000000000000000000000        -7998.29567151053546469490746155801077      
   1.00000000000000000000000000000000000         4.00000000000000000000000000000000000        -7127.28020428903964995495960331213963      
   1.00000000000000000000000000000000000         4.00000000000000000000000000000000000        -6350.95555150278753544698864146759453      
   1.00000000000000000000000000000000000         4.00000000000000000000000000000000000        -5659.02417591459478218769104832310471      
   1.00000000000000000000000000000000000         4.00000000000000000000000000000000000        -5042.30838780135367000428849845388733      
   1.00000000000000000000000000000000000         4.00000000000000000000000000000000000        -4492.62856258744400804198854595320422      
   1.00000000000000000000000000000000000         4.00000000000000000000000000000000000        -4002.69460219626246104603460749141555      
   1.00000000000000000000000000000000000         4.00000000000000000000000000000000000        -3566.00919987794929258603095785477002      
   1.00000000000000000000000000000000000         4.00000000000000000000000000000000000        -3176.78162489634929546542673464371986      
   1.00000000000000000000000000000000000         4.00000000000000000000000000000000000        -2829.85088305038422640558879803293165      
   1.00000000000000000000000000000000000         4.00000000000000000000000000000000000        -2520.61723341664028056853503640147127      
   1.00000000000000000000000000000000000         4.00000000000000000000000000000000000        -2244.98115258195272344281597392117007      
   1.00000000000000000000000000000000000         4.00000000000000000000000000000000000        -1999.28893645843723091513239918582032      
   1.00000000000000000000000000000000000         4.00000000000000000000000000000000000        -1780.28421785010379809448444325138508      
   1.00000000000000000000000000000000000         4.00000000000000000000000000000000000        -1585.06475643861837872679428343747490      
   1.00000000000000000000000000000000000         4.00000000000000000000000000000000000        -1411.04392781757617382135280809826186      
   1.00000000000000000000000000000000000         4.00000000000000000000000000000000000        -1255.91640055816926361796481318866237      
   1.00000000000000000000000000000000000         4.00000000000000000000000000000000000        -1117.62754586176338163486411557511865      
   1.00000000000000000000000000000000000         4.00000000000000000000000000000000000        -994.346173884059127333704385650672624      
   1.00000000000000000000000000000000000         4.00000000000000000000000000000000000        -884.440234958423672575676178287564760      
   1.00000000000000000000000000000000000         4.00000000000000000000000000000000000        -786.455163288389642632899179359022108      
   1.00000000000000000000000000000000000         4.00000000000000000000000000000000000        -699.094575743278231019452369495782908      
   1.00000000000000000000000000000000000         4.00000000000000000000000000000000000        -621.203069641691189429203249272675445      
   1.00000000000000000000000000000000000         4.00000000000000000000000000000000000        -551.750891259910083963821465919576072      
   1.00000000000000000000000000000000000         4.00000000000000000000000000000000000        -489.820271625624142606029186894001843      
   1.00000000000000000000000000000000000         4.00000000000000000000000000000000000        -434.593248281271346270347167605281516      
   1.00000000000000000000000000000000000         4.00000000000000000000000000000000000        -385.340811419191361431299749720450612      
   1.00000000000000000000000000000000000         4.00000000000000000000000000000000000        -341.413230364398214445847360718133401      
   1.00000000000000000000000000000000000         4.00000000000000000000000000000000000        -302.231432043276384594334914358377097      
   1.00000000000000000000000000000000000         4.00000000000000000000000000000000000        -267.279317035718047548899096658646289      
   1.00000000000000000000000000000000000         4.00000000000000000000000000000000000        -236.096911249381822825741696456848200      
   1.00000000000000000000000000000000000         4.00000000000000000000000000000000000        -208.274262342951236973717766170166142      
   1.00000000000000000000000000000000000         4.00000000000000000000000000000000000        -183.445999907637857581497384657978838      
   1.00000000000000000000000000000000000         4.00000000000000000000000000000000000        -161.286487223842684159980565025883672      
   1.00000000000000000000000000000000000         4.00000000000000000000000000000000000        -141.505500259732312083759525005840652      
   1.00000000000000000000000000000000000         4.00000000000000000000000000000000000        -123.844376574666261453763353433267366      
   1.00000000000000000000000000000000000         4.00000000000000000000000000000000000        -108.072583025763740293972529903655409      
   1.00000000000000000000000000000000000         4.00000000000000000000000000000000000        -93.9846567331613219562104361036490568      
   1.00000000000000000000000000000000000         4.00000000000000000000000000000000000        -81.3974787124290663866424390725524499      
   1.00000000000000000000000000000000000         4.00000000000000000000000000000000000        -70.1478439969036907713875942975896760      
   1.00000000000000000000000000000000000         4.00000000000000000000000000000000000        -60.0902960069384576376578703660834258      
   1.00000000000000000000000000000000000         4.00000000000000000000000000000000000        -51.0951964294654863368611653411075245      
   1.00000000000000000000000000000000000         4.00000000000000000000000000000000000        -43.0470049963449520383842292801447672      
   1.00000000000000000000000000000000000         4.00000000000000000000000000000000000        -35.8427463352050113523940269061828474      
   1.00000000000000000000000000000000000         4.00000000000000000000000000000000000        -29.3906435488145870771627749649734272      
   1.00000000000000000000000000000000000         4.00000000000000000000000000000000000        -23.6089003914174773041425489974494156      
   1.00000000000000000000000000000000000         4.00000000000000000000000000000000000        -18.4246158822476486807857831703143303      
   1.00000000000000000000000000000000000         4.00000000000000000000000000000000000        -13.7728169538065038427885202314306144      
   1.00000000000000000000000000000000000         4.00000000000000000000000000000000000        -9.59559629873249071818525155680299961      
   1.00000000000000000000000000000000000         4.00000000000000000000000000000000000        -5.84134397501482687418964574817791967      
   1.00000000000000000000000000000000000         4.00000000000000000000000000000000000        -2.46406257341937426242188168934612755      
   1.00000000000000000000000000000000000         4.00000000000000000000000000000000000        0.577243140185514462232535377974072551      
   1.00000000000000000000000000000000000         4.00000000000000000000000000000000000         3.31911020667868254090659756784479525      
   1.00000000000000000000000000000000000         4.00000000000000000000000000000000000         5.79410229802003002251030356970629877      
   1.00000000000000000000000000000000000         4.00000000000000000000000000000000000         8.03124181739289736958443161036259504      
   1.00000000000000000000000000000000000         4.00000000000000000000000000000000000         10.0563950088613325720360728062719145      
   1.00000000000000000000000000000000000         4.00000000000000000000000000000000000         11.8926151867134148274671791978850995      
   1.00000000000000000000000000000000000         4.00000000000000000000000000000000000         13.5604486389354868006954126165377074      
   1.00000000000000000000000000000000000         4.00000000000000000000000000000000000         15.0782072639705424971042363582993984      
   1.00000000000000000000000000000000000         4.00000000000000000000000000000000000         16.4622115584849101980817448744476485      
   1.00000000000000000000000000000000000         4.00000000000000000000000000000000000         17.7270071804432636509067413062502622      
   1.00000000000000000000000000000000000         4.00000000000000000000000000000000000         18.8855579611523909204384358473998435      
   1.00000000000000000000000000000000000         4.00000000000000000000000000000000000         19.9494179274262744897381534921480968      
   1.00000000000000000000000000000000000         4.00000000000000000000000000000000000         20.9288846165020986977891977681963065      
   1.00000000000000000000000000000000000         4.00000000000000000000000000000000000         21.8331357181029712647643470009692280      
   1.00000000000000000000000000000000000         4.00000000000000000000000000000000000         22.6703508568045123815183936363736178      
   1.00000000000000000000000000000000000         4.00000000000000000000000000000000000         23.4478201306833253833060942577391169      
   1.00000000000000000000000000000000000         4.00000000000000000000000000000000000         24.1720408464892700065578445902794735      
   1.00000000000000000000000000000000000         4.00000000000000000000000000000000000         24.8488037349585014584701954963942419      
   1.00000000000000000000000000000000000         4.00000000000000000000000000000000000         25.4832697902920979823217801159087327      
   1.00000000000000000000000000000000000         4.00000000000000000000000000000000000         26.0800387534134733829505805604439016      
   1.00000000000000000000000000000000000         4.00000000000000000000000000000000000         26.6432101477357923948680463058279142      
   1.00000000000000000000000000000000000         4.00000000000000000000000000000000000         27.1764376773469393421874765634669790      
   1.00000000000000000000000000000000000         4.00000000000000000000000000000000000         27.6829777094429042297998712023051233      
   1.00000000000000000000000000000000000         4.00000000000000000000000000000000000         28.1657324843420211039593080450227395      
   1.00000000000000000000000000000000000         4.00000000000000000000000000000000000         28.6272886264506947636564962032656627      
   1.00000000000000000000000000000000000         4.00000000000000000000000000000000000         29.0699514671977331286516308810789709      
