   1.00000000000000000000000000000000000         2.00000000000000000000000000000000000        -11355.1371119330240588730966137278490      
   1.00000000000000000000000000000000000         2.00000000000000000000000000000000000        -11355.1371119330240588730966137278490      
   1.00000000000000000000000000000000000         2.00000000000000000000000000000000000        -11355.1371119330240588730966137278490      
   1.00000000000000000000000000000000000         2.00000000000000000000000000000000000        -11355.1371119330240588730966137278490      
   1.00000000000000000000000000000000000         2.00000000000000000000000000000000000        -11355.1371119330240588730966137278490      
   1.00000000000000000000000000000000000         2.00000000000000000000000000000000000        -11355.1371119330240588730966137278490      
   1.00000000000000000000000000000000000         2.00000000000000000000000000000000000        -11355.1371119330240588730966137278490      
   1.00000000000000000000000000000000000         2.00000000000000000000000000000000000        -11355.1371119330240588730966137278490      
   1.00000000000000000000000000000000000         2.00000000000000000000000000000000000        -11355.1371119330240588730966137278490      
   1.00000000000000000000000000000000000         2.00000000000000000000000000000000000        -11355.1371119330240588730966137278490      
   1.00000000000000000000000000000000000         2.00000000000000000000000000000000000        -11355.1371119330240588730966137278490      
   1.00000000000000000000000000000000000         2.00000000000000000000000000000000000        -11355.1371119330240588730966137278490      
   1.00000000000000000000000000000000000         2.00000000000000000000000000000000000        -11355.1371119330240588730966137278490      
   1.00000000000000000000000000000000000         2.00000000000000000000000000000000000        -11355.1371119330240588730966137278490      
   1.00000000000000000000000000000000000         2.00000000000000000000000000000000000        -11355.1371119330240588730966137278490      
   1.00000000000000000000000000000000000         2.00000000000000000000000000000000000        -11355.1371119330240588730966137278490      
   1.00000000000000000000000000000000000         2.00000000000000000000000000000000000        -11355.1371119330240588730966137278490      
   1.00000000000000000000000000000000000         2.00000000000000000000000000000000000        -11355.1371119330240588730966137278490      
   1.00000000000000000000000000000000000         2.00000000000000000000000000000000000        -11355.1371119330240588730966137278490      
   1.00000000000000000000000000000000000         2.00000000000000000000000000000000000        -11355.1371119330240588730966137278490      
   1.00000000000000000000000000000000000         2.00000000000000000000000000000000000        -11355.1371119330240588730966137278490      
   1.00000000000000000000000000000000000         2.00000000000000000000000000000000000        -11355.1371119330240588730966137278490      
   1.00000000000000000000000000000000000         2.00000000000000000000000000000000000        -11355.1371119330240588730966137278490      
   1.00000000000000000000000000000000000         2.00000000000000000000000000000000000        -11355.1371119330240588730966137278490      
   1.00000000000000000000000000000000000         2.00000000000000000000000000000000000        -11355.1371119330240588730966137278490      
   1.00000000000000000000000000000000000         2.00000000000000000000000000000000000        -11355.1371119330240588730966137278490      
   1.00000000000000000000000000000000000         2.00000000000000000000000000000000000        -11355.1371119330240588730966137278490      
   1.00000000000000000000000000000000000         2.00000000000000000000000000000000000        -11355.1371119330240588730966137278490      
   1.00000000000000000000000000000000000         2.00000000000000000000000000000000000        -11355.1371119330240588730966137278490      
   1.00000000000000000000000000000000000         2.00000000000000000000000000000000000        -11355.1371119330240588730966137278490      
   1.00000000000000000000000000000000000         2.00000000000000000000000000000000000        -11355.1371119330240588730966137278490      
   1.00000000000000000000000000000000000         2.00000000000000000000000000000000000        -11355.1371119330240588730966137278490      
   1.00000000000000000000000000000000000         2.00000000000000000000000000000000000        -11355.1371119330240588730966137278490      
   1.00000000000000000000000000000000000         2.00000000000000000000000000000000000        -11355.1371119330240588730966137278490      
   1.00000000000000000000000000000000000         2.00000000000000000000000000000000000        -10707.9896203235683491881134878109160      
   1.00000000000000000000000000000000000         2.00000000000000000000000000000000000        -9542.05985236869687545903003015180121      
   1.00000000000000000000000000000000000         2.00000000000000000000000000000000000        -8502.89255238476614752828803785066946      
   1.00000000000000000000000000000000000         2.00000000000000000000000000000000000        -7576.70242090008522948967487072660127      
   1.00000000000000000000000000000000000         2.00000000000000000000000000000000000        -6751.20329682805494808727701984587078      
   1.00000000000000000000000000000000000         2.00000000000000000000000000000000000        -6015.44512757418147180112058829761977      
   1.00000000000000000000000000000000000         2.00000000000000000000000000000000000        -5359.66866849100831906654988455454182      
   1.00000000000000000000000000000000000         2.00000000000000000000000000000000000        -4775.17598363101316602756970947028879      
   1.00000000000000000000000000000000000         2.00000000000000000000000000000000000        -4254.21502942113951271878499717973997      
   1.00000000000000000000000000000000000         2.00000000000000000000000000000000000        -3789.87678975444708084314239592964010      
   1.00000000000000000000000000000000000         2.00000000000000000000000000000000000        -3376.00359754404418903773477201242819      
   1.00000000000000000000000000000000000         2.00000000000000000000000000000000000        -3007.10742622202333833566288125903257      
   1.00000000000000000000000000000000000         2.00000000000000000000000000000000000        -2678.29706696123405056372221271602341      
   1.00000000000000000000000000000000000         2.00000000000000000000000000000000000        -2385.21322530587040486619715567034184      
   1.00000000000000000000000000000000000         2.00000000000000000000000000000000000        -2123.97067598259413858726399801731466      
   1.00000000000000000000000000000000000         2.00000000000000000000000000000000000        -1891.10670832168158723045964771023215      
   1.00000000000000000000000000000000000         2.00000000000000000000000000000000000        -1683.53517819025580453891760088879370      
   1.00000000000000000000000000000000000         2.00000000000000000000000000000000000        -1498.50555673467425754006669281359388      
   1.00000000000000000000000000000000000         2.00000000000000000000000000000000000        -1333.56643253376410306622520756161657      
   1.00000000000000000000000000000000000         2.00000000000000000000000000000000000        -1186.53298285865326626441205931469558      
   1.00000000000000000000000000000000000         2.00000000000000000000000000000000000        -1055.45798240257858046617505050710502      
   1.00000000000000000000000000000000000         2.00000000000000000000000000000000000        -938.605964784129602953814680702541592      
   1.00000000000000000000000000000000000         2.00000000000000000000000000000000000        -834.430193962774700021288457433774970      
   1.00000000000000000000000000000000000         2.00000000000000000000000000000000000        -741.552139991344778077975116682717682      
   1.00000000000000000000000000000000000         2.00000000000000000000000000000000000        -658.743186761179919798283307555992606      
   1.00000000000000000000000000000000000         2.00000000000000000000000000000000000        -584.908329012830742030215640362515557      
   1.00000000000000000000000000000000000         2.00000000000000000000000000000000000        -519.071642281551596617306545949555617      
   1.00000000000000000000000000000000000         2.00000000000000000000000000000000000        -460.363332972590251173956504402478435      
   1.00000000000000000000000000000000000         2.00000000000000000000000000000000000        -408.008196728641055703626009134771496      
   1.00000000000000000000000000000000000         2.00000000000000000000000000000000000        -361.315331939009982376609724971109493      
   1.00000000000000000000000000000000000         2.00000000000000000000000000000000000        -319.668971895007863056616938540736392      
   1.00000000000000000000000000000000000         2.00000000000000000000000000000000000        -282.520313939843947846957725426744893      
   1.00000000000000000000000000000000000         2.00000000000000000000000000000000000        -249.380237190803188930311634533791960      
   1.00000000000000000000000000000000000         2.00000000000000000000000000000000000        -219.812812202304994221107104790571770      
   1.00000000000000000000000000000000000         2.00000000000000000000000000000000000        -193.429516447015537453761764986617095      
   1.00000000000000000000000000000000000         2.00000000000000000000000000000000000        -169.884078857962452178629305917256841      
   1.00000000000000000000000000000000000         2.00000000000000000000000000000000000        -148.867885021858043770023077196461004      
   1.00000000000000000000000000000000000         2.00000000000000000000000000000000000        -130.105882053338058930685962350289020      
   1.00000000000000000000000000000000000         2.00000000000000000000000000000000000        -113.352928810285213343849789786439294      
   1.00000000000000000000000000000000000         2.00000000000000000000000000000000000        -98.3905430198122995242164509230952170      
   1.00000000000000000000000000000000000         2.00000000000000000000000000000000000        -85.0240021512430008049407260036841690      
   1.00000000000000000000000000000000000         2.00000000000000000000000000000000000        -73.0797595664362729142526649845758312      
   1.00000000000000000000000000000000000         2.00000000000000000000000000000000000        -62.4031416613389524815480186190471766      
   1.00000000000000000000000000000000000         2.00000000000000000000000000000000000        -52.8562954412341301477646605052894702      
   1.00000000000000000000000000000000000         2.00000000000000000000000000000000000        -44.3163592952558141803434555539649677      
   1.00000000000000000000000000000000000         2.00000000000000000000000000000000000        -36.6738326974590662640846647959652655      
   1.00000000000000000000000000000000000         2.00000000000000000000000000000000000        -29.8311232013693215833417313160172834      
   1.00000000000000000000000000000000000         2.00000000000000000000000000000000000        -23.7012514475113568995547031226576511      
   1.00000000000000000000000000000000000         2.00000000000000000000000000000000000        -18.2066970001546072130696295572348138      
   1.00000000000000000000000000000000000         2.00000000000000000000000000000000000        -13.2783696982296697409159771022166984      
   1.00000000000000000000000000000000000         2.00000000000000000000000000000000000        -8.85469287086762766946467442052738698      
   1.00000000000000000000000000000000000         2.00000000000000000000000000000000000        -4.88078625238940600904672907047624326      
   1.00000000000000000000000000000000000         2.00000000000000000000000000000000000        -1.30773775452349997793009594252901549      
   1.00000000000000000000000000000000000         2.00000000000000000000000000000000000         1.90804556728814963244238107044508364      
   1.00000000000000000000000000000000000         2.00000000000000000000000000000000000         4.80541596577892544862893908949250649      
   1.00000000000000000000000000000000000         2.00000000000000000000000000000000000         7.41900054764606411559420903508051704      
   1.00000000000000000000000000000000000         2.00000000000000000000000000000000000         9.77966075421833509590685594581209083      
   1.00000000000000000000000000000000000         2.00000000000000000000000000000000000         11.9149018740321637192925914690812518      
   1.00000000000000000000000000000000000         2.00000000000000000000000000000000000         13.8492380212992784174282327641182714      
   1.00000000000000000000000000000000000         2.00000000000000000000000000000000000         15.6045174233083999388435906891046437      
   1.00000000000000000000000000000000000         2.00000000000000000000000000000000000         17.2002123331271599502231872196977397      
   1.00000000000000000000000000000000000         2.00000000000000000000000000000000000         18.6536774145696628787440173602605640      
   1.00000000000000000000000000000000000         2.00000000000000000000000000000000000         19.9803800280412250614665060354654256      
   1.00000000000000000000000000000000000         2.00000000000000000000000000000000000         21.1941054730135374342968658854931991      
   1.00000000000000000000000000000000000         2.00000000000000000000000000000000000         22.3071399105731991704910104192776257      
   1.00000000000000000000000000000000000         2.00000000000000000000000000000000000         23.3304333933147041015689135337295840      
   1.00000000000000000000000000000000000         2.00000000000000000000000000000000000         24.2737451658855087090952309203763725      
