   2.00000000000000000000000000000000000         1.00000000000000000000000000000000000        -11355.1371119330240588730966137278490      
   2.00000000000000000000000000000000000         1.00000000000000000000000000000000000        -11355.1371119330240588730966137278490      
   2.00000000000000000000000000000000000         1.00000000000000000000000000000000000        -11355.1371119330240588730966137278490      
   2.00000000000000000000000000000000000         1.00000000000000000000000000000000000        -11355.1371119330240588730966137278490      
   2.00000000000000000000000000000000000         1.00000000000000000000000000000000000        -11355.1371119330240588730966137278490      
   2.00000000000000000000000000000000000         1.00000000000000000000000000000000000        -11355.1371119330240588730966137278490      
   2.00000000000000000000000000000000000         1.00000000000000000000000000000000000        -11355.1371119330240588730966137278490      
   2.00000000000000000000000000000000000         1.00000000000000000000000000000000000        -11355.1371119330240588730966137278490      
   2.00000000000000000000000000000000000         1.00000000000000000000000000000000000        -11355.1371119330240588730966137278490      
   2.00000000000000000000000000000000000         1.00000000000000000000000000000000000        -11355.1371119330240588730966137278490      
   2.00000000000000000000000000000000000         1.00000000000000000000000000000000000        -11355.1371119330240588730966137278490      
   2.00000000000000000000000000000000000         1.00000000000000000000000000000000000        -11355.1371119330240588730966137278490      
   2.00000000000000000000000000000000000         1.00000000000000000000000000000000000        -11355.1371119330240588730966137278490      
   2.00000000000000000000000000000000000         1.00000000000000000000000000000000000        -11355.1371119330240588730966137278490      
   2.00000000000000000000000000000000000         1.00000000000000000000000000000000000        -11355.1371119330240588730966137278490      
   2.00000000000000000000000000000000000         1.00000000000000000000000000000000000        -11355.1371119330240588730966137278490      
   2.00000000000000000000000000000000000         1.00000000000000000000000000000000000        -11355.1371119330240588730966137278490      
   2.00000000000000000000000000000000000         1.00000000000000000000000000000000000        -11355.1371119330240588730966137278490      
   2.00000000000000000000000000000000000         1.00000000000000000000000000000000000        -11355.1371119330240588730966137278490      
   2.00000000000000000000000000000000000         1.00000000000000000000000000000000000        -11355.1371119330240588730966137278490      
   2.00000000000000000000000000000000000         1.00000000000000000000000000000000000        -11355.1371119330240588730966137278490      
   2.00000000000000000000000000000000000         1.00000000000000000000000000000000000        -11355.1371119330240588730966137278490      
   2.00000000000000000000000000000000000         1.00000000000000000000000000000000000        -11355.1371119330240588730966137278490      
   2.00000000000000000000000000000000000         1.00000000000000000000000000000000000        -10377.8105795833290959240468742916063      
   2.00000000000000000000000000000000000         1.00000000000000000000000000000000000        -9248.28253622510491912741214652507468      
   2.00000000000000000000000000000000000         1.00000000000000000000000000000000000        -8241.55830743762233419026531145155428      
   2.00000000000000000000000000000000000         1.00000000000000000000000000000000000        -7344.28309359271572161352734880277230      
   2.00000000000000000000000000000000000         1.00000000000000000000000000000000000        -6544.55441699319427704560640208932862      
   2.00000000000000000000000000000000000         1.00000000000000000000000000000000000        -5831.76418322532071295580590666041740      
   2.00000000000000000000000000000000000         1.00000000000000000000000000000000000        -5196.45791819104032653765894021438320      
   2.00000000000000000000000000000000000         1.00000000000000000000000000000000000        -4630.20931298090066629091836034821554      
   2.00000000000000000000000000000000000         1.00000000000000000000000000000000000        -4125.50841187434749659894607476612434      
   2.00000000000000000000000000000000000         1.00000000000000000000000000000000000        -3675.66195979009396608077046889544228      
   2.00000000000000000000000000000000000         1.00000000000000000000000000000000000        -3274.70458685777470924807594843556495      
   2.00000000000000000000000000000000000         1.00000000000000000000000000000000000        -2917.31965158411181415201008888626374      
   2.00000000000000000000000000000000000         1.00000000000000000000000000000000000        -2598.76869225050054403938761744908111      
   2.00000000000000000000000000000000000         1.00000000000000000000000000000000000        -2314.82855040492358715397177659669123      
   2.00000000000000000000000000000000000         1.00000000000000000000000000000000000        -2061.73533211513305783553712337260362      
   2.00000000000000000000000000000000000         1.00000000000000000000000000000000000        -1836.13446338297711555223519884213650      
   2.00000000000000000000000000000000000         1.00000000000000000000000000000000000        -1635.03617698556386288647990857269554      
   2.00000000000000000000000000000000000         1.00000000000000000000000000000000000        -1455.77584008068937319058575738099407      
   2.00000000000000000000000000000000000         1.00000000000000000000000000000000000        -1295.97859614795740812090882976677200      
   2.00000000000000000000000000000000000         1.00000000000000000000000000000000000        -1153.52785208563177767812192914965259      
   2.00000000000000000000000000000000000         1.00000000000000000000000000000000000        -1026.53719230614268823069167139897093      
   2.00000000000000000000000000000000000         1.00000000000000000000000000000000000        -913.325347147358440411576174583665662      
   2.00000000000000000000000000000000000         1.00000000000000000000000000000000000        -812.393883445648351778409467037661437      
   2.00000000000000000000000000000000000         1.00000000000000000000000000000000000        -722.407321238195860381283646734130167      
   2.00000000000000000000000000000000000         1.00000000000000000000000000000000000        -642.175412755281885785039528024135586      
   2.00000000000000000000000000000000000         1.00000000000000000000000000000000000        -570.637348555532699236607454442591924      
   2.00000000000000000000000000000000000         1.00000000000000000000000000000000000        -506.847681229142830455340733759336487      
   2.00000000000000000000000000000000000         1.00000000000000000000000000000000000        -449.963779885167034291214651734067724      
   2.00000000000000000000000000000000000         1.00000000000000000000000000000000000        -399.234648951549887182565399137205778      
   2.00000000000000000000000000000000000         1.00000000000000000000000000000000000        -353.990962920162703991295814511486433      
   2.00000000000000000000000000000000000         1.00000000000000000000000000000000000        -313.636184803968948168574338426846613      
   2.00000000000000000000000000000000000         1.00000000000000000000000000000000000        -277.638650453640828519515728433264535      
   2.00000000000000000000000000000000000         1.00000000000000000000000000000000000        -245.524513697317871368801457250894309      
   2.00000000000000000000000000000000000         1.00000000000000000000000000000000000        -216.871458689798345540807849127002900      
   2.00000000000000000000000000000000000         1.00000000000000000000000000000000000        -191.303096037857462469512359765942620      
   2.00000000000000000000000000000000000         1.00000000000000000000000000000000000        -168.483968341680038101730143274243930      
   2.00000000000000000000000000000000000         1.00000000000000000000000000000000000        -148.115098878976882695702590208647817      
   2.00000000000000000000000000000000000         1.00000000000000000000000000000000000        -129.930024365527603586661151050825639      
   2.00000000000000000000000000000000000         1.00000000000000000000000000000000000        -113.691259149292576940241434250751464      
   2.00000000000000000000000000000000000         1.00000000000000000000000000000000000        -99.1871439200981837565107201503875402      
   2.00000000000000000000000000000000000         1.00000000000000000000000000000000000        -86.2290371191874446723156703366673570      
   2.00000000000000000000000000000000000         1.00000000000000000000000000000000000        -74.6488117803471897509520966164848597      
   2.00000000000000000000000000000000000         1.00000000000000000000000000000000000        -64.2966245872143507481834018232324571      
   2.00000000000000000000000000000000000         1.00000000000000000000000000000000000        -55.0389275435072714690187957542273156      
   2.00000000000000000000000000000000000         1.00000000000000000000000000000000000        -46.7566958722540438699423598445758823      
   2.00000000000000000000000000000000000         1.00000000000000000000000000000000000        -39.3438486293172950756471284477695176      
   2.00000000000000000000000000000000000         1.00000000000000000000000000000000000        -32.7058410737164780580684323407919839      
   2.00000000000000000000000000000000000         1.00000000000000000000000000000000000        -26.7584101163570683022038000996131196      
   2.00000000000000000000000000000000000         1.00000000000000000000000000000000000        -21.4264562000335234518868508012749252      
   2.00000000000000000000000000000000000         1.00000000000000000000000000000000000        -16.6430467739329749933078683000510093      
   2.00000000000000000000000000000000000         1.00000000000000000000000000000000000        -12.3485281393517692715836966529350383      
   2.00000000000000000000000000000000000         1.00000000000000000000000000000000000        -8.48973388135712716722581161492483561      
   2.00000000000000000000000000000000000         1.00000000000000000000000000000000000        -5.01927938276300131270236045803582228      
   2.00000000000000000000000000000000000         1.00000000000000000000000000000000000        -1.89493305904921859045097560699468917      
   2.00000000000000000000000000000000000         1.00000000000000000000000000000000000        0.920944029106699856130597367763326145      
   2.00000000000000000000000000000000000         1.00000000000000000000000000000000000         3.46189762168627243236084305558519392      
   2.00000000000000000000000000000000000         1.00000000000000000000000000000000000         5.75782539091841811241562240079679324      
   2.00000000000000000000000000000000000         1.00000000000000000000000000000000000         7.83537366522517616277179035523099903      
   2.00000000000000000000000000000000000         1.00000000000000000000000000000000000         9.71829100981050896686578607389038658      
   2.00000000000000000000000000000000000         1.00000000000000000000000000000000000         11.4277433556917784246908815225788142      
   2.00000000000000000000000000000000000         1.00000000000000000000000000000000000         12.9825948587446824725624105426028024      
   2.00000000000000000000000000000000000         1.00000000000000000000000000000000000         14.3996582155905381041507919532730439      
   2.00000000000000000000000000000000000         1.00000000000000000000000000000000000         15.6939177578656521438796854712502760      
   2.00000000000000000000000000000000000         1.00000000000000000000000000000000000         16.8787282851981902112481701168027640      
   2.00000000000000000000000000000000000         1.00000000000000000000000000000000000         17.9659922752853431106078377464199281      
   2.00000000000000000000000000000000000         1.00000000000000000000000000000000000         18.9663178225408481294893849247525422      
   2.00000000000000000000000000000000000         1.00000000000000000000000000000000000         19.8891594010627599706992785741022849      
   2.00000000000000000000000000000000000         1.00000000000000000000000000000000000         20.7429433197605310857377658368721622      
   2.00000000000000000000000000000000000         1.00000000000000000000000000000000000         21.5351795343547157102214848053579642      
   2.00000000000000000000000000000000000         1.00000000000000000000000000000000000         22.2725612999266006955314070941323648      
   2.00000000000000000000000000000000000         1.00000000000000000000000000000000000         22.9610539863465514071558482974959437      
   2.00000000000000000000000000000000000         1.00000000000000000000000000000000000         23.6059742351078457570436608399489564      
   2.00000000000000000000000000000000000         1.00000000000000000000000000000000000         24.2120605079290884819480299942898488      
   2.00000000000000000000000000000000000         1.00000000000000000000000000000000000         24.7835359632622968936251925180459537      
   2.00000000000000000000000000000000000         1.00000000000000000000000000000000000         25.3241644950397188777353738541737513      
   2.00000000000000000000000000000000000         1.00000000000000000000000000000000000         25.8373006772595062748104224616079232      
   2.00000000000000000000000000000000000         1.00000000000000000000000000000000000         26.3259342771445509822679244347810720      
   2.00000000000000000000000000000000000         1.00000000000000000000000000000000000         26.7927299275370569267555652688764826      
