   1.00000000000000000000000000000000000         4.00000000000000000000000000000000000        -11355.1371119330240588730966137278490      
   1.00000000000000000000000000000000000         4.00000000000000000000000000000000000        -11355.1371119330240588730966137278490      
   1.00000000000000000000000000000000000         4.00000000000000000000000000000000000        -11355.1371119330240588730966137278490      
   1.00000000000000000000000000000000000         4.00000000000000000000000000000000000        -11355.1371119330240588730966137278490      
   1.00000000000000000000000000000000000         4.00000000000000000000000000000000000        -11355.1371119330240588730966137278490      
   1.00000000000000000000000000000000000         4.00000000000000000000000000000000000        -11355.1371119330240588730966137278490      
   1.00000000000000000000000000000000000         4.00000000000000000000000000000000000        -11355.1371119330240588730966137278490      
   1.00000000000000000000000000000000000         4.00000000000000000000000000000000000        -11355.1371119330240588730966137278490      
   1.00000000000000000000000000000000000         4.00000000000000000000000000000000000        -11355.1371119330240588730966137278490      
   1.00000000000000000000000000000000000         4.00000000000000000000000000000000000        -11355.1371119330240588730966137278490      
   1.00000000000000000000000000000000000         4.00000000000000000000000000000000000        -11355.1371119330240588730966137278490      
   1.00000000000000000000000000000000000         4.00000000000000000000000000000000000        -11355.1371119330240588730966137278490      
   1.00000000000000000000000000000000000         4.00000000000000000000000000000000000        -11355.1371119330240588730966137278490      
   1.00000000000000000000000000000000000         4.00000000000000000000000000000000000        -11355.1371119330240588730966137278490      
   1.00000000000000000000000000000000000         4.00000000000000000000000000000000000        -11355.1371119330240588730966137278490      
   1.00000000000000000000000000000000000         4.00000000000000000000000000000000000        -11355.1371119330240588730966137278490      
   1.00000000000000000000000000000000000         4.00000000000000000000000000000000000        -11355.1371119330240588730966137278490      
   1.00000000000000000000000000000000000         4.00000000000000000000000000000000000        -11355.1371119330240588730966137278490      
   1.00000000000000000000000000000000000         4.00000000000000000000000000000000000        -11355.1371119330240588730966137278490      
   1.00000000000000000000000000000000000         4.00000000000000000000000000000000000        -11355.1371119330240588730966137278490      
   1.00000000000000000000000000000000000         4.00000000000000000000000000000000000        -11355.1371119330240588730966137278490      
   1.00000000000000000000000000000000000         4.00000000000000000000000000000000000        -11355.1371119330240588730966137278490      
   1.00000000000000000000000000000000000         4.00000000000000000000000000000000000        -11355.1371119330240588730966137278490      
   1.00000000000000000000000000000000000         4.00000000000000000000000000000000000        -11355.1371119330240588730966137278490      
   1.00000000000000000000000000000000000         4.00000000000000000000000000000000000        -11355.1371119330240588730966137278490      
   1.00000000000000000000000000000000000         4.00000000000000000000000000000000000        -11355.1371119330240588730966137278490      
   1.00000000000000000000000000000000000         4.00000000000000000000000000000000000        -11355.1371119330240588730966137278490      
   1.00000000000000000000000000000000000         4.00000000000000000000000000000000000        -11355.1371119330240588730966137278490      
   1.00000000000000000000000000000000000         4.00000000000000000000000000000000000        -11355.1371119330240588730966137278490      
   1.00000000000000000000000000000000000         4.00000000000000000000000000000000000        -11355.1371119330240588730966137278490      
   1.00000000000000000000000000000000000         4.00000000000000000000000000000000000        -11355.1371119330240588730966137278490      
   1.00000000000000000000000000000000000         4.00000000000000000000000000000000000        -10842.9851726257769434650768350073645      
   1.00000000000000000000000000000000000         4.00000000000000000000000000000000000        -9662.39328738457613470490966159278767      
   1.00000000000000000000000000000000000         4.00000000000000000000000000000000000        -8610.15836161417737970410329581752300      
   1.00000000000000000000000000000000000         4.00000000000000000000000000000000000        -7672.32169638812610829624578921403072      
   1.00000000000000000000000000000000000         4.00000000000000000000000000000000000        -6836.44258819309317822076112091142661      
   1.00000000000000000000000000000000000         4.00000000000000000000000000000000000        -6091.43324835178020745079576468821065      
   1.00000000000000000000000000000000000         4.00000000000000000000000000000000000        -5427.41167480371629152638082407354464      
   1.00000000000000000000000000000000000         4.00000000000000000000000000000000000        -4835.57052394186713052328524358058335      
   1.00000000000000000000000000000000000         4.00000000000000000000000000000000000        -4308.06024251399715839766283986436010      
   1.00000000000000000000000000000000000         4.00000000000000000000000000000000000        -3837.88490882012063365635935933048133      
   1.00000000000000000000000000000000000         4.00000000000000000000000000000000000        -3418.80940108201503635170050689140170      
   1.00000000000000000000000000000000000         4.00000000000000000000000000000000000        -3045.27666116546139794104731582736079      
   1.00000000000000000000000000000000000         4.00000000000000000000000000000000000        -2712.33395579507330112823896475543032      
   1.00000000000000000000000000000000000         4.00000000000000000000000000000000000        -2415.56715679283638324897974567873735      
   1.00000000000000000000000000000000000         4.00000000000000000000000000000000000        -2151.04216827905274268879444874568286      
   1.00000000000000000000000000000000000         4.00000000000000000000000000000000000        -1915.25272361023352173883379165153083      
   1.00000000000000000000000000000000000         4.00000000000000000000000000000000000        -1705.07385935102221688314699578561143      
   1.00000000000000000000000000000000000         4.00000000000000000000000000000000000        -1517.72044890802369210799678910469135      
   1.00000000000000000000000000000000000         4.00000000000000000000000000000000000        -1350.71024559205328960428211830844763      
   1.00000000000000000000000000000000000         4.00000000000000000000000000000000000        -1201.83094471269579924551329320076566      
   1.00000000000000000000000000000000000         4.00000000000000000000000000000000000        -1069.11082763918097953375194843339153      
   1.00000000000000000000000000000000000         4.00000000000000000000000000000000000        -950.792598292099068518283207053284036      
   1.00000000000000000000000000000000000         4.00000000000000000000000000000000000        -845.310064892097362878750546437105424      
   1.00000000000000000000000000000000000         4.00000000000000000000000000000000000        -751.267357546530405598512771738104150      
   1.00000000000000000000000000000000000         4.00000000000000000000000000000000000        -667.420405904065282451512280869191652      
   1.00000000000000000000000000000000000         4.00000000000000000000000000000000000        -592.660431096972155235063721208217063      
   1.00000000000000000000000000000000000         4.00000000000000000000000000000000000        -525.999232919203933503170203108099599      
   1.00000000000000000000000000000000000         4.00000000000000000000000000000000000        -466.556077010057187263408621020151562      
   1.00000000000000000000000000000000000         4.00000000000000000000000000000000000        -413.546008044308359911394356609877169      
   1.00000000000000000000000000000000000         4.00000000000000000000000000000000000        -366.269433851958877297811984517837295      
   1.00000000000000000000000000000000000         4.00000000000000000000000000000000000        -324.102842255186487427894075235277404      
   1.00000000000000000000000000000000000         4.00000000000000000000000000000000000        -286.490527440569293447376732090221237      
   1.00000000000000000000000000000000000         4.00000000000000000000000000000000000        -252.937216080568653626643872944376237      
   1.00000000000000000000000000000000000         4.00000000000000000000000000000000000        -223.001495357383131699265926998054963      
   1.00000000000000000000000000000000000         4.00000000000000000000000000000000000        -196.289955683042937503795373266097531      
   1.00000000000000000000000000000000000         4.00000000000000000000000000000000000        -172.451970393199185269347283518030281      
   1.00000000000000000000000000000000000         4.00000000000000000000000000000000000        -151.175043144316224644326579892786363      
   1.00000000000000000000000000000000000         4.00000000000000000000000000000000000        -132.180661277054542027359535186042393      
   1.00000000000000000000000000000000000         4.00000000000000000000000000000000000        -115.220600122495671637536044067766008      
   1.00000000000000000000000000000000000         4.00000000000000000000000000000000000        -100.073629211598092462207137518345839      
   1.00000000000000000000000000000000000         4.00000000000000000000000000000000000        -86.5425766812847803515789790029564066      
   1.00000000000000000000000000000000000         4.00000000000000000000000000000000000        -74.4517129236147591105800808262936769      
   1.00000000000000000000000000000000000         4.00000000000000000000000000000000000        -63.6444187606527584071747907260238418      
   1.00000000000000000000000000000000000         4.00000000000000000000000000000000000        -53.9811072031342325396989892174717219      
   1.00000000000000000000000000000000000         4.00000000000000000000000000000000000        -45.3373712159258900855469160919284859      
   1.00000000000000000000000000000000000         4.00000000000000000000000000000000000        -37.6023329122547472244500360871790297      
   1.00000000000000000000000000000000000         4.00000000000000000000000000000000000        -30.6771722715160949118086602385152946      
   1.00000000000000000000000000000000000         4.00000000000000000000000000000000000        -24.4738158576395901483804779910684935      
   1.00000000000000000000000000000000000         4.00000000000000000000000000000000000        -18.9137681381028772737270275113890618      
   1.00000000000000000000000000000000000         4.00000000000000000000000000000000000        -13.9270698959060988729167662635330891      
   1.00000000000000000000000000000000000         4.00000000000000000000000000000000000        -9.45136991326702974647295129662516798      
   1.00000000000000000000000000000000000         4.00000000000000000000000000000000000        -5.43109760884348020896919294346744748      
   1.00000000000000000000000000000000000         4.00000000000000000000000000000000000        -1.81672564988158608744388299023100592      
   1.00000000000000000000000000000000000         4.00000000000000000000000000000000000         1.43588724539879624474593564305310973      
   1.00000000000000000000000000000000000         4.00000000000000000000000000000000000         4.36608203579464580374501505490084687      
   1.00000000000000000000000000000000000         4.00000000000000000000000000000000000         7.00892138774085116664184806835952309      
   1.00000000000000000000000000000000000         4.00000000000000000000000000000000000         9.39565493559097736859594246953597494      
   1.00000000000000000000000000000000000         4.00000000000000000000000000000000000         11.5541339452789757697446709788623332      
   1.00000000000000000000000000000000000         4.00000000000000000000000000000000000         13.5091808836966929481790441293419573      
   1.00000000000000000000000000000000000         4.00000000000000000000000000000000000         15.2829187977482810051639588229359667      
   1.00000000000000000000000000000000000         4.00000000000000000000000000000000000         16.8950648737414423556787987131268795      
   1.00000000000000000000000000000000000         4.00000000000000000000000000000000000         18.3631920724702746192307125694451831      
   1.00000000000000000000000000000000000         4.00000000000000000000000000000000000         19.7029623117283048290232656181241405      
   1.00000000000000000000000000000000000         4.00000000000000000000000000000000000         20.9283342904419875552228698076313449      
   1.00000000000000000000000000000000000         4.00000000000000000000000000000000000         22.0517487121246519400901011588376578      
   1.00000000000000000000000000000000000         4.00000000000000000000000000000000000         23.0842933654535963656518131979645990      
   1.00000000000000000000000000000000000         4.00000000000000000000000000000000000         24.0358502524892917363679748214829723      
   1.00000000000000000000000000000000000         4.00000000000000000000000000000000000         24.9152267168387723521628170848796325      
   1.00000000000000000000000000000000000         4.00000000000000000000000000000000000         25.7302723117542737790801861714995649      
   1.00000000000000000000000000000000000         4.00000000000000000000000000000000000         26.4879829589357817586132363349371526      
