   5.00000000000000000000000000000000000         4.00000000000000000000000000000000000        -11355.1371119330240588730966137278490      
   5.00000000000000000000000000000000000         4.00000000000000000000000000000000000        -11355.1371119330240588730966137278490      
   5.00000000000000000000000000000000000         4.00000000000000000000000000000000000        -11355.1371119330240588730966137278490      
   5.00000000000000000000000000000000000         4.00000000000000000000000000000000000        -11355.1371119330240588730966137278490      
   5.00000000000000000000000000000000000         4.00000000000000000000000000000000000        -11355.1371119330240588730966137278490      
   5.00000000000000000000000000000000000         4.00000000000000000000000000000000000        -11355.1371119330240588730966137278490      
   5.00000000000000000000000000000000000         4.00000000000000000000000000000000000        -11355.1371119330240588730966137278490      
   5.00000000000000000000000000000000000         4.00000000000000000000000000000000000        -11355.1371119330240588730966137278490      
   5.00000000000000000000000000000000000         4.00000000000000000000000000000000000        -11355.1371119330240588730966137278490      
   5.00000000000000000000000000000000000         4.00000000000000000000000000000000000        -11355.1371119330240588730966137278490      
   5.00000000000000000000000000000000000         4.00000000000000000000000000000000000        -11355.1371119330240588730966137278490      
   5.00000000000000000000000000000000000         4.00000000000000000000000000000000000        -11355.1371119330240588730966137278490      
   5.00000000000000000000000000000000000         4.00000000000000000000000000000000000        -11355.1371119330240588730966137278490      
   5.00000000000000000000000000000000000         4.00000000000000000000000000000000000        -11355.1371119330240588730966137278490      
   5.00000000000000000000000000000000000         4.00000000000000000000000000000000000        -11355.1371119330240588730966137278490      
   5.00000000000000000000000000000000000         4.00000000000000000000000000000000000        -11355.1371119330240588730966137278490      
   5.00000000000000000000000000000000000         4.00000000000000000000000000000000000        -11355.1371119330240588730966137278490      
   5.00000000000000000000000000000000000         4.00000000000000000000000000000000000        -11355.1371119330240588730966137278490      
   5.00000000000000000000000000000000000         4.00000000000000000000000000000000000        -11355.1371119330240588730966137278490      
   5.00000000000000000000000000000000000         4.00000000000000000000000000000000000        -11355.1371119330240588730966137278490      
   5.00000000000000000000000000000000000         4.00000000000000000000000000000000000        -10907.9122050403407998898966321156623      
   5.00000000000000000000000000000000000         4.00000000000000000000000000000000000        -9720.77889625440966495629424467755676      
   5.00000000000000000000000000000000000         4.00000000000000000000000000000000000        -8662.71392061303983563773009351809522      
   5.00000000000000000000000000000000000         4.00000000000000000000000000000000000        -7719.68121797011907216365717141265099      
   5.00000000000000000000000000000000000         4.00000000000000000000000000000000000        -6879.17113655272316348259906382429650      
   5.00000000000000000000000000000000000         4.00000000000000000000000000000000000        -6130.03443748250693348611885582607698      
   5.00000000000000000000000000000000000         4.00000000000000000000000000000000000        -5462.33435114966801521743887868993774      
   5.00000000000000000000000000000000000         4.00000000000000000000000000000000000        -4867.21472231745115661422586717347689      
   5.00000000000000000000000000000000000         4.00000000000000000000000000000000000        -4336.78249432284015602401203429307884      
   5.00000000000000000000000000000000000         4.00000000000000000000000000000000000        -3864.00297301017901276849329743346541      
   5.00000000000000000000000000000000000         4.00000000000000000000000000000000000        -3442.60648061375533933989625849330293      
   5.00000000000000000000000000000000000         4.00000000000000000000000000000000000        -3067.00516094308168475828796848819041      
   5.00000000000000000000000000000000000         4.00000000000000000000000000000000000        -2732.21883192622965087307566431572938      
   5.00000000000000000000000000000000000         4.00000000000000000000000000000000000        -2433.80890161951619227323304617801440      
   5.00000000000000000000000000000000000         4.00000000000000000000000000000000000        -2167.81947078914090972973284120738728      
   5.00000000000000000000000000000000000         4.00000000000000000000000000000000000        -1930.72484053181663228546428465644947      
   5.00000000000000000000000000000000000         4.00000000000000000000000000000000000        -1719.38272839241155107326081292402501      
   5.00000000000000000000000000000000000         4.00000000000000000000000000000000000        -1530.99257218490823229439954957027757      
   5.00000000000000000000000000000000000         4.00000000000000000000000000000000000        -1363.05836823371674491768028954811704      
   5.00000000000000000000000000000000000         4.00000000000000000000000000000000000        -1213.35555092138228587383386035948957      
   5.00000000000000000000000000000000000         4.00000000000000000000000000000000000        -1079.90147405440818704734687596929881      
   5.00000000000000000000000000000000000         4.00000000000000000000000000000000000        -960.929102352853243414534613186834354      
   5.00000000000000000000000000000000000         4.00000000000000000000000000000000000        -854.863563965754430343226174032238816      
   5.00000000000000000000000000000000000         4.00000000000000000000000000000000000        -760.301252878500523856366857783041794      
   5.00000000000000000000000000000000000         4.00000000000000000000000000000000000        -675.991203913799102848809022985554377      
   5.00000000000000000000000000000000000         4.00000000000000000000000000000000000        -600.818493183815649709708978147080339      
   5.00000000000000000000000000000000000         4.00000000000000000000000000000000000        -533.789443727569927743388956394813441      
   5.00000000000000000000000000000000000         4.00000000000000000000000000000000000        -474.018440021386411743615631204516770      
   5.00000000000000000000000000000000000         4.00000000000000000000000000000000000        -420.716176398963481545142223877824572      
   5.00000000000000000000000000000000000         4.00000000000000000000000000000000000        -373.179183444735537080138326153211184      
   5.00000000000000000000000000000000000         4.00000000000000000000000000000000000        -330.780493382131339597826598220542938      
   5.00000000000000000000000000000000000         4.00000000000000000000000000000000000        -292.961320592102144000213745181379147      
   5.00000000000000000000000000000000000         4.00000000000000000000000000000000000        -259.223646867455110472240490725481628      
   5.00000000000000000000000000000000000         4.00000000000000000000000000000000000        -229.123613013821934472804204873058137      
   5.00000000000000000000000000000000000         4.00000000000000000000000000000000000        -202.265629107822576079002160337343413      
   5.00000000000000000000000000000000000         4.00000000000000000000000000000000000        -178.297125259128318195123280643597639      
   5.00000000000000000000000000000000000         4.00000000000000000000000000000000000        -156.903873222225979934450909431702886      
   5.00000000000000000000000000000000000         4.00000000000000000000000000000000000        -137.805816778513817917112759057676480      
   5.00000000000000000000000000000000000         4.00000000000000000000000000000000000        -120.753355560432839039988809016808441      
   5.00000000000000000000000000000000000         4.00000000000000000000000000000000000        -105.524033006237562996152142059293702      
   5.00000000000000000000000000000000000         4.00000000000000000000000000000000000        -91.9195844965783229740514195816226067      
   5.00000000000000000000000000000000000         4.00000000000000000000000000000000000        -79.7633065034609984713181692647242057      
   5.00000000000000000000000000000000000         4.00000000000000000000000000000000000        -68.8977118417892870247353013106126447      
   5.00000000000000000000000000000000000         4.00000000000000000000000000000000000        -59.1824399101020662365973456470409451      
   5.00000000000000000000000000000000000         4.00000000000000000000000000000000000        -50.4923941906700939963895381286402122      
   5.00000000000000000000000000000000000         4.00000000000000000000000000000000000        -42.7160822947099185430275096061408333      
   5.00000000000000000000000000000000000         4.00000000000000000000000000000000000        -35.7541365261235162069434833922621400      
   5.00000000000000000000000000000000000         4.00000000000000000000000000000000000        -29.5179953325433344675141268345804897      
   5.00000000000000000000000000000000000         4.00000000000000000000000000000000000        -23.9287281473392113082147620632592733      
   5.00000000000000000000000000000000000         4.00000000000000000000000000000000000        -18.9159880289545867222623482521459450      
   5.00000000000000000000000000000000000         4.00000000000000000000000000000000000        -14.4170781997323368345791514202271293      
   5.00000000000000000000000000000000000         4.00000000000000000000000000000000000        -10.3761200977675871353658420776587507      
   5.00000000000000000000000000000000000         4.00000000000000000000000000000000000        -6.74331190234105364311649259341701997      
   5.00000000000000000000000000000000000         4.00000000000000000000000000000000000        -3.47426769401590590372083996952267497      
   5.00000000000000000000000000000000000         4.00000000000000000000000000000000000       -0.529428480454139924888611477299215350      
   5.00000000000000000000000000000000000         4.00000000000000000000000000000000000         2.12646272737711600295130053072735295      
   5.00000000000000000000000000000000000         4.00000000000000000000000000000000000         4.52482875402917996847056169056882265      
   5.00000000000000000000000000000000000         4.00000000000000000000000000000000000         6.69367522136222630965640076662344777      
   5.00000000000000000000000000000000000         4.00000000000000000000000000000000000         8.65796216613215433682081980936224757      
   5.00000000000000000000000000000000000         4.00000000000000000000000000000000000         10.4399352445135120806565105437657136      
   5.00000000000000000000000000000000000         4.00000000000000000000000000000000000         12.0594209184412662223186068301848100      
   5.00000000000000000000000000000000000         4.00000000000000000000000000000000000         13.5340895407148288120439559005266246      
   5.00000000000000000000000000000000000         4.00000000000000000000000000000000000         14.8796898298438300961542667345898070      
   5.00000000000000000000000000000000000         4.00000000000000000000000000000000000         16.1102578459743823144200863395989534      
   5.00000000000000000000000000000000000         4.00000000000000000000000000000000000         17.2383032408794096778928911300910141      
   5.00000000000000000000000000000000000         4.00000000000000000000000000000000000         18.2749752534372573626811180209929444      
   5.00000000000000000000000000000000000         4.00000000000000000000000000000000000         19.2302106532577277357415446810327920      
   5.00000000000000000000000000000000000         4.00000000000000000000000000000000000         20.1128655955775760491365043754529707      
   5.00000000000000000000000000000000000         4.00000000000000000000000000000000000         20.9308331370598185045184648912370746      
   5.00000000000000000000000000000000000         4.00000000000000000000000000000000000         21.6911479718601111025657303110003952      
   5.00000000000000000000000000000000000         4.00000000000000000000000000000000000         22.4000797777441662307860740328442691      
   5.00000000000000000000000000000000000         4.00000000000000000000000000000000000         23.0632164109024713401594290057530915      
   5.00000000000000000000000000000000000         4.00000000000000000000000000000000000         23.6855380534069548288363879928292700      
   5.00000000000000000000000000000000000         4.00000000000000000000000000000000000         24.2714832972012997422279772938706899      
   5.00000000000000000000000000000000000         4.00000000000000000000000000000000000         24.8250080415193064795632241817450257      
   5.00000000000000000000000000000000000         4.00000000000000000000000000000000000         25.3496379852642622117992394211996717      
   5.00000000000000000000000000000000000         4.00000000000000000000000000000000000         25.8485154108912987478031895758358134      
   5.00000000000000000000000000000000000         4.00000000000000000000000000000000000         26.3244408805864335213737975220932682      
   5.00000000000000000000000000000000000         4.00000000000000000000000000000000000         26.7799103980252564635422634650191367      
   5.00000000000000000000000000000000000         4.00000000000000000000000000000000000         27.2171485288252223773778565771114721      
   5.00000000000000000000000000000000000         4.00000000000000000000000000000000000         27.6381379191798279309960902444053726      
