   1.00000000000000000000000000000000000         4.00000000000000000000000000000000000        -11355.1371119330240588730966137278490      
   1.00000000000000000000000000000000000         4.00000000000000000000000000000000000        -11355.1371119330240588730966137278490      
   1.00000000000000000000000000000000000         4.00000000000000000000000000000000000        -11355.1371119330240588730966137278490      
   1.00000000000000000000000000000000000         4.00000000000000000000000000000000000        -11355.1371119330240588730966137278490      
   1.00000000000000000000000000000000000         4.00000000000000000000000000000000000        -11355.1371119330240588730966137278490      
   1.00000000000000000000000000000000000         4.00000000000000000000000000000000000        -11355.1371119330240588730966137278490      
   1.00000000000000000000000000000000000         4.00000000000000000000000000000000000        -11355.1371119330240588730966137278490      
   1.00000000000000000000000000000000000         4.00000000000000000000000000000000000        -11355.1371119330240588730966137278490      
   1.00000000000000000000000000000000000         4.00000000000000000000000000000000000        -11355.1371119330240588730966137278490      
   1.00000000000000000000000000000000000         4.00000000000000000000000000000000000        -11355.1371119330240588730966137278490      
   1.00000000000000000000000000000000000         4.00000000000000000000000000000000000        -11355.1371119330240588730966137278490      
   1.00000000000000000000000000000000000         4.00000000000000000000000000000000000        -11355.1371119330240588730966137278490      
   1.00000000000000000000000000000000000         4.00000000000000000000000000000000000        -11355.1371119330240588730966137278490      
   1.00000000000000000000000000000000000         4.00000000000000000000000000000000000        -11355.1371119330240588730966137278490      
   1.00000000000000000000000000000000000         4.00000000000000000000000000000000000        -11355.1371119330240588730966137278490      
   1.00000000000000000000000000000000000         4.00000000000000000000000000000000000        -11355.1371119330240588730966137278490      
   1.00000000000000000000000000000000000         4.00000000000000000000000000000000000        -11355.1371119330240588730966137278490      
   1.00000000000000000000000000000000000         4.00000000000000000000000000000000000        -11355.1371119330240588730966137278490      
   1.00000000000000000000000000000000000         4.00000000000000000000000000000000000        -11355.1371119330240588730966137278490      
   1.00000000000000000000000000000000000         4.00000000000000000000000000000000000        -11355.1371119330240588730966137278490      
   1.00000000000000000000000000000000000         4.00000000000000000000000000000000000        -11355.1371119330240588730966137278490      
   1.00000000000000000000000000000000000         4.00000000000000000000000000000000000        -11355.1371119330240588730966137278490      
   1.00000000000000000000000000000000000         4.00000000000000000000000000000000000        -11355.1371119330240588730966137278490      
   1.00000000000000000000000000000000000         4.00000000000000000000000000000000000        -10578.3329725067948444270448219190416      
   1.00000000000000000000000000000000000         4.00000000000000000000000000000000000        -9426.77216971810390335008278736345821      
   1.00000000000000000000000000000000000         4.00000000000000000000000000000000000        -8400.41122341854268588391221478029966      
   1.00000000000000000000000000000000000         4.00000000000000000000000000000000000        -7485.63476666912864254573208732595591      
   1.00000000000000000000000000000000000         4.00000000000000000000000000000000000        -6670.30809091245839287660432764323673      
   1.00000000000000000000000000000000000         4.00000000000000000000000000000000000        -5943.61612576276658417129306574935933      
   1.00000000000000000000000000000000000         4.00000000000000000000000000000000000        -5295.91992959275735666313163637234131      
   1.00000000000000000000000000000000000         4.00000000000000000000000000000000000        -4718.62878663448686357543214840980250      
   1.00000000000000000000000000000000000         4.00000000000000000000000000000000000        -4204.08621340053479130408306557896168      
   1.00000000000000000000000000000000000         4.00000000000000000000000000000000000        -3745.46836179993225370756356494444819      
   1.00000000000000000000000000000000000         4.00000000000000000000000000000000000        -3336.69347081992106250418186966517548      
   1.00000000000000000000000000000000000         4.00000000000000000000000000000000000        -2972.34116525237524407100007654633710      
   1.00000000000000000000000000000000000         4.00000000000000000000000000000000000        -2647.58053060801562823965602094338210      
   1.00000000000000000000000000000000000         4.00000000000000000000000000000000000        -2358.10600981622825043520851171302485      
   1.00000000000000000000000000000000000         4.00000000000000000000000000000000000        -2100.08027109864003348218982208623048      
   1.00000000000000000000000000000000000         4.00000000000000000000000000000000000        -1870.08328890784553826171353779502975      
   1.00000000000000000000000000000000000         4.00000000000000000000000000000000000        -1665.06696226627829056347933753647554      
   1.00000000000000000000000000000000000         4.00000000000000000000000000000000000        -1482.31466831815578340960903395915972      
   1.00000000000000000000000000000000000         4.00000000000000000000000000000000000        -1319.40521439470628256854778840463748      
   1.00000000000000000000000000000000000         4.00000000000000000000000000000000000        -1174.18071025848443290193218459392382      
   1.00000000000000000000000000000000000         4.00000000000000000000000000000000000        -1044.71793421097741074556493943377748      
   1.00000000000000000000000000000000000         4.00000000000000000000000000000000000        -929.302813109146486498416711939566951      
   1.00000000000000000000000000000000000         4.00000000000000000000000000000000000        -826.407677656228534612347630642599088      
   1.00000000000000000000000000000000000         4.00000000000000000000000000000000000        -734.670991158325300139077593858511444      
   1.00000000000000000000000000000000000         4.00000000000000000000000000000000000        -652.879282759696445032712793851589274      
   1.00000000000000000000000000000000000         4.00000000000000000000000000000000000        -579.951045421765434022729643623549014      
   1.00000000000000000000000000000000000         4.00000000000000000000000000000000000        -514.922384981802681132461476647195304      
   1.00000000000000000000000000000000000         4.00000000000000000000000000000000000        -456.934229863013801684239503812289376      
   1.00000000000000000000000000000000000         4.00000000000000000000000000000000000        -405.220931716656764317652571490552507      
   1.00000000000000000000000000000000000         4.00000000000000000000000000000000000        -359.100105733634680418548597388449931      
   1.00000000000000000000000000000000000         4.00000000000000000000000000000000000        -317.963575812671731158758403821870712      
   1.00000000000000000000000000000000000         4.00000000000000000000000000000000000        -281.269304432955319175988200471334797      
   1.00000000000000000000000000000000000         4.00000000000000000000000000000000000        -248.534200145557527453401770872387369      
   1.00000000000000000000000000000000000         4.00000000000000000000000000000000000        -219.327707243416959533504995910699188      
   1.00000000000000000000000000000000000         4.00000000000000000000000000000000000        -193.266092548696307698751102909368177      
   1.00000000000000000000000000000000000         4.00000000000000000000000000000000000        -170.007353506655028037251450441596172      
   1.00000000000000000000000000000000000         4.00000000000000000000000000000000000        -149.246680019536473127976006377088738      
   1.00000000000000000000000000000000000         4.00000000000000000000000000000000000        -130.712409801762392273136951980705129      
   1.00000000000000000000000000000000000         4.00000000000000000000000000000000000        -114.162423586455612049578803386600945      
   1.00000000000000000000000000000000000         4.00000000000000000000000000000000000        -99.3809323498715969434652189668775790      
   1.00000000000000000000000000000000000         4.00000000000000000000000000000000000        -86.1756139221590645883764704122109454      
   1.00000000000000000000000000000000000         4.00000000000000000000000000000000000        -74.3750609890141420242096236241378977      
   1.00000000000000000000000000000000000         4.00000000000000000000000000000000000        -63.8265066207605166961506914557891376      
   1.00000000000000000000000000000000000         4.00000000000000000000000000000000000        -54.3937971480083631093716637387283586      
   1.00000000000000000000000000000000000         4.00000000000000000000000000000000000        -45.9555854851836474592831596993841664      
   1.00000000000000000000000000000000000         4.00000000000000000000000000000000000        -38.4037209284287162188328206379281480      
   1.00000000000000000000000000000000000         4.00000000000000000000000000000000000        -31.6418140614706107903539799016407870      
   1.00000000000000000000000000000000000         4.00000000000000000000000000000000000        -25.5839577266298927060797585794982093      
   1.00000000000000000000000000000000000         4.00000000000000000000000000000000000        -20.1535870890323588299690413086725189      
   1.00000000000000000000000000000000000         4.00000000000000000000000000000000000        -15.2824636677683203006066198598102805      
   1.00000000000000000000000000000000000         4.00000000000000000000000000000000000        -10.9097698527101952351755764645003613      
   1.00000000000000000000000000000000000         4.00000000000000000000000000000000000        -6.98130189177672389744653209079478484      
   1.00000000000000000000000000000000000         4.00000000000000000000000000000000000        -3.44875064007511458573586509224804840      
   1.00000000000000000000000000000000000         4.00000000000000000000000000000000000       -0.269060526899227654294163557427239568      
   1.00000000000000000000000000000000000         4.00000000000000000000000000000000000         2.59614176553466766863324978135784637      
   1.00000000000000000000000000000000000         4.00000000000000000000000000000000000         5.18105649270062577423523906678704473      
   1.00000000000000000000000000000000000         4.00000000000000000000000000000000000         7.51616466437431140461480751188977631      
   1.00000000000000000000000000000000000         4.00000000000000000000000000000000000         9.62863250911354962955073699018012656      
   1.00000000000000000000000000000000000         4.00000000000000000000000000000000000         11.5426719536060577913585758882425143      
   1.00000000000000000000000000000000000         4.00000000000000000000000000000000000         13.2798619002262894414219583688668876      
   1.00000000000000000000000000000000000         4.00000000000000000000000000000000000         14.8594345659593728163828572629855215      
   1.00000000000000000000000000000000000         4.00000000000000000000000000000000000         16.2985306822356952122515659804448175      
   1.00000000000000000000000000000000000         4.00000000000000000000000000000000000         17.6124269420228878845094832359316834      
   1.00000000000000000000000000000000000         4.00000000000000000000000000000000000         18.8147387122599333826394100462897365      
   1.00000000000000000000000000000000000         4.00000000000000000000000000000000000         19.9176007015042350871002844888761758      
   1.00000000000000000000000000000000000         4.00000000000000000000000000000000000         20.9318279801415583505973424336737547      
   1.00000000000000000000000000000000000         4.00000000000000000000000000000000000         21.8670594897991990328972505459544819      
   1.00000000000000000000000000000000000         4.00000000000000000000000000000000000         22.7318859462451009807766967168207290      
   1.00000000000000000000000000000000000         4.00000000000000000000000000000000000         23.5339638329666845078397924825552819      
   1.00000000000000000000000000000000000         4.00000000000000000000000000000000000         24.2801169980549185002280586660935138      
   1.00000000000000000000000000000000000         4.00000000000000000000000000000000000         24.9764272025225611462231870442764877      
   1.00000000000000000000000000000000000         4.00000000000000000000000000000000000         25.6283148215777384194481155202990371      
   1.00000000000000000000000000000000000         4.00000000000000000000000000000000000         26.2406107697097294900712062588057006      
   1.00000000000000000000000000000000000         4.00000000000000000000000000000000000         26.8176206039891483226674004509397761      
   1.00000000000000000000000000000000000         4.00000000000000000000000000000000000         27.3631816561943679944121658234702784      
   1.00000000000000000000000000000000000         4.00000000000000000000000000000000000         27.8807139518727939444243887906651864      
   1.00000000000000000000000000000000000         4.00000000000000000000000000000000000         28.3732655920019926469143696738274488      
   1.00000000000000000000000000000000000         4.00000000000000000000000000000000000         28.8435531994377466088599866603084722      
