   6.00000000000000000000000000000000000         1.00000000000000000000000000000000000        -11355.1371119330240588730966137278490      
   6.00000000000000000000000000000000000         1.00000000000000000000000000000000000        -11355.1371119330240588730966137278490      
   6.00000000000000000000000000000000000         1.00000000000000000000000000000000000        -11355.1371119330240588730966137278490      
   6.00000000000000000000000000000000000         1.00000000000000000000000000000000000        -11355.1371119330240588730966137278490      
   6.00000000000000000000000000000000000         1.00000000000000000000000000000000000        -11355.1371119330240588730966137278490      
   6.00000000000000000000000000000000000         1.00000000000000000000000000000000000        -11355.1371119330240588730966137278490      
   6.00000000000000000000000000000000000         1.00000000000000000000000000000000000        -11355.1371119330240588730966137278490      
   6.00000000000000000000000000000000000         1.00000000000000000000000000000000000        -11355.1371119330240588730966137278490      
   6.00000000000000000000000000000000000         1.00000000000000000000000000000000000        -11355.1371119330240588730966137278490      
   6.00000000000000000000000000000000000         1.00000000000000000000000000000000000        -11355.1371119330240588730966137278490      
   6.00000000000000000000000000000000000         1.00000000000000000000000000000000000        -11355.1371119330240588730966137278490      
   6.00000000000000000000000000000000000         1.00000000000000000000000000000000000        -11355.1371119330240588730966137278490      
   6.00000000000000000000000000000000000         1.00000000000000000000000000000000000        -11355.1371119330240588730966137278490      
   6.00000000000000000000000000000000000         1.00000000000000000000000000000000000        -11355.1371119330240588730966137278490      
   6.00000000000000000000000000000000000         1.00000000000000000000000000000000000        -11355.1371119330240588730966137278490      
   6.00000000000000000000000000000000000         1.00000000000000000000000000000000000        -11355.1371119330240588730966137278490      
   6.00000000000000000000000000000000000         1.00000000000000000000000000000000000        -11355.1371119330240588730966137278490      
   6.00000000000000000000000000000000000         1.00000000000000000000000000000000000        -11355.1371119330240588730966137278490      
   6.00000000000000000000000000000000000         1.00000000000000000000000000000000000        -11355.1371119330240588730966137278490      
   6.00000000000000000000000000000000000         1.00000000000000000000000000000000000        -11355.1371119330240588730966137278490      
   6.00000000000000000000000000000000000         1.00000000000000000000000000000000000        -11355.1371119330240588730966137278490      
   6.00000000000000000000000000000000000         1.00000000000000000000000000000000000        -11355.1371119330240588730966137278490      
   6.00000000000000000000000000000000000         1.00000000000000000000000000000000000        -10902.8177421241828263061404777571422      
   6.00000000000000000000000000000000000         1.00000000000000000000000000000000000        -9716.34643591841531710697263402613647      
   6.00000000000000000000000000000000000         1.00000000000000000000000000000000000        -8658.87147069766327930361851828170857      
   6.00000000000000000000000000000000000         1.00000000000000000000000000000000000        -7716.36461539562680831334836459375589      
   6.00000000000000000000000000000000000         1.00000000000000000000000000000000000        -6876.32319591410916078922682685603559      
   6.00000000000000000000000000000000000         1.00000000000000000000000000000000000        -6127.60419223391200834165818982130326      
   6.00000000000000000000000000000000000         1.00000000000000000000000000000000000        -5460.27637730928173366763746313456889      
   6.00000000000000000000000000000000000         1.00000000000000000000000000000000000        -4865.48853571887119920464945546234916      
   6.00000000000000000000000000000000000         1.00000000000000000000000000000000000        -4335.35201341478089287923026782729885      
   6.00000000000000000000000000000000000         1.00000000000000000000000000000000000        -3862.83604007620780540990981912054829      
   6.00000000000000000000000000000000000         1.00000000000000000000000000000000000        -3441.67443505893335975882080712630884      
   6.00000000000000000000000000000000000         1.00000000000000000000000000000000000        -3066.28245898528223121289581167846041      
   6.00000000000000000000000000000000000         1.00000000000000000000000000000000000        -2731.68270764566881643444173302030741      
   6.00000000000000000000000000000000000         1.00000000000000000000000000000000000        -2433.43906486882909229364180468697369      
   6.00000000000000000000000000000000000         1.00000000000000000000000000000000000        -2167.59783795545371882213387559324720      
   6.00000000000000000000000000000000000         1.00000000000000000000000000000000000        -1930.63529457819070609561342381799964      
   6.00000000000000000000000000000000000         1.00000000000000000000000000000000000        -1719.41090499455538659034290226875583      
   6.00000000000000000000000000000000000         1.00000000000000000000000000000000000        -1531.12566912532137011043097304043943      
   6.00000000000000000000000000000000000         1.00000000000000000000000000000000000        -1363.28497552404170833050055073770677      
   6.00000000000000000000000000000000000         1.00000000000000000000000000000000000        -1213.66549939879137865838964069851450      
   6.00000000000000000000000000000000000         1.00000000000000000000000000000000000        -1080.28570044299119013060877649740747      
   6.00000000000000000000000000000000000         1.00000000000000000000000000000000000        -961.379528999452609071239968085654066      
   6.00000000000000000000000000000000000         1.00000000000000000000000000000000000        -855.372991654415575151452532472559308      
   6.00000000000000000000000000000000000         1.00000000000000000000000000000000000        -760.863265301250097912973493065111974      
   6.00000000000000000000000000000000000         1.00000000000000000000000000000000000        -676.600082530136503021109315252686812      
   6.00000000000000000000000000000000000         1.00000000000000000000000000000000000        -601.469141339154957636900427510563288      
   6.00000000000000000000000000000000000         1.00000000000000000000000000000000000        -534.477319023730100030046330803237312      
   6.00000000000000000000000000000000000         1.00000000000000000000000000000000000        -474.739494041727216444295505997363282      
   6.00000000000000000000000000000000000         1.00000000000000000000000000000000000        -421.466800988356355672301563195206353      
   6.00000000000000000000000000000000000         1.00000000000000000000000000000000000        -373.956162831537216785917494285878520      
   6.00000000000000000000000000000000000         1.00000000000000000000000000000000000        -331.580961506847942081356569047803307      
   6.00000000000000000000000000000000000         1.00000000000000000000000000000000000        -293.782723076520999087312045464366556      
   6.00000000000000000000000000000000000         1.00000000000000000000000000000000000        -260.063707119597827470014613559899180      
   6.00000000000000000000000000000000000         1.00000000000000000000000000000000000        -229.980302018952024916482596687913825      
   6.00000000000000000000000000000000000         1.00000000000000000000000000000000000        -203.137138504652657429879779739888808      
   6.00000000000000000000000000000000000         1.00000000000000000000000000000000000        -179.181843343964526017775710523712460      
   6.00000000000000000000000000000000000         1.00000000000000000000000000000000000        -157.800363562639163927796634330136111      
   6.00000000000000000000000000000000000         1.00000000000000000000000000000000000        -138.712799152753932140353417368652468      
   6.00000000000000000000000000000000000         1.00000000000000000000000000000000000        -121.669688969664135822908351099727198      
   6.00000000000000000000000000000000000         1.00000000000000000000000000000000000        -106.448700534177272716245236057155996      
   6.00000000000000000000000000000000000         1.00000000000000000000000000000000000        -92.8516798156354237240151255983932957      
   6.00000000000000000000000000000000000         1.00000000000000000000000000000000000        -80.7020218483197354786262207185659628      
   6.00000000000000000000000000000000000         1.00000000000000000000000000000000000        -69.8423272908542019471954531186044995      
   6.00000000000000000000000000000000000         1.00000000000000000000000000000000000        -60.1323138325758240838955251392077811      
   6.00000000000000000000000000000000000         1.00000000000000000000000000000000000        -51.4469547325026344552570833193132627      
   6.00000000000000000000000000000000000         1.00000000000000000000000000000000000        -43.6748197904426497773841705064489154      
   6.00000000000000000000000000000000000         1.00000000000000000000000000000000000        -36.7165967359383338772467367970643315      
   6.00000000000000000000000000000000000         1.00000000000000000000000000000000000        -30.4837734147762153792196302778249355      
   6.00000000000000000000000000000000000         1.00000000000000000000000000000000000        -24.8974632864772991625682119589572539      
   6.00000000000000000000000000000000000         1.00000000000000000000000000000000000        -19.8873586478335551344777810293724732      
   6.00000000000000000000000000000000000         1.00000000000000000000000000000000000        -15.3907976924027975245696644669129691      
   6.00000000000000000000000000000000000         1.00000000000000000000000000000000000        -11.3519330264082730857131880699172973      
   6.00000000000000000000000000000000000         1.00000000000000000000000000000000000        -7.72099060775412578453142084081857696      
   6.00000000000000000000000000000000000         1.00000000000000000000000000000000000        -4.45360927472771538972619511496804646      
   6.00000000000000000000000000000000000         1.00000000000000000000000000000000000        -1.51025210033594850161388938151355359      
   6.00000000000000000000000000000000000         1.00000000000000000000000000000000000         1.14431823869469477904854157875606757      
   6.00000000000000000000000000000000000         1.00000000000000000000000000000000000         3.54150703978906112749847323676570085      
   6.00000000000000000000000000000000000         1.00000000000000000000000000000000000         5.70930430373941444569481897156605559      
   6.00000000000000000000000000000000000         1.00000000000000000000000000000000000         7.67265614501022421689134963711057088      
   6.00000000000000000000000000000000000         1.00000000000000000000000000000000000         9.45379581152074066700968518001966226      
   6.00000000000000000000000000000000000         1.00000000000000000000000000000000000         11.0725387063367557056847202645479650      
   6.00000000000000000000000000000000000         1.00000000000000000000000000000000000         12.5465453260301546696756347911826707      
   6.00000000000000000000000000000000000         1.00000000000000000000000000000000000         13.8915556047385381622707355898308066      
   6.00000000000000000000000000000000000         1.00000000000000000000000000000000000         15.1215977735282060880527524264224697      
   6.00000000000000000000000000000000000         1.00000000000000000000000000000000000         16.2491745064973551903686206470638991      
   6.00000000000000000000000000000000000         1.00000000000000000000000000000000000         17.2854288236651837976079359670023484      
   6.00000000000000000000000000000000000         1.00000000000000000000000000000000000         18.2402919520774455270737033765927875      
   6.00000000000000000000000000000000000         1.00000000000000000000000000000000000         19.1226151071554875163284380671687149      
   6.00000000000000000000000000000000000         1.00000000000000000000000000000000000         19.9402869429472092774456039377074749      
   6.00000000000000000000000000000000000         1.00000000000000000000000000000000000         20.7003382297734138197066710693179348      
   6.00000000000000000000000000000000000         1.00000000000000000000000000000000000         21.4090351482783197201495067642158948      
   6.00000000000000000000000000000000000         1.00000000000000000000000000000000000         22.0719624378396023034871784425674473      
   6.00000000000000000000000000000000000         1.00000000000000000000000000000000000         22.6940975026668471730573792041293095      
   6.00000000000000000000000000000000000         1.00000000000000000000000000000000000         23.2798764589313183519899258153663508      
   6.00000000000000000000000000000000000         1.00000000000000000000000000000000000         23.8332529993323251802531804273637941      
   6.00000000000000000000000000000000000         1.00000000000000000000000000000000000         24.3577508561972196477714475620427521      
   6.00000000000000000000000000000000000         1.00000000000000000000000000000000000         24.8565105592684864220684647664956996      
   6.00000000000000000000000000000000000         1.00000000000000000000000000000000000         25.3323311086253518933401233786277246      
   6.00000000000000000000000000000000000         1.00000000000000000000000000000000000         25.7877071157142630099118004838341678      
