   8.00000000000000000000000042125702971         9.00352220212657171858544045506398199        -207.795618326515963047754944522222606      
   8.00000000000000000000027320490223440         9.00804450896803311579543221896792403        -184.878339973474631398217141954002311      
   8.00000000000000000008846846323345186         9.01679492695335797270883193647918091        -164.421470263759423745560011421316036      
   8.00000000000000001542138039295603227         9.03236621784206142721446975671510786        -146.157105357482011811272178822796596      
   8.00000000000000154750007530033649948         9.05807934024260929993770094702635001        -129.846367565114043981120374998221589      
   8.00000000000009491068682078380481639         9.09779953217845730252813639846343395        -115.276264826636309630571858879793304      
   8.00000000000375322079672618058411166         9.15561101337843551528262673395605990        -102.256911896055876751989133049948969      
   8.00000000010038228572044818134387608         9.23540130018228317745678409221180049        -90.6190692250148923377992495906630650      
   8.00000000189508168258483532879655120         9.34043014084250438694592680147992550        -80.2119558110855761836162696260650596      
   8.00000002623538912742263152213868790         9.47296050735277770598578770793737714        -70.9012950288682298644343169764339981      
   8.00000027555911056312173535514744819         9.63401362684760230937824991494541080        -62.5675579484421865908955447827035588      
   8.00000226343024163200543260480259139         9.82328839759833578650526199756993946        -55.1043757756411562414683904274511363      
   8.00001493613442140273666686594834606         10.0392723412417909552287051681212855        -48.4171000152971547143246253595245213      
   8.00008109757898331372235161312490572         10.2795756518868400956453057710737809        -42.4214947890866489782184485736764987      
   8.00037006998104494539296233073981795         10.5415354114695693280911385679640711        -37.0425519899209167889885081426406446      
   8.00144621527796252053535175321010804         10.8231379855078253226695723691296335        -32.2134305879984762180917255991925617      
   8.00492152831231005963812093904594928         11.1242631525697509358300936621489698        -27.8745392189921631776466927623246006      
   8.01480185174541719527625570050650433         11.4481558252754819743109959679038951        -23.9728021752090862928295128535168613      
   8.03986591425571606446243562365705401         11.8029140511325408672040709242609191        -20.4611590006375993621169233977699367      
   8.09729127045249677844982093414705905         12.2027075194896345195859345439884826        -17.2983252474911952681883808822057987      
   8.21745189453728484526632449510165191         12.6684632051782178324356432706649129        -14.4487645570921532314074892932532202      
   8.44951595077951553415403299852555834         13.2278944527091037799419644681714034        -11.8826829746796935344672163784612621      
   8.86751508819622984792659906089375842         13.9149995934787399258432942750450312        -9.57569817726191014186991150976166245      
   9.57733076935536007056480552519071398         14.7695007778585325095654424959525708        -7.50780079499367718397918841227749594      
   10.7266551785668187140936804299802205         15.8370998263181381563469040262665313        -5.66151233840745696150653005576383040      
   12.5218773726276596504395624696557536         17.1717909829520718908584891075392926        -4.01973161057908495269572588185641056      
   15.2567029896629162706181150206018475         18.8415723035786981183507829076119060        -2.56413282829891667242920335512010592      
   19.3555558656606292753739459190741155         20.9384643253949278508075486374837126        -1.27461386497176880535966240613606296      
   25.4296179636735230954713507475319053         23.5926222345553913115727387437810740       -0.129581397418458854109475138076295423      
   34.3356877392054571327182959480980339         26.9886597879295690442857097637826231        0.893328594829300589408090768218075465      
   47.2207376949868019236723721606168968         31.3805679663911276720857698430745532         1.81618147941699485552441353812612328      
   65.5318205000398361276234335528739641         37.1004730787306598056242324198484204         2.65933313782591962410986955779677743      
   90.9744583265351557438792139280068348         44.5565332520548965482606424153967215         3.44001294154075152819125903927594858      
   125.412877361430390941408178682189482         54.2167913851612956234521472210263467         4.17144902744361731499201177101204005      
   170.719520304382338910423112354909230         66.5785715642521135329498281127018051         4.86285276803844432049597027565830573      
   228.594558750016533484995001349896805         82.1263253662903742266785724747595256         5.52013074406599417011300428626304523      
   300.384296413305846446107840196026070         101.283733757289039857254890621633991         6.14691440765360771923330448350959561      
   386.928090659144360791027314794393598         124.367467711295321505788203007188261         6.74552086940212704516994952642765327      
   488.457092977803163167308082920377968         151.549854212417645835357915287804657         7.31764770307945932115581915228787076      
   604.557227570902957152948884378858263         182.835911391980751563989869838115783         7.86478222877553510348806465085156139      
   734.196787134996756138798120298982136         218.057412800782945983663766552719626         8.38839493259361551378666432307585087      
   875.808836418897018410100665465689251         256.883627020716304509434673037221124         8.89000163062090775339756078733549373      
   1027.41210393325659613617879082846006         298.845875593032435243189285047321269         9.37115977350207493612921471414367032      
   1186.75167373654834687027456185736116         343.371495718478702552810862730794796         9.83343926952773717264585045130418669      
   1351.44195366284190816050967496376496         389.822287304328964193499025280296150         10.2783889006864915706745462619126790      
   1519.09791054301490173790271306077538         437.532904647301079714555407479456873         10.7075074879964688627026244023921253      
   1687.44514301289599548540430521588918         485.845616800350671705852416276136385         11.1222226214586086380949746140647047      
   1854.40394498979889889969015805164745         534.139079075166296446847357348054164         11.5238768365744111556393080262603955      
   2018.14639777659108036858942836987358         581.849960265253010349540756861563811         11.9137200107972438337450835044573205      
   2177.12838172495048313794173296205268         628.487278959201368546632967502594261         12.2929065183265193519099489016053341      
   2330.10017285036221092508588281197511         673.640034959989696497191627909285058         12.6624958113060015747186037515301197      
   2476.10012198743820870328287047869783         716.979169547363529285170665933909556         13.0234553414222599724448407893092578      
   2614.43602686164568797252944170459845         758.255089124258205452779466052803688         13.3766649886210984477002820565789943      
   2744.65843920397781544506728650693554         797.292000507661968748020077590143166         13.7229223821071758038971171042123985      
   2866.52951058685750666951915239742007         833.980196002894523577718198573577605         14.0629486730924481548364818905666522      
   2979.99023571250384731459312521745701         868.267247993291363486385716083118087         14.3973944517712429539294863100143337      
   3085.12821359876245541784998266844057         900.148868964753953219202779596779986         14.7268455997228233583981173550366808      
   3182.14738397601983109429778367751227         929.659993101612863842089643755606268         15.0518289408262426297558325369358592      
   3271.34064190835989110870383746908457         956.866457460393284160617427421471326         15.3728176053420803386198230319993917      
   3353.06579743082288449059861465781995         981.857512712574058341944211180280624         15.6902360583220426784183598840224120      
   3427.72502275817785666009921053560082         1004.73927761367879523499968534318498         16.0044647689915090756155363136383222      
   3495.74770298469174201868943165274989         1025.62916578588715253941049281530802         16.3158445152433233944803388569278202      
   3557.57645945541670367113716549259913         1044.65125405280267385977403491686567         16.6246803291226764620275587960528715      
   3613.65603030672165582192385324661875         1061.93252357859401755625360445790280         16.9312450968112551037212936547075334      
   3664.42465387558892387511738328493672         1077.59988359395909991856633716127792         17.2357828313256949537467330495386847      
   3710.30759409967639182407051352838123         1091.77787817431999063880755330644093         17.5385116387942408786196612994138710      
   3751.71246173011803611552612668917109         1104.58697570140012637632720221064209         17.8396264003902332609398609389647389      
   3789.02601278182227330870484368445898         1116.14234536028489391409794760099311         18.1393011922311868954116408560586319      
   3822.61214001013897574930808509324057         1126.55303306824537994621008799547873         18.4376914651209183054855453164560087      
   3852.81081001953061656974705205364327         1135.92145896885074774225993953036648         18.7349360051507843701577373989571616      
   3879.93773500814821636287143292531037         1144.34316891709695770199843080726136         19.0311586950494880076920079610176533      
   3904.28460234492889288452047349075291         1151.90678247498632055515225911126092         19.3264700948957345874777254206837305      
   3926.11971616372888734212744853035159         1158.69408936791360794957900708484255         19.6209688594659890792739762637317256      
   3945.68893249361856153834045402845697         1164.78025486546007383190317162189997         19.9147430081370871718834487719248231      
   3963.21679304575824088226754899154390         1170.23410203668655857317201529522963         20.2078710619385999562263235130122780      
   3978.90778279796430996494016914943227         1175.11844527767764014686607143827611         20.5004230610775631540947074065117727      
   3992.94765324593019930546461867510708         1179.49045496664790135857322429235757         20.7924614750539206392101696383880903      
   4005.50476697988585760541014468122539         1183.40203765291066333204355964819818         21.0840420163575194646744239959660790      
   4016.73143047354885671455853333408163         1186.90021993073293809686173966189501         21.3752143676906945688451195746719259      
   4026.76519100728415610098526086043836         1190.02752719261436570359796381720313         21.6660228316950519347561566277895483      
   4035.73008083341023970526323705191471         1192.82235090103021065561229993486178         21.9565069112754015167234480290987814      
   4043.73779733868154160314798585959526         1195.31929995803638182759918092661804         22.2467018278048203554181716203864346      
   4050.88881233981141708893837208159004         1197.54953327358200619318673815658136         22.5366389837585230500433049120992555      
   4057.27340699761284922689640297705108         1199.54107181065648590151705391841797         22.8263463756560266813694712178099077      
   4062.97263135355213352587691857190976         1201.31908928283232866085952048585604         23.1158489625862135667880317026670779      
   4068.05918934652884696619906854915758         1202.90618135186227157736632695510905         23.4051689950434574144629869068437162      
   4072.59825149616693265701466262998542         1204.32261366536165074155007029558290         23.6943263083102090898975100908276014      
   4076.64819835562773454241924781389280         1205.58654942500686998698491374262095         23.9833385841777341548239808245978842      
   4080.26129843452090457688464664350705         1206.71425741505497967440142104824867         24.2722215843976848458100363399326191      
   4083.48432464560352395356844876014223         1207.72030157448493931603552211526884         24.5609893588987700722076519139364655      
   4086.35911349743850836472457753124199         1208.61771328394634829026552674484246         24.8496544314811377141673222192748106      
   4088.92307128655498623583528219019394         1209.41814757718448136452536161356447         25.1382279654126716877048611239467024      
   4091.20963147437873767482971552889879         1210.13202448855232280639360539902662         25.4267199110929842262939395784531092      
   4093.24866729556847142804001640185574         1210.76865672374496405471388071039049         25.7151391377194791076785105007618949      
   4095.06686345809684895399131941990353         1211.33636479790185486875803226377712         26.0034935506827636815208573780369793      
   4096.68805057886024606513429584906132         1211.84258072983007903590788057809280         26.2917901962334327470966802417908531      
   4098.13350576498407995339591432591565         1212.29394131798532848570774604266678         26.5800353547966019155716108608030350      
   4099.42222251017453462648762643267741         1212.69637195654397940237033907763510         26.8682346241625115186555058317816319      
   4100.57115283469611503405788537457618         1213.05516188104512743321720830511123         27.1563929936492301044042762964178614      
   4101.59542436202554835026940580232236         1213.37503166460286125191623128887255         27.4445149102153146769003365393237933      
   4102.50853479855918070466399863161915         1213.66019371896147058791689959224221         27.7326043373947528895741124500432403      
