   2.00000000000000000000000000000000000         1.00000000000000000000000000000000000        -11355.1371119330240588730966137278490      
   2.00000000000000000000000000000000000         1.00000000000000000000000000000000000        -11355.1371119330240588730966137278490      
   2.00000000000000000000000000000000000         1.00000000000000000000000000000000000        -11355.1371119330240588730966137278490      
   2.00000000000000000000000000000000000         1.00000000000000000000000000000000000        -11355.1371119330240588730966137278490      
   2.00000000000000000000000000000000000         1.00000000000000000000000000000000000        -11355.1371119330240588730966137278490      
   2.00000000000000000000000000000000000         1.00000000000000000000000000000000000        -11355.1371119330240588730966137278490      
   2.00000000000000000000000000000000000         1.00000000000000000000000000000000000        -11355.1371119330240588730966137278490      
   2.00000000000000000000000000000000000         1.00000000000000000000000000000000000        -11355.1371119330240588730966137278490      
   2.00000000000000000000000000000000000         1.00000000000000000000000000000000000        -11355.1371119330240588730966137278490      
   2.00000000000000000000000000000000000         1.00000000000000000000000000000000000        -11355.1371119330240588730966137278490      
   2.00000000000000000000000000000000000         1.00000000000000000000000000000000000        -11355.1371119330240588730966137278490      
   2.00000000000000000000000000000000000         1.00000000000000000000000000000000000        -11355.1371119330240588730966137278490      
   2.00000000000000000000000000000000000         1.00000000000000000000000000000000000        -11355.1371119330240588730966137278490      
   2.00000000000000000000000000000000000         1.00000000000000000000000000000000000        -11355.1371119330240588730966137278490      
   2.00000000000000000000000000000000000         1.00000000000000000000000000000000000        -11355.1371119330240588730966137278490      
   2.00000000000000000000000000000000000         1.00000000000000000000000000000000000        -11355.1371119330240588730966137278490      
   2.00000000000000000000000000000000000         1.00000000000000000000000000000000000        -11355.1371119330240588730966137278490      
   2.00000000000000000000000000000000000         1.00000000000000000000000000000000000        -11355.1371119330240588730966137278490      
   2.00000000000000000000000000000000000         1.00000000000000000000000000000000000        -11355.1371119330240588730966137278490      
   2.00000000000000000000000000000000000         1.00000000000000000000000000000000000        -11355.1371119330240588730966137278490      
   2.00000000000000000000000000000000000         1.00000000000000000000000000000000000        -11355.1371119330240588730966137278490      
   2.00000000000000000000000000000000000         1.00000000000000000000000000000000000        -11355.1371119330240588730966137278490      
   2.00000000000000000000000000000000000         1.00000000000000000000000000000000000        -11355.1371119330240588730966137278490      
   2.00000000000000000000000000000000000         1.00000000000000000000000000000000000        -11355.1371119330240588730966137278490      
   2.00000000000000000000000000000000000         1.00000000000000000000000000000000000        -11355.1371119330240588730966137278490      
   2.00000000000000000000000000000000000         1.00000000000000000000000000000000000        -11355.1371119330240588730966137278490      
   2.00000000000000000000000000000000000         1.00000000000000000000000000000000000        -10395.5577274634564208392828021758626      
   2.00000000000000000000000000000000000         1.00000000000000000000000000000000000        -9264.00579693419283892485669800269217      
   2.00000000000000000000000000000000000         1.00000000000000000000000000000000000        -8255.47777680684453187926033506887862      
   2.00000000000000000000000000000000000         1.00000000000000000000000000000000000        -7356.59493223808506865064422401172154      
   2.00000000000000000000000000000000000         1.00000000000000000000000000000000000        -6555.43345324775713854213236684014941      
   2.00000000000000000000000000000000000         1.00000000000000000000000000000000000        -5841.36623300491702072272029084895333      
   2.00000000000000000000000000000000000         1.00000000000000000000000000000000000        -5204.92185257683858854159225097032896      
   2.00000000000000000000000000000000000         1.00000000000000000000000000000000000        -4637.65890095427196277953655311947700      
   2.00000000000000000000000000000000000         1.00000000000000000000000000000000000        -4132.05396265605066091705993621994841      
   2.00000000000000000000000000000000000         1.00000000000000000000000000000000000        -3681.40178657661511088391739470455516      
   2.00000000000000000000000000000000000         1.00000000000000000000000000000000000        -3279.72631137771300969504273262666984      
   2.00000000000000000000000000000000000         1.00000000000000000000000000000000000        -2921.70136678528218554361866471841660      
   2.00000000000000000000000000000000000         1.00000000000000000000000000000000000        -2602.57999854590465927057719141788148      
   2.00000000000000000000000000000000000         1.00000000000000000000000000000000000        -2318.13147922794368333204795592138561      
   2.00000000000000000000000000000000000         1.00000000000000000000000000000000000        -2064.58516903896483472185589539877526      
   2.00000000000000000000000000000000000         1.00000000000000000000000000000000000        -1838.58048172659650241495728368831192      
   2.00000000000000000000000000000000000         1.00000000000000000000000000000000000        -1637.12229164073311997143418580556808      
   2.00000000000000000000000000000000000         1.00000000000000000000000000000000000        -1457.54119023588965683533890340524152      
   2.00000000000000000000000000000000000         1.00000000000000000000000000000000000        -1297.45806464164034239814713642682736      
   2.00000000000000000000000000000000000         1.00000000000000000000000000000000000        -1154.75252828029214043396541537025857      
   2.00000000000000000000000000000000000         1.00000000000000000000000000000000000        -1027.53478462526993030385919207143857      
   2.00000000000000000000000000000000000         1.00000000000000000000000000000000000        -914.120550749381741972964557615472158      
   2.00000000000000000000000000000000000         1.00000000000000000000000000000000000        -813.008707913685081128952897283438086      
   2.00000000000000000000000000000000000         1.00000000000000000000000000000000000        -722.861382633847304666639262139070390      
   2.00000000000000000000000000000000000         1.00000000000000000000000000000000000        -642.486193911852681516336052383261171      
   2.00000000000000000000000000000000000         1.00000000000000000000000000000000000        -570.820431064606839594942820745488430      
   2.00000000000000000000000000000000000         1.00000000000000000000000000000000000        -506.916952198837166237377992718975061      
   2.00000000000000000000000000000000000         1.00000000000000000000000000000000000        -449.931616213618673521720398895237858      
   2.00000000000000000000000000000000000         1.00000000000000000000000000000000000        -399.112081560834713196020713166632972      
   2.00000000000000000000000000000000000         1.00000000000000000000000000000000000        -353.787823129929328053254434976441749      
   2.00000000000000000000000000000000000         1.00000000000000000000000000000000000        -313.361234787077287794914944730000598      
   2.00000000000000000000000000000000000         1.00000000000000000000000000000000000        -277.299699504872375240320513900523898      
   2.00000000000000000000000000000000000         1.00000000000000000000000000000000000        -245.128521857972792473564342531818443      
   2.00000000000000000000000000000000000         1.00000000000000000000000000000000000        -216.424629103214864740259394943516799      
   2.00000000000000000000000000000000000         1.00000000000000000000000000000000000        -190.810957261355149739788164852603767      
   2.00000000000000000000000000000000000         1.00000000000000000000000000000000000        -167.951447707156486369646279642905450      
   2.00000000000000000000000000000000000         1.00000000000000000000000000000000000        -147.546587875608317985841945815979099      
   2.00000000000000000000000000000000000         1.00000000000000000000000000000000000        -129.329436912162141532780393537294441      
   2.00000000000000000000000000000000000         1.00000000000000000000000000000000000        -113.062083529775379949609192800801032      
   2.00000000000000000000000000000000000         1.00000000000000000000000000000000000        -98.5324890706787296137389966564921828      
   2.00000000000000000000000000000000000         1.00000000000000000000000000000000000        -85.5516738822146784612763502879581530      
   2.00000000000000000000000000000000000         1.00000000000000000000000000000000000        -73.9512096716640294887348628037095371      
   2.00000000000000000000000000000000000         1.00000000000000000000000000000000000        -63.5809845651325332648816727318541202      
   2.00000000000000000000000000000000000         1.00000000000000000000000000000000000        -54.3072112141869254791982851787653743      
   2.00000000000000000000000000000000000         1.00000000000000000000000000000000000        -46.0106515190256330247159401645324586      
   2.00000000000000000000000000000000000         1.00000000000000000000000000000000000        -38.5850344113392186931245929621031885      
   2.00000000000000000000000000000000000         1.00000000000000000000000000000000000        -31.9356457018004212179160861207998721      
   2.00000000000000000000000000000000000         1.00000000000000000000000000000000000        -25.9780712803167418068983026997741607      
   2.00000000000000000000000000000000000         1.00000000000000000000000000000000000        -20.6370769920765156348763100882616741      
   2.00000000000000000000000000000000000         1.00000000000000000000000000000000000        -15.8456103260241469811476582305905582      
   2.00000000000000000000000000000000000         1.00000000000000000000000000000000000        -11.5439106687771128158616851672944583      
   2.00000000000000000000000000000000000         1.00000000000000000000000000000000000        -7.67871631759479142095021804569480331      
   2.00000000000000000000000000000000000         1.00000000000000000000000000000000000        -4.20255772994300300482257687017225817      
   2.00000000000000000000000000000000000         1.00000000000000000000000000000000000        -1.07312763150538009204005807269010313      
   2.00000000000000000000000000000000000         1.00000000000000000000000000000000000         1.74728037564242154745908897505318771      
   2.00000000000000000000000000000000000         1.00000000000000000000000000000000000         4.29227215402411802392530153467497883      
   2.00000000000000000000000000000000000         1.00000000000000000000000000000000000         6.59179896014076500175775895601966836      
   2.00000000000000000000000000000000000         1.00000000000000000000000000000000000         8.67255487944721278651593822254009649      
   2.00000000000000000000000000000000000         1.00000000000000000000000000000000000         10.5583310406477190842850823348414279      
   2.00000000000000000000000000000000000         1.00000000000000000000000000000000000         12.2703313095192142573241259879243043      
   2.00000000000000000000000000000000000         1.00000000000000000000000000000000000         13.8274536513274495120224146634296751      
   2.00000000000000000000000000000000000         1.00000000000000000000000000000000000         15.2465408953443445487285874505065666      
   2.00000000000000000000000000000000000         1.00000000000000000000000000000000000         16.5426042289593243105659304963440813      
   2.00000000000000000000000000000000000         1.00000000000000000000000000000000000         17.7290223870157152285862932903049446      
   2.00000000000000000000000000000000000         1.00000000000000000000000000000000000         18.8177191794936746134865518303802274      
   2.00000000000000000000000000000000000         1.00000000000000000000000000000000000         19.8193217132241461860977105892751345      
   2.00000000000000000000000000000000000         1.00000000000000000000000000000000000         20.7433014071398560730705853120574822      
   2.00000000000000000000000000000000000         1.00000000000000000000000000000000000         21.5980996722500541536243876928120316      
   2.00000000000000000000000000000000000         1.00000000000000000000000000000000000         22.3912399240359069102786109926152724      
   2.00000000000000000000000000000000000         1.00000000000000000000000000000000000         23.1294274136029739151035002170343745      
   2.00000000000000000000000000000000000         1.00000000000000000000000000000000000         23.8186382022895074710841215620159764      
   2.00000000000000000000000000000000000         1.00000000000000000000000000000000000         24.4641984603695697500272923128279399      
   2.00000000000000000000000000000000000         1.00000000000000000000000000000000000         25.0708551420965787310920804690321767      
   2.00000000000000000000000000000000000         1.00000000000000000000000000000000000         25.6428389749021711618223563874323839      
   2.00000000000000000000000000000000000         1.00000000000000000000000000000000000         26.1839205985787814652242951308587032      
