   5.00000000000000000000000000000000000         4.00000000000000000000000000000000000        -11355.1371119330240588730966137278490      
   5.00000000000000000000000000000000000         4.00000000000000000000000000000000000        -11355.1371119330240588730966137278490      
   5.00000000000000000000000000000000000         4.00000000000000000000000000000000000        -11355.1371119330240588730966137278490      
   5.00000000000000000000000000000000000         4.00000000000000000000000000000000000        -11355.1371119330240588730966137278490      
   5.00000000000000000000000000000000000         4.00000000000000000000000000000000000        -11355.1371119330240588730966137278490      
   5.00000000000000000000000000000000000         4.00000000000000000000000000000000000        -11355.1371119330240588730966137278490      
   5.00000000000000000000000000000000000         4.00000000000000000000000000000000000        -11355.1371119330240588730966137278490      
   5.00000000000000000000000000000000000         4.00000000000000000000000000000000000        -11355.1371119330240588730966137278490      
   5.00000000000000000000000000000000000         4.00000000000000000000000000000000000        -11355.1371119330240588730966137278490      
   5.00000000000000000000000000000000000         4.00000000000000000000000000000000000        -11355.1371119330240588730966137278490      
   5.00000000000000000000000000000000000         4.00000000000000000000000000000000000        -11355.1371119330240588730966137278490      
   5.00000000000000000000000000000000000         4.00000000000000000000000000000000000        -11355.1371119330240588730966137278490      
   5.00000000000000000000000000000000000         4.00000000000000000000000000000000000        -11355.1371119330240588730966137278490      
   5.00000000000000000000000000000000000         4.00000000000000000000000000000000000        -11355.1371119330240588730966137278490      
   5.00000000000000000000000000000000000         4.00000000000000000000000000000000000        -11355.1371119330240588730966137278490      
   5.00000000000000000000000000000000000         4.00000000000000000000000000000000000        -11355.1371119330240588730966137278490      
   5.00000000000000000000000000000000000         4.00000000000000000000000000000000000        -11355.1371119330240588730966137278490      
   5.00000000000000000000000000000000000         4.00000000000000000000000000000000000        -11355.1371119330240588730966137278490      
   5.00000000000000000000000000000000000         4.00000000000000000000000000000000000        -11355.1371119330240588730966137278490      
   5.00000000000000000000000000000000000         4.00000000000000000000000000000000000        -11355.1371119330240588730966137278490      
   5.00000000000000000000000000000000000         4.00000000000000000000000000000000000        -11355.1371119330240588730966137278490      
   5.00000000000000000000000000000000000         4.00000000000000000000000000000000000        -11355.1371119330240588730966137278490      
   5.00000000000000000000000000000000000         4.00000000000000000000000000000000000        -11355.1371119330240588730966137278490      
   5.00000000000000000000000000000000000         4.00000000000000000000000000000000000        -11355.1371119330240588730966137278490      
   5.00000000000000000000000000000000000         4.00000000000000000000000000000000000        -11355.1371119330240588730966137278490      
   5.00000000000000000000000000000000000         4.00000000000000000000000000000000000        -10360.3295078778441690595630804985706      
   5.00000000000000000000000000000000000         4.00000000000000000000000000000000000        -9232.58880122207141329664558464167095      
   5.00000000000000000000000000000000000         4.00000000000000000000000000000000000        -8227.45753794740953254970616916443781      
   5.00000000000000000000000000000000000         4.00000000000000000000000000000000000        -7331.60205611021907562502033026840747      
   5.00000000000000000000000000000000000         4.00000000000000000000000000000000000        -6533.13871699447316082950822869539740      
   5.00000000000000000000000000000000000         4.00000000000000000000000000000000000        -5821.47621644607033066315113430434000      
   5.00000000000000000000000000000000000         4.00000000000000000000000000000000000        -5187.17504470160782499490535795322562      
   5.00000000000000000000000000000000000         4.00000000000000000000000000000000000        -4621.82222982893028355038536308084338      
   5.00000000000000000000000000000000000         4.00000000000000000000000000000000000        -4117.91970270101137173377035550109072      
   5.00000000000000000000000000000000000         4.00000000000000000000000000000000000        -3668.78480217419719445681402142197268      
   5.00000000000000000000000000000000000         4.00000000000000000000000000000000000        -3268.46160023497628891860820336110445      
   5.00000000000000000000000000000000000         4.00000000000000000000000000000000000        -2911.64187045384950847556174227703629      
   5.00000000000000000000000000000000000         4.00000000000000000000000000000000000        -2593.59465104569939625445000472158981      
   5.00000000000000000000000000000000000         4.00000000000000000000000000000000000        -2310.10346788126511938569854970547735      
   5.00000000000000000000000000000000000         4.00000000000000000000000000000000000        -2057.41038443722629276068636246891982      
   5.00000000000000000000000000000000000         4.00000000000000000000000000000000000        -1832.16613626172655706499210405458532      
   5.00000000000000000000000000000000000         4.00000000000000000000000000000000000        -1631.38568826999092706930608235672426      
   5.00000000000000000000000000000000000         4.00000000000000000000000000000000000        -1452.40862514235155256972803609552563      
   5.00000000000000000000000000000000000         4.00000000000000000000000000000000000        -1292.86384922932907356676402048063001      
   5.00000000000000000000000000000000000         4.00000000000000000000000000000000000        -1150.63811752641829153752519036121009      
   5.00000000000000000000000000000000000         4.00000000000000000000000000000000000        -1023.84800022334937326705340061432960      
   5.00000000000000000000000000000000000         4.00000000000000000000000000000000000        -910.814888734810267551309626989986092      
   5.00000000000000000000000000000000000         4.00000000000000000000000000000000000        -810.042721584382249337163661403613078      
   5.00000000000000000000000000000000000         4.00000000000000000000000000000000000        -720.198132577701373505243053475357426      
   5.00000000000000000000000000000000000         4.00000000000000000000000000000000000        -640.092757843164951886239819279404352      
   5.00000000000000000000000000000000000         4.00000000000000000000000000000000000        -568.667466965362838730152085801646743      
   5.00000000000000000000000000000000000         4.00000000000000000000000000000000000        -504.978308967954758023875484127882214      
   5.00000000000000000000000000000000000         4.00000000000000000000000000000000000        -448.183986657725173739971460601993018      
   5.00000000000000000000000000000000000         4.00000000000000000000000000000000000        -397.534693121971452418857935805365665      
   5.00000000000000000000000000000000000         4.00000000000000000000000000000000000        -352.362162246328204551710278358801943      
   5.00000000000000000000000000000000000         4.00000000000000000000000000000000000        -312.070801229444283858437672514063133      
   5.00000000000000000000000000000000000         4.00000000000000000000000000000000000        -276.129787428369775674681002367003797      
   5.00000000000000000000000000000000000         4.00000000000000000000000000000000000        -244.066024664592934313117804572807758      
   5.00000000000000000000000000000000000         4.00000000000000000000000000000000000        -215.457865525187676486790635032544514      
   5.00000000000000000000000000000000000         4.00000000000000000000000000000000000        -189.929516357821963684837392270236739      
   5.00000000000000000000000000000000000         4.00000000000000000000000000000000000        -167.146050717310159975815942390151238      
   5.00000000000000000000000000000000000         4.00000000000000000000000000000000000        -146.808965095174766836795316181713213      
   5.00000000000000000000000000000000000         4.00000000000000000000000000000000000        -128.652217959448999247385487516941348      
   5.00000000000000000000000000000000000         4.00000000000000000000000000000000000        -112.438699545184921207637061916799767      
   5.00000000000000000000000000000000000         4.00000000000000000000000000000000000        -97.9570855519320128652611548662057971      
   5.00000000000000000000000000000000000         4.00000000000000000000000000000000000        -85.0190329986632908987619518528657759      
   5.00000000000000000000000000000000000         4.00000000000000000000000000000000000        -73.4566810268475501877355504517794101      
   5.00000000000000000000000000000000000         4.00000000000000000000000000000000000        -63.1204234888429182268689298544901138      
   5.00000000000000000000000000000000000         4.00000000000000000000000000000000000        -53.8769237652130005042248450230125660      
   5.00000000000000000000000000000000000         4.00000000000000000000000000000000000        -45.6073454687975282028724975647652626      
   5.00000000000000000000000000000000000         4.00000000000000000000000000000000000        -38.2057755580554867478117001783375055      
   5.00000000000000000000000000000000000         4.00000000000000000000000000000000000        -31.5778189353528485377320159723090608      
   5.00000000000000000000000000000000000         4.00000000000000000000000000000000000        -25.6393458813680599698895895810681587      
   5.00000000000000000000000000000000000         4.00000000000000000000000000000000000        -20.3153757048308576983262130627534335      
   5.00000000000000000000000000000000000         4.00000000000000000000000000000000000        -15.5390817943047027721594232794450697      
   5.00000000000000000000000000000000000         4.00000000000000000000000000000000000        -11.2509048696544805633801386563191923      
   5.00000000000000000000000000000000000         4.00000000000000000000000000000000000        -7.39776266658519960555244760296127034      
   5.00000000000000000000000000000000000         4.00000000000000000000000000000000000        -3.93234556724568532994410378488967808      
   5.00000000000000000000000000000000000         4.00000000000000000000000000000000000       -0.812488830343329407859362792211360277      
   5.00000000000000000000000000000000000         4.00000000000000000000000000000000000         1.99938690935507201178798552267140812      
   5.00000000000000000000000000000000000         4.00000000000000000000000000000000000         4.53677429636808252214215454933194544      
   5.00000000000000000000000000000000000         4.00000000000000000000000000000000000         6.82952368154345197549624120882771337      
   5.00000000000000000000000000000000000         4.00000000000000000000000000000000000         8.90423921807785887388924811395694747      
   5.00000000000000000000000000000000000         4.00000000000000000000000000000000000         10.7846318824660968173161147126230699      
   5.00000000000000000000000000000000000         4.00000000000000000000000000000000000         12.4918341047532177910057294563344575      
   5.00000000000000000000000000000000000         4.00000000000000000000000000000000000         14.0446801830419201271076737963204529      
   5.00000000000000000000000000000000000         4.00000000000000000000000000000000000         15.4599562031853243376623379750810607      
   5.00000000000000000000000000000000000         4.00000000000000000000000000000000000         16.7526227799476176732010240734620135      
   5.00000000000000000000000000000000000         4.00000000000000000000000000000000000         17.9360135752724395849174565952617459      
   5.00000000000000000000000000000000000         4.00000000000000000000000000000000000         19.0220122278758169545047153797384637      
   5.00000000000000000000000000000000000         4.00000000000000000000000000000000000         20.0212100419118512394628191570332312      
   5.00000000000000000000000000000000000         4.00000000000000000000000000000000000         20.9430465271439451999228116162880567      
   5.00000000000000000000000000000000000         4.00000000000000000000000000000000000         21.7959346555042541961590782940641590      
   5.00000000000000000000000000000000000         4.00000000000000000000000000000000000         22.5873724961198045627674399845476122      
   5.00000000000000000000000000000000000         4.00000000000000000000000000000000000         23.3240427101342501948361430015304384      
   5.00000000000000000000000000000000000         4.00000000000000000000000000000000000         24.0119012255611025551660955024950172      
   5.00000000000000000000000000000000000         4.00000000000000000000000000000000000         24.6562562688298607904008886464828044      
   5.00000000000000000000000000000000000         4.00000000000000000000000000000000000         25.2618388017256423574137470669419579      
   5.00000000000000000000000000000000000         4.00000000000000000000000000000000000         25.8328652983777080890742452048617769      
   5.00000000000000000000000000000000000         4.00000000000000000000000000000000000         26.3730936953093783704910040750020424      
   5.00000000000000000000000000000000000         4.00000000000000000000000000000000000         26.8858732569725095609784450163200853      
