   2.00000000000000000000000000000000000         1.00000000000000000000000000000000000        -11355.1371119330240588730966137278490      
   2.00000000000000000000000000000000000         1.00000000000000000000000000000000000        -11355.1371119330240588730966137278490      
   2.00000000000000000000000000000000000         1.00000000000000000000000000000000000        -11355.1371119330240588730966137278490      
   2.00000000000000000000000000000000000         1.00000000000000000000000000000000000        -11355.1371119330240588730966137278490      
   2.00000000000000000000000000000000000         1.00000000000000000000000000000000000        -11355.1371119330240588730966137278490      
   2.00000000000000000000000000000000000         1.00000000000000000000000000000000000        -11355.1371119330240588730966137278490      
   2.00000000000000000000000000000000000         1.00000000000000000000000000000000000        -11355.1371119330240588730966137278490      
   2.00000000000000000000000000000000000         1.00000000000000000000000000000000000        -11355.1371119330240588730966137278490      
   2.00000000000000000000000000000000000         1.00000000000000000000000000000000000        -11355.1371119330240588730966137278490      
   2.00000000000000000000000000000000000         1.00000000000000000000000000000000000        -11355.1371119330240588730966137278490      
   2.00000000000000000000000000000000000         1.00000000000000000000000000000000000        -11355.1371119330240588730966137278490      
   2.00000000000000000000000000000000000         1.00000000000000000000000000000000000        -11355.1371119330240588730966137278490      
   2.00000000000000000000000000000000000         1.00000000000000000000000000000000000        -11355.1371119330240588730966137278490      
   2.00000000000000000000000000000000000         1.00000000000000000000000000000000000        -11355.1371119330240588730966137278490      
   2.00000000000000000000000000000000000         1.00000000000000000000000000000000000        -11355.1371119330240588730966137278490      
   2.00000000000000000000000000000000000         1.00000000000000000000000000000000000        -11355.1371119330240588730966137278490      
   2.00000000000000000000000000000000000         1.00000000000000000000000000000000000        -11355.1371119330240588730966137278490      
   2.00000000000000000000000000000000000         1.00000000000000000000000000000000000        -11355.1371119330240588730966137278490      
   2.00000000000000000000000000000000000         1.00000000000000000000000000000000000        -11355.1371119330240588730966137278490      
   2.00000000000000000000000000000000000         1.00000000000000000000000000000000000        -11355.1371119330240588730966137278490      
   2.00000000000000000000000000000000000         1.00000000000000000000000000000000000        -11355.1371119330240588730966137278490      
   2.00000000000000000000000000000000000         1.00000000000000000000000000000000000        -11355.1371119330240588730966137278490      
   2.00000000000000000000000000000000000         1.00000000000000000000000000000000000        -11355.1371119330240588730966137278490      
   2.00000000000000000000000000000000000         1.00000000000000000000000000000000000        -11355.1371119330240588730966137278490      
   2.00000000000000000000000000000000000         1.00000000000000000000000000000000000        -11355.1371119330240588730966137278490      
   2.00000000000000000000000000000000000         1.00000000000000000000000000000000000        -11355.1371119330240588730966137278490      
   2.00000000000000000000000000000000000         1.00000000000000000000000000000000000        -11355.1371119330240588730966137278490      
   2.00000000000000000000000000000000000         1.00000000000000000000000000000000000        -11355.1371119330240588730966137278490      
   2.00000000000000000000000000000000000         1.00000000000000000000000000000000000        -11355.1371119330240588730966137278490      
   2.00000000000000000000000000000000000         1.00000000000000000000000000000000000        -11355.1371119330240588730966137278490      
   2.00000000000000000000000000000000000         1.00000000000000000000000000000000000        -11355.1371119330240588730966137278490      
   2.00000000000000000000000000000000000         1.00000000000000000000000000000000000        -11355.1371119330240588730966137278490      
   2.00000000000000000000000000000000000         1.00000000000000000000000000000000000        -11355.1371119330240588730966137278490      
   2.00000000000000000000000000000000000         1.00000000000000000000000000000000000        -11355.1371119330240588730966137278490      
   2.00000000000000000000000000000000000         1.00000000000000000000000000000000000        -11355.1371119330240588730966137278490      
   2.00000000000000000000000000000000000         1.00000000000000000000000000000000000        -11355.1371119330240588730966137278490      
   2.00000000000000000000000000000000000         1.00000000000000000000000000000000000        -11355.1371119330240588730966137278490      
   2.00000000000000000000000000000000000         1.00000000000000000000000000000000000        -11355.1371119330240588730966137278490      
   2.00000000000000000000000000000000000         1.00000000000000000000000000000000000        -11355.1371119330240588730966137278490      
   2.00000000000000000000000000000000000         1.00000000000000000000000000000000000        -11355.1371119330240588730966137278490      
   2.00000000000000000000000000000000000         1.00000000000000000000000000000000000        -11355.1371119330240588730966137278490      
   2.00000000000000000000000000000000000         1.00000000000000000000000000000000000        -11355.1371119330240588730966137278490      
   2.00000000000000000000000000000000000         1.00000000000000000000000000000000000        -11355.1371119330240588730966137278490      
   2.00000000000000000000000000000000000         1.00000000000000000000000000000000000        -11355.1371119330240588730966137278490      
   2.00000000000000000000000000000000000         1.00000000000000000000000000000000000        -11355.1371119330240588730966137278490      
   2.00000000000000000000000000000000000         1.00000000000000000000000000000000000        -11355.1371119330240588730966137278490      
   2.00000000000000000000000000000000000         1.00000000000000000000000000000000000        -11355.1371119330240588730966137278490      
   2.00000000000000000000000000000000000         1.00000000000000000000000000000000000        -11355.1371119330240588730966137278490      
   2.00000000000000000000000000000000000         1.00000000000000000000000000000000000        -11355.1371119330240588730966137278490      
   2.00000000000000000000000000000000000         1.00000000000000000000000000000000000        -10193.7618451864829117539442394677911      
   2.00000000000000000000000000000000000         1.00000000000000000000000000000000000        -9083.43511613321364220234044942105931      
   2.00000000000000000000000000000000000         1.00000000000000000000000000000000000        -8093.82407673342302635254283417211015      
   2.00000000000000000000000000000000000         1.00000000000000000000000000000000000        -7211.80100898475733946381664548656193      
   2.00000000000000000000000000000000000         1.00000000000000000000000000000000000        -6425.66582190206356455188846803986851      
   2.00000000000000000000000000000000000         1.00000000000000000000000000000000000        -5724.99079841857389628668580948579084      
   2.00000000000000000000000000000000000         1.00000000000000000000000000000000000        -5100.48222591593825899428422530849489      
   2.00000000000000000000000000000000000         1.00000000000000000000000000000000000        -4543.85707430430671919855444803792083      
   2.00000000000000000000000000000000000         1.00000000000000000000000000000000000        -4047.73308524551048116067414266450759      
   2.00000000000000000000000000000000000         1.00000000000000000000000000000000000        -3605.53081407011094042239835911013102      
   2.00000000000000000000000000000000000         1.00000000000000000000000000000000000        -3211.38632454407186951279408166654078      
   2.00000000000000000000000000000000000         1.00000000000000000000000000000000000        -2860.07337799765201791317848077034924      
   2.00000000000000000000000000000000000         1.00000000000000000000000000000000000        -2546.93408431353363782093652475943696      
   2.00000000000000000000000000000000000         1.00000000000000000000000000000000000        -2267.81709455493338448073611806478158      
   2.00000000000000000000000000000000000         1.00000000000000000000000000000000000        -2019.02251508742257481303978729643395      
   2.00000000000000000000000000000000000         1.00000000000000000000000000000000000        -1797.25281223832157169419823311619324      
   2.00000000000000000000000000000000000         1.00000000000000000000000000000000000        -1599.56905602832703317566863662161971      
   2.00000000000000000000000000000000000         1.00000000000000000000000000000000000        -1423.35192235627546641170045853602029      
   2.00000000000000000000000000000000000         1.00000000000000000000000000000000000        -1266.26693615972857862213318000952703      
   2.00000000000000000000000000000000000         1.00000000000000000000000000000000000        -1126.23349434923840719514198488110269      
   2.00000000000000000000000000000000000         1.00000000000000000000000000000000000        -1001.39725746945048618792878291163738      
   2.00000000000000000000000000000000000         1.00000000000000000000000000000000000        -890.105543741161729093316379868312273      
   2.00000000000000000000000000000000000         1.00000000000000000000000000000000000        -790.885398978220837368884594304765349      
   2.00000000000000000000000000000000000         1.00000000000000000000000000000000000        -702.424051380392438540559951397558520      
   2.00000000000000000000000000000000000         1.00000000000000000000000000000000000        -623.551491849161230909915109614237270      
   2.00000000000000000000000000000000000         1.00000000000000000000000000000000000        -553.224948677850433943942819720177495      
   2.00000000000000000000000000000000000         1.00000000000000000000000000000000000        -490.515050604625040075250637263795874      
   2.00000000000000000000000000000000000         1.00000000000000000000000000000000000        -434.593494620500055956225635498086461      
   2.00000000000000000000000000000000000         1.00000000000000000000000000000000000        -384.722054891658602012985580922093228      
   2.00000000000000000000000000000000000         1.00000000000000000000000000000000000        -340.242786951156817799705978528003524      
   2.00000000000000000000000000000000000         1.00000000000000000000000000000000000        -300.569297175591080569293526744992513      
   2.00000000000000000000000000000000000         1.00000000000000000000000000000000000        -265.178961697987265269879942616721351      
   2.00000000000000000000000000000000000         1.00000000000000000000000000000000000        -233.605991506613597121203722976978530      
   2.00000000000000000000000000000000000         1.00000000000000000000000000000000000        -205.435251707791741647731658268860206      
   2.00000000000000000000000000000000000         1.00000000000000000000000000000000000        -180.296752938078830541510001153373865      
   2.00000000000000000000000000000000000         1.00000000000000000000000000000000000        -157.860741830206900090173821696697786      
   2.00000000000000000000000000000000000         1.00000000000000000000000000000000000        -137.833325386245616098868838008588441      
   2.00000000000000000000000000000000000         1.00000000000000000000000000000000000        -119.952571196078629283019996161376760      
   2.00000000000000000000000000000000000         1.00000000000000000000000000000000000        -103.985031753462110364611244270075006      
   2.00000000000000000000000000000000000         1.00000000000000000000000000000000000        -89.7226467494512630824601007185807646      
   2.00000000000000000000000000000000424         1.00000000000000000000000000000000000        -76.9799822385106408422867564829822834      
   2.00000000000000000000000000001761494         1.00000000000000000000000000000000000        -65.5917700427199349933734921400065486      
   2.00000000000000000000000002874774345         1.00000000000000000000000000000000000        -55.4107147434640156814782895593650961      
   2.00000000000000000000002108248967739         1.00000000000000000000000000000000000        -46.3055391607193456591938117568631118      
   2.00000000000000000000757578099035998         1.00000000000000000000000000000000000        -38.1592423846343947566810808891294519      
   2.00000000000000000144098029448455967         1.00000000000000000000000000000000000        -30.8675472445414849213485301178185903      
   2.00000000000000015544459040903093379         1.00000000000000000000000000000000000        -24.3375166142571154720290928908016178      
   2.00000000000001011567856861096015442         1.00000000000000000000000000000000000        -18.4863201928827919007915577765305032      
   2.00000000000041971881124596581020593         1.00000000000000000000000000000000000        -13.2401353970370211685818669356964486      
   2.00000000001166944310248118236008077         1.00000000000000000000000000000000000        -8.53316778003063746994748326594319570      
   2.00000000022732580061905088139115458         1.00000000000000000000000000000000000        -4.30677797962006178620605629304053778      
   2.00000000322938115913805257834869232         1.00000000000000000000000000000000000       -0.508703610398877794775021485021906261      
