   6.00000000000000000000000000000000000         9.00000000000000000000000000000000000        -11355.1371119330240588730966137278490      
   6.00000000000000000000000000000000000         9.00000000000000000000000000000000000        -11355.1371119330240588730966137278490      
   6.00000000000000000000000000000000000         9.00000000000000000000000000000000000        -11355.1371119330240588730966137278490      
   6.00000000000000000000000000000000000         9.00000000000000000000000000000000000        -11355.1371119330240588730966137278490      
   6.00000000000000000000000000000000000         9.00000000000000000000000000000000000        -11355.1371119330240588730966137278490      
   6.00000000000000000000000000000000000         9.00000000000000000000000000000000000        -11355.1371119330240588730966137278490      
   6.00000000000000000000000000000000000         9.00000000000000000000000000000000000        -11355.1371119330240588730966137278490      
   6.00000000000000000000000000000000000         9.00000000000000000000000000000000000        -11355.1371119330240588730966137278490      
   6.00000000000000000000000000000000000         9.00000000000000000000000000000000000        -11355.1371119330240588730966137278490      
   6.00000000000000000000000000000000000         9.00000000000000000000000000000000000        -11355.1371119330240588730966137278490      
   6.00000000000000000000000000000000000         9.00000000000000000000000000000000000        -11355.1371119330240588730966137278490      
   6.00000000000000000000000000000000000         9.00000000000000000000000000000000000        -11355.1371119330240588730966137278490      
   6.00000000000000000000000000000000000         9.00000000000000000000000000000000000        -11355.1371119330240588730966137278490      
   6.00000000000000000000000000000000000         9.00000000000000000000000000000000000        -11355.1371119330240588730966137278490      
   6.00000000000000000000000000000000000         9.00000000000000000000000000000000000        -10641.2277777225038352578055089734391      
   6.00000000000000000000000000000000000         9.00000000000000000000000000000000000        -9483.21559259628135256614773005582769      
   6.00000000000000000000000000000000000         9.00000000000000000000000000000000000        -8451.10484573613567248163025962710604      
   6.00000000000000000000000000000000000         9.00000000000000000000000000000000000        -7531.20387384301879088352247312767465      
   6.00000000000000000000000000000000000         9.00000000000000000000000000000000000        -6711.30996915704280082832463251723094      
   6.00000000000000000000000000000000000         9.00000000000000000000000000000000000        -5980.54745693943566886157676347111416      
   6.00000000000000000000000000000000000         9.00000000000000000000000000000000000        -5329.22338187642934231728933115815095      
   6.00000000000000000000000000000000000         9.00000000000000000000000000000000000        -4748.69888845133957049721405291989128      
   6.00000000000000000000000000000000000         9.00000000000000000000000000000000000        -4231.27458858051963200744272025696448      
   6.00000000000000000000000000000000000         9.00000000000000000000000000000000000        -3770.08839541136360520546799423495774      
   6.00000000000000000000000000000000000         9.00000000000000000000000000000000000        -3359.02446759893122124036466978854789      
   6.00000000000000000000000000000000000         9.00000000000000000000000000000000000        -2992.63205580706731750298530652658706      
   6.00000000000000000000000000000000000         9.00000000000000000000000000000000000        -2666.05317457639171464577909326025770      
   6.00000000000000000000000000000000000         9.00000000000000000000000000000000000        -2374.95813980879173308686384330202264      
   6.00000000000000000000000000000000000         9.00000000000000000000000000000000000        -2115.48811649000168722496198222860176      
   6.00000000000000000000000000000000000         9.00000000000000000000000000000000000        -1884.20391429345393945273720201864691      
   6.00000000000000000000000000000000000         9.00000000000000000000000000000000000        -1678.04035161417458009937054886446453      
   6.00000000000000000000000000000000000         9.00000000000000000000000000000000000        -1494.26558247118031236705760317986783      
   6.00000000000000000000000000000000000         9.00000000000000000000000000000000000        -1330.44484657108287063394589857789020      
   6.00000000000000000000000000000000000         9.00000000000000000000000000000000000        -1184.40816151826916966061827113357402      
   6.00000000000000000000000000000000000         9.00000000000000000000000000000000000        -1054.22152846691533469688003050179180      
   6.00000000000000000000000000000000000         9.00000000000000000000000000000000000        -938.161269131331256288262228571378710      
   6.00000000000000000000000000000000000         9.00000000000000000000000000000000000        -834.691153622354858140358457489854558      
   6.00000000000000000000000000000000000         9.00000000000000000000000000000000000        -742.442015610081339841095654801259747      
   6.00000000000000000000000000000000000         9.00000000000000000000000000000000000        -660.193584318521910696123846701562264      
   6.00000000000000000000000000000000000         9.00000000000000000000000000000000000        -586.858292273799367359997035758299210      
   6.00000000000000000000000000000000000         9.00000000000000000000000000000000000        -521.466843944536904566116268488350921      
   6.00000000000000000000000000000000000         9.00000000000000000000000000000000000        -463.155353779066097244656716625872030      
   6.00000000000000000000000000000000000         9.00000000000000000000000000000000000        -411.153882969022273256227559320928693      
   6.00000000000000000000000000000000000         9.00000000000000000000000000000000000        -364.776222829144840436578062680075599      
   6.00000000000000000000000000000000000         9.00000000000000000000000000000000000        -323.410789224939771900615706196782626      
   6.00000000000000000000000000000000000         9.00000000000000000000000000000000000        -286.512507222791551387425745831934585      
   6.00000000000000000000000000000000000         9.00000000000000000000000000000000000        -253.595578276762160962253100466649189      
   6.00000000000000000000000000000000000         9.00000000000000000000000000000000000        -224.227033977040332666909551432174331      
   6.00000000000000000000000000000000000         9.00000000000000000000000000000000000        -198.020990822199497941267341286180053      
   6.00000000000000000000000000000000000         9.00000000000000000000000000000000000        -174.633529779582893024592839226532556      
   6.00000000000000000000000000000000000         9.00000000000000000000000000000000000        -153.758132688693126949804149872462350      
   6.00000000000000000000000000000000000         9.00000000000000000000000000000000000        -135.121614951431870037120831265350387      
   6.00000000000000000000000000000000000         9.00000000000000000000000000000000000        -118.480500538460295724357636766500944      
   6.00000000000000000000000000000000000         9.00000000000000000000000000000000000        -103.617791210217095487572849983417315      
   6.00000000000000000000000000000000000         9.00000000000000000000000000000000000        -90.3400870821198818517470018815870879      
   6.00000000000000000000000000000000000         9.00000000000000000000000000000000000        -78.4750203255996438714331976498938112      
   6.00000000000000000000000000000000000         9.00000000000000000000000000000000000        -67.8689679517401739171907965030892458      
   6.00000000000000000000000000000000000         9.00000000000000000000000000000000000        -58.3850133275509919478124921955779412      
   6.00000000000000000000000000000000000         9.00000000000000000000000000000000000        -49.9011293754332188938632873469561955      
   6.00000000000000000000000000000000000         9.00000000000000000000000000000000000        -42.3085593479991344207985822139779015      
   6.00000000000000000000000000000000000         9.00000000000000000000000000000000000        -35.5103736921110580019584814483310727      
   6.00000000000000000000000000000000000         9.00000000000000000000000000000000000        -29.4201838526021471303605022234311998      
   6.00000000000000000000000000000000000         9.00000000000000000000000000000000000        -23.9609959486359345920655624542848695      
   6.00000000000000000000000000000000000         9.00000000000000000000000000000000000        -19.0641891116863611706485887515475701      
   6.00000000000000000000000000000000000         9.00000000000000000000000000000000000        -14.6686049283040241776003290645662800      
   6.00000000000000000000000000000000000         9.00000000000000000000000000000000000        -10.7197359051273719868293089894294860      
   6.00000000000000000000000000000000000         9.00000000000000000000000000000000000        -7.16900218756260280486002041424895230      
   6.00000000000000000000000000000000000         9.00000000000000000000000000000000000        -3.97310693462858983587364147214947782      
   6.00000000000000000000000000000000000         9.00000000000000000000000000000000000        -1.09346179618267622385739641889805468      
   6.00000000000000000000000000000000000         9.00000000000000000000000000000000000         1.50432513104081440726207782571868140      
   6.00000000000000000000000000000000000         9.00000000000000000000000000000000000         3.85090566309162115419297079977769145      
   6.00000000000000000000000000000000000         9.00000000000000000000000000000000000         5.97359825977957698491332669914088542      
   6.00000000000000000000000000000000000         9.00000000000000000000000000000000000         7.89675052403856455564167018767781393      
   6.00000000000000000000000000000000000         9.00000000000000000000000000000000000         9.64206227982471471877217290463817129      
   6.00000000000000000000000000000000000         9.00000000000000000000000000000000000         11.2288735155962662218067817534731824      
   6.00000000000000000000000000000000000         9.00000000000000000000000000000000000         12.6744210142101201592901862152945024      
   6.00000000000000000000000000000000000         9.00000000000000000000000000000000000         13.9940670745578972941664503686269517      
   6.00000000000000000000000000000000000         9.00000000000000000000000000000000000         15.2015033599386456305563048380300678      
   6.00000000000000000000000000000000000         9.00000000000000000000000000000000000         16.3089325781122530754032493615442378      
   6.00000000000000000000000000000000000         9.00000000000000000000000000000000000         17.3272304038174916621617439134940578      
   6.00000000000000000000000000000000000         9.00000000000000000000000000000000000         18.2660897923681294434977780287107300      
   6.00000000000000000000000000000000000         9.00000000000000000000000000000000000         19.1341495992808506701095999898526992      
   6.00000000000000000000000000000000000         9.00000000000000000000000000000000000         19.9391092126393020633911180054193416      
   6.00000000000000000000000000000000000         9.00000000000000000000000000000000000         20.6878307192960895449848394143450535      
   6.00000000000000000000000000000000000         9.00000000000000000000000000000000000         21.3864299605961533837416894216951747      
   6.00000000000000000000000000000000000         9.00000000000000000000000000000000000         22.0403576858756487422708154678608453      
   6.00000000000000000000000000000000000         9.00000000000000000000000000000000000         22.6544718805939557999197683640308813      
   6.00000000000000000000000000000000000         9.00000000000000000000000000000000000         23.2331022288491872362704302968928341      
   6.00000000000000000000000000000000000         9.00000000000000000000000000000000000         23.7801075656556087369240788408699627      
   6.00000000000000000000000000000000000         9.00000000000000000000000000000000000         24.2989270813397879394880503039836240      
   6.00000000000000000000000000000000000         9.00000000000000000000000000000000000         24.7926259575066987536331636400415161      
   6.00000000000000000000000000000000000         9.00000000000000000000000000000000000         25.2639360401373244761572232686298229      
   6.00000000000000000000000000000000000         9.00000000000000000000000000000000000         25.7152920895250533726820816561355162      
   6.00000000000000000000000000000000000         9.00000000000000000000000000000000000         26.1488640880654985284471559664835375      
   6.00000000000000000000000000000000000         9.00000000000000000000000000000000000         26.5665860346044838182026408900190293      
   6.00000000000000000000000000000000000         9.00000000000000000000000000000000000         26.9701816074276993514030053748531512      
   6.00000000000000000000000000000000000         9.00000000000000000000000000000000000         27.3611870364243072043426558288383915      
   6.00000000000000000000000000000000000         9.00000000000000000000000000000000000         27.7409714879242121774336653144306955      
   6.00000000000000000000000000000000000         9.00000000000000000000000000000000000         28.1107552327034030613703838054341003      
   6.00000000000000000000000000000000000         9.00000000000000000000000000000000000         28.4716258382357570594982572992810729      
   6.00000000000000000000000000000000000         9.00000000000000000000000000000000000         28.8245526000526509770838847494547297      
