   4.00000000000000000000000000000000000         5.00000000000000000000000000000000000        -11355.1371119330240588730966137278490      
   4.00000000000000000000000000000000000         5.00000000000000000000000000000000000        -11355.1371119330240588730966137278490      
   4.00000000000000000000000000000000000         5.00000000000000000000000000000000000        -11355.1371119330240588730966137278490      
   4.00000000000000000000000000000000000         5.00000000000000000000000000000000000        -11355.1371119330240588730966137278490      
   4.00000000000000000000000000000000000         5.00000000000000000000000000000000000        -11355.1371119330240588730966137278490      
   4.00000000000000000000000000000000000         5.00000000000000000000000000000000000        -11355.1371119330240588730966137278490      
   4.00000000000000000000000000000000000         5.00000000000000000000000000000000000        -11355.1371119330240588730966137278490      
   4.00000000000000000000000000000000000         5.00000000000000000000000000000000000        -11355.1371119330240588730966137278490      
   4.00000000000000000000000000000000000         5.00000000000000000000000000000000000        -11355.1371119330240588730966137278490      
   4.00000000000000000000000000000000000         5.00000000000000000000000000000000000        -11355.1371119330240588730966137278490      
   4.00000000000000000000000000000000000         5.00000000000000000000000000000000000        -11355.1371119330240588730966137278490      
   4.00000000000000000000000000000000000         5.00000000000000000000000000000000000        -11355.1371119330240588730966137278490      
   4.00000000000000000000000000000000000         5.00000000000000000000000000000000000        -11355.1371119330240588730966137278490      
   4.00000000000000000000000000000000000         5.00000000000000000000000000000000000        -11355.1371119330240588730966137278490      
   4.00000000000000000000000000000000000         5.00000000000000000000000000000000000        -10495.2534412697443292148828029547952      
   4.00000000000000000000000000000000000         5.00000000000000000000000000000000000        -9353.13565558756777272818429080658526      
   4.00000000000000000000000000000000000         5.00000000000000000000000000000000000        -8335.19080714300050776584586552910886      
   4.00000000000000000000000000000000000         5.00000000000000000000000000000000000        -7427.91520550227522804878697535132795      
   4.00000000000000000000000000000000000         5.00000000000000000000000000000000000        -6619.27367389802913674865685630953998      
   4.00000000000000000000000000000000000         5.00000000000000000000000000000000000        -5898.53984974574468231105418637605268      
   4.00000000000000000000000000000000000         5.00000000000000000000000000000000000        -5256.15385232920788958731993282713369      
   4.00000000000000000000000000000000000         5.00000000000000000000000000000000000        -4683.59542899164635010482450102142584      
   4.00000000000000000000000000000000000         5.00000000000000000000000000000000000        -4173.27089655957511705290320943233311      
   4.00000000000000000000000000000000000         5.00000000000000000000000000000000000        -3718.41237778073529367733730390707712      
   4.00000000000000000000000000000000000         5.00000000000000000000000000000000000        -3312.98799570487710229732320919685442      
   4.00000000000000000000000000000000000         5.00000000000000000000000000000000000        -2951.62183434138311264123017678487601      
   4.00000000000000000000000000000000000         5.00000000000000000000000000000000000        -2629.52260352028733604716918781821061      
   4.00000000000000000000000000000000000         5.00000000000000000000000000000000000        -2342.42006138273659204919306807212955      
   4.00000000000000000000000000000000000         5.00000000000000000000000000000000000        -2086.50835086596999419230285491967130      
   4.00000000000000000000000000000000000         5.00000000000000000000000000000000000        -1858.39549829239896118398449176563492      
   4.00000000000000000000000000000000000         5.00000000000000000000000000000000000        -1655.05840393974769905209949348393342      
   4.00000000000000000000000000000000000         5.00000000000000000000000000000000000        -1473.80272734446604084982781760227997      
   4.00000000000000000000000000000000000         5.00000000000000000000000000000000000        -1312.22713504076318948258788356811722      
   4.00000000000000000000000000000000000         5.00000000000000000000000000000000000        -1168.19143632448113851108985766329953      
   4.00000000000000000000000000000000000         5.00000000000000000000000000000000000        -1039.78818422275394325617830612256643      
   4.00000000000000000000000000000000000         5.00000000000000000000000000000000000        -925.317364831574457468056430869093567      
   4.00000000000000000000000000000000000         5.00000000000000000000000000000000000        -823.263839164155900832370564302693861      
   4.00000000000000000000000000000000000         5.00000000000000000000000000000000000        -732.277238177121542721212651246264138      
   4.00000000000000000000000000000000000         5.00000000000000000000000000000000000        -651.154044193735103451747615303432249      
   4.00000000000000000000000000000000000         5.00000000000000000000000000000000000        -578.821620955544827868535324271432123      
   4.00000000000000000000000000000000000         5.00000000000000000000000000000000000        -514.323980390929318456709874877888216      
   4.00000000000000000000000000000000000         5.00000000000000000000000000000000000        -456.809097234211334369008307658664596      
   4.00000000000000000000000000000000000         5.00000000000000000000000000000000000        -405.517603168042380924364154461104558      
   4.00000000000000000000000000000000000         5.00000000000000000000000000000000000        -359.772710467196568447355539869926637      
   4.00000000000000000000000000000000000         5.00000000000000000000000000000000000        -318.971231436648919169902106360252379      
   4.00000000000000000000000000000000000         5.00000000000000000000000000000000000        -282.575574477337690064840779080402452      
   4.00000000000000000000000000000000000         5.00000000000000000000000000000000000        -250.106610572266282265982656145083500      
   4.00000000000000000000000000000000000         5.00000000000000000000000000000000000        -221.137315535549377726733020131824102      
   4.00000000000000000000000000000000000         5.00000000000000000000000000000000000        -195.287103660910887801591974777926083      
   4.00000000000000000000000000000000000         5.00000000000000000000000000000000000        -172.216777580591954361308114423870408      
   4.00000000000000000000000000000000000         5.00000000000000000000000000000000000        -151.624027322364998008667590557048300      
   4.00000000000000000000000000000000000         5.00000000000000000000000000000000000        -133.239418839875002048988398930230687      
   4.00000000000000000000000000000000000         5.00000000000000000000000000000000000        -116.822818786542886772812381488162715      
   4.00000000000000000000000000000000000         5.00000000000000000000000000000000000        -102.160208091952851536210554859028919      
   4.00000000000000000000000000000000000         5.00000000000000000000000000000000000        -89.0608420588183018712673756663036168      
   4.00000000000000000000000000000000000         5.00000000000000000000000000000000000        -77.3547192967385231530031641023043502      
   4.00000000000000000000000000000000000         5.00000000000000000000000000000000000        -66.8903259070348373499825534070122467      
   4.00000000000000000000000000000000000         5.00000000000000000000000000000000000        -57.5326249853695713994147380627174422      
   4.00000000000000000000000000000000000         5.00000000000000000000000000000000000        -49.1612647640690973330162104297822559      
   4.00000000000000000000000000000000000         5.00000000000000000000000000000000000        -41.6689816172882396352429572879302522      
   4.00000000000000000000000000000000000         5.00000000000000000000000000000000000        -34.9601767378648585546083883099238617      
   4.00000000000000000000000000000000000         5.00000000000000000000000000000000000        -28.9496475992312300063862075493495128      
   4.00000000000000000000000000000000000         5.00000000000000000000000000000000000        -23.5614573696525045224697681909415136      
   4.00000000000000000000000000000000000         5.00000000000000000000000000000000000        -18.7279272766060931353168826931717290      
   4.00000000000000000000000000000000000         5.00000000000000000000000000000000000        -14.3887385505894980681195153035523170      
   4.00000000000000000000000000000000000         5.00000000000000000000000000000000000        -10.4901320316965450181613585369153411      
   4.00000000000000000000000000000000000         5.00000000000000000000000000000000000        -6.98419481822757409882352220473144495      
   4.00000000000000000000000000000000000         5.00000000000000000000000000000000000        -3.82822449159405350544653456475351803      
   4.00000000000000000000000000000000000         5.00000000000000000000000000000000000       -0.984162481168374373480405990711723362      
   4.00000000000000000000000000000000000         5.00000000000000000000000000000000000         1.58191094982534911000000408334583141      
   4.00000000000000000000000000000000000         5.00000000000000000000000000000000000         3.90022679860987488471608050868003433      
   4.00000000000000000000000000000000000         5.00000000000000000000000000000000000         5.99772846982070462013602371001379256      
   4.00000000000000000000000000000000000         5.00000000000000000000000000000000000         7.89842929811574628720564949287257432      
   4.00000000000000000000000000000000000         5.00000000000000000000000000000000000         9.62373119053657995031785619443794737      
   4.00000000000000000000000000000000000         5.00000000000000000000000000000000000         11.1927086168118650562641981523624672      
   4.00000000000000000000000000000000000         5.00000000000000000000000000000000000         12.6223617159816730675426433474143844      
   4.00000000000000000000000000000000000         5.00000000000000000000000000000000000         13.9278418779138717872967284555955881      
   4.00000000000000000000000000000000000         5.00000000000000000000000000000000000         15.1226527930422285218055340286770548      
   4.00000000000000000000000000000000000         5.00000000000000000000000000000000000         16.2188296381341060678974108306225668      
   4.00000000000000000000000000000000000         5.00000000000000000000000000000000000         17.2270987757740219771267601834597602      
   4.00000000000000000000000000000000000         5.00000000000000000000000000000000000         18.1570200866781902246422411199123873      
   4.00000000000000000000000000000000000         5.00000000000000000000000000000000000         19.0171138235033832189164832346218050      
   4.00000000000000000000000000000000000         5.00000000000000000000000000000000000         19.8149736694230859067601512091146149      
   4.00000000000000000000000000000000000         5.00000000000000000000000000000000000         20.5573675016895571849274637975435759      
   4.00000000000000000000000000000000000         5.00000000000000000000000000000000000         21.2503271972530468310992245751575071      
   4.00000000000000000000000000000000000         5.00000000000000000000000000000000000         21.8992286721041722755470642904731955      
   4.00000000000000000000000000000000000         5.00000000000000000000000000000000000         22.5088632164128995069328719623435683      
   4.00000000000000000000000000000000000         5.00000000000000000000000000000000000         23.0835010720380817057225947649933658      
   4.00000000000000000000000000000000000         5.00000000000000000000000000000000000         23.6269480960424797583712316610495303      
   4.00000000000000000000000000000000000         5.00000000000000000000000000000000000         24.1425962621036822461712967071072775      
   4.00000000000000000000000000000000000         5.00000000000000000000000000000000000         24.6334686699439649630949283882926876      
   4.00000000000000000000000000000000000         5.00000000000000000000000000000000000         25.1022596600268780760889467470780515      
   4.00000000000000000000000000000000000         5.00000000000000000000000000000000000         25.5513705658182123822479333640159300      
   4.00000000000000000000000000000000000         5.00000000000000000000000000000000000         25.9829415780221258880111780728244521      
   4.00000000000000000000000000000000000         5.00000000000000000000000000000000000         26.3988801436114845380578363072688966      
   4.00000000000000000000000000000000000         5.00000000000000000000000000000000000         26.8008862764902954786377048654260767      
   4.00000000000000000000000000000000000         5.00000000000000000000000000000000000         27.1904751156453454900651374148961927      
   4.00000000000000000000000000000000000         5.00000000000000000000000000000000000         27.5689970301200113029680420108563312      
   4.00000000000000000000000000000000000         5.00000000000000000000000000000000000         27.9376555375910291970292537297028719      
   4.00000000000000000000000000000000000         5.00000000000000000000000000000000000         28.2975232743168509274042127036385799      
   4.00000000000000000000000000000000000         5.00000000000000000000000000000000000         28.6495562283690978916077848359358329      
