   1.00000000000000000000000000000000000         4.00000000000000000000000000000000000        -11355.1371119330240588730966137278490      
   1.00000000000000000000000000000000000         4.00000000000000000000000000000000000        -11355.1371119330240588730966137278490      
   1.00000000000000000000000000000000000         4.00000000000000000000000000000000000        -11355.1371119330240588730966137278490      
   1.00000000000000000000000000000000000         4.00000000000000000000000000000000000        -11355.1371119330240588730966137278490      
   1.00000000000000000000000000000000000         4.00000000000000000000000000000000000        -11355.1371119330240588730966137278490      
   1.00000000000000000000000000000000000         4.00000000000000000000000000000000000        -11355.1371119330240588730966137278490      
   1.00000000000000000000000000000000000         4.00000000000000000000000000000000000        -11355.1371119330240588730966137278490      
   1.00000000000000000000000000000000000         4.00000000000000000000000000000000000        -11355.1371119330240588730966137278490      
   1.00000000000000000000000000000000000         4.00000000000000000000000000000000000        -11355.1371119330240588730966137278490      
   1.00000000000000000000000000000000000         4.00000000000000000000000000000000000        -11355.1371119330240588730966137278490      
   1.00000000000000000000000000000000000         4.00000000000000000000000000000000000        -11355.1371119330240588730966137278490      
   1.00000000000000000000000000000000000         4.00000000000000000000000000000000000        -11355.1371119330240588730966137278490      
   1.00000000000000000000000000000000000         4.00000000000000000000000000000000000        -11355.1371119330240588730966137278490      
   1.00000000000000000000000000000000000         4.00000000000000000000000000000000000        -11355.1371119330240588730966137278490      
   1.00000000000000000000000000000000000         4.00000000000000000000000000000000000        -11355.1371119330240588730966137278490      
   1.00000000000000000000000000000000000         4.00000000000000000000000000000000000        -11355.1371119330240588730966137278490      
   1.00000000000000000000000000000000000         4.00000000000000000000000000000000000        -11355.1371119330240588730966137278490      
   1.00000000000000000000000000000000000         4.00000000000000000000000000000000000        -11355.1371119330240588730966137278490      
   1.00000000000000000000000000000000000         4.00000000000000000000000000000000000        -11355.1371119330240588730966137278490      
   1.00000000000000000000000000000000000         4.00000000000000000000000000000000000        -11355.1371119330240588730966137278490      
   1.00000000000000000000000000000000000         4.00000000000000000000000000000000000        -11355.1371119330240588730966137278490      
   1.00000000000000000000000000000000000         4.00000000000000000000000000000000000        -11355.1371119330240588730966137278490      
   1.00000000000000000000000000000000000         4.00000000000000000000000000000000000        -11355.1371119330240588730966137278490      
   1.00000000000000000000000000000000000         4.00000000000000000000000000000000000        -11355.1371119330240588730966137278490      
   1.00000000000000000000000000000000000         4.00000000000000000000000000000000000        -11355.1371119330240588730966137278490      
   1.00000000000000000000000000000000000         4.00000000000000000000000000000000000        -11355.1371119330240588730966137278490      
   1.00000000000000000000000000000000000         4.00000000000000000000000000000000000        -11355.1371119330240588730966137278490      
   1.00000000000000000000000000000000000         4.00000000000000000000000000000000000        -11355.1371119330240588730966137278490      
   1.00000000000000000000000000000000000         4.00000000000000000000000000000000000        -11355.1371119330240588730966137278490      
   1.00000000000000000000000000000000000         4.00000000000000000000000000000000000        -11355.1371119330240588730966137278490      
   1.00000000000000000000000000000000000         4.00000000000000000000000000000000000        -11355.1371119330240588730966137278490      
   1.00000000000000000000000000000000000         4.00000000000000000000000000000000000        -11355.1371119330240588730966137278490      
   1.00000000000000000000000000000000000         4.00000000000000000000000000000000000        -11355.1371119330240588730966137278490      
   1.00000000000000000000000000000000000         4.00000000000000000000000000000000000        -11355.1371119330240588730966137278490      
   1.00000000000000000000000000000000000         4.00000000000000000000000000000000000        -11355.1371119330240588730966137278490      
   1.00000000000000000000000000000000000         4.00000000000000000000000000000000000        -11355.1371119330240588730966137278490      
   1.00000000000000000000000000000000000         4.00000000000000000000000000000000000        -10188.8415566991284678759631538964967      
   1.00000000000000000000000000000000000         4.00000000000000000000000000000000000        -9079.23067353529370407716617595843153      
   1.00000000000000000000000000000000000         4.00000000000000000000000000000000000        -8090.25763245602077695697120054842119      
   1.00000000000000000000000000000000000         4.00000000000000000000000000000000000        -7208.80318130904423421758222455738761      
   1.00000000000000000000000000000000000         4.00000000000000000000000000000000000        -6423.17477430604433134190110030009436      
   1.00000000000000000000000000000000000         4.00000000000000000000000000000000000        -5722.95141904400932085218393346768428      
   1.00000000000000000000000000000000000         4.00000000000000000000000000000000000        -5098.84539626747034763229421844926693      
   1.00000000000000000000000000000000000         4.00000000000000000000000000000000000        -4542.57901747686794199631082166268860      
   1.00000000000000000000000000000000000         4.00000000000000000000000000000000000        -4046.77478503139081016471363310060125      
   1.00000000000000000000000000000000000         4.00000000000000000000000000000000000        -3604.85749723758639214381367400724780      
   1.00000000000000000000000000000000000         4.00000000000000000000000000000000000        -3210.96699941774650154569497769967257      
   1.00000000000000000000000000000000000         4.00000000000000000000000000000000000        -2859.88042321775486006887133681466714      
   1.00000000000000000000000000000000000         4.00000000000000000000000000000000000        -2546.94288231725628322017752010829245      
   1.00000000000000000000000000000000000         4.00000000000000000000000000000000000        -2268.00570491632827408912958046614105      
   1.00000000000000000000000000000000000         4.00000000000000000000000000000000000        -2019.37138338128089266847444637279286      
   1.00000000000000000000000000000000000         4.00000000000000000000000000000000000        -1797.74451056483129440761056516447722      
   1.00000000000000000000000000000000000         4.00000000000000000000000000000000000        -1600.18805175543099397418150844855754      
   1.00000000000000000000000000000000000         4.00000000000000000000000000000000000        -1424.08437201108102911925863980961519      
   1.00000000000000000000000000000000000         4.00000000000000000000000000000000000        -1267.10050173403315217091629643682124      
   1.00000000000000000000000000000000000         4.00000000000000000000000000000000000        -1127.15717958165673044847908491373064      
   1.00000000000000000000000000000000000         4.00000000000000000000000000000000000        -1002.40126193170698127758046012904492      
   1.00000000000000000000000000000000000         4.00000000000000000000000000000000000        -891.181132792361674758248738296588347      
   1.00000000000000000000000000000000000         4.00000000000000000000000000000000000        -792.024787861472551906777216716935345      
   1.00000000000000000000000000000000000         4.00000000000000000000000000000000000        -703.620301923813067493386295079179961      
   1.00000000000000000000000000000000000         4.00000000000000000000000000000000000        -624.798420400551247066366158614798589      
   1.00000000000000000000000000000000000         4.00000000000000000000000000000000000        -554.517044051385915877942417892905750      
   1.00000000000000000000000000000000000         4.00000000000000000000000000000000000        -491.847400950770188416501422352411881      
   1.00000000000000000000000000000000000         4.00000000000000000000000000000000000        -435.961722248748117713451058635102090      
   1.00000000000000000000000000000000000         4.00000000000000000000000000000000000        -386.122258181238574390839315740241318      
   1.00000000000000000000000000000000000         4.00000000000000000000000000000000000        -341.671488578896302449297295792254044      
   1.00000000000000000000000000000000000         4.00000000000000000000000000000000000        -302.023397973950483250033402122844484      
   1.00000000000000000000000000000000000         4.00000000000000000000000000000000000        -266.655699530989488962899013995691954      
   1.00000000000000000000000000000000000         4.00000000000000000000000000000000000        -235.102904617977801138577608286402493      
   1.00000000000000000000000000000000000         4.00000000000000000000000000000000000        -206.950146054923170086020790283535395      
   1.00000000000000000000000000000000000         4.00000000000000000000000000000000000        -181.827673078456601804503252835548578      
   1.00000000000000000000000000000000000         4.00000000000000000000000000000000000        -159.405944973849811838964840676064982      
   1.00000000000000000000000000000000000         4.00000000000000000000000000000000000        -139.391258269947951656169910965821037      
   1.00000000000000000000000000000000000         4.00000000000000000000000000000000000        -121.521849472551125031225600063274827      
   1.00000000000000000000000000000000000         4.00000000000000000000000000000000000        -105.564421621884507196939341687343433      
   1.00000000000000000000000000000000000         4.00000000000000000000000000000000000        -91.3110485836850348852435964963823581      
   1.00000000000000000000000000000000000         4.00000000000000000000000000000000000        -78.5764159957282298287017099792618132      
   1.00000000000000000000000000000000000         4.00000000000000000000000000000000000        -67.1953622588318690373165137573641805      
   1.00000000000000000000000000000000000         4.00000000000000000000000000000000000        -57.0206869427811266127173375607468755      
   1.00000000000000000000000000000000000         4.00000000000000000000000000000000000        -47.9211975260533480319262213583193459      
   1.00000000000000000000000000000000000         4.00000000000000000000000000000000000        -39.7799685507653358497721836732292200      
   1.00000000000000000000000000000000000         4.00000000000000000000000000000000000        -32.4927900928869725914777855623880375      
   1.00000000000000000000000000000000000         4.00000000000000000000000000000000000        -25.9667849598635697058816619696864781      
   1.00000000000000000000000000000000000         4.00000000000000000000000000000000000        -20.1191762666995324961246015593035923      
   1.00000000000000000000000000000000000         4.00000000000000000000000000000000000        -14.8761890369867480244114032311655264      
   1.00000000000000000000000000000000000         4.00000000000000000000000000000000000        -10.1720712537906906908051771977148038      
   1.00000000000000000000000000000000000         4.00000000000000000000000000000000000        -5.94822137033427863142676379212191831      
   1.00000000000000000000000000000000000         4.00000000000000000000000000000000000        -2.15241070307634906326130094075456333      
   1.00000000000000000000000000000000000         4.00000000000000000000000000000000000         1.26190961118664985862286366882632294      
   1.00000000000000000000000000000000000         4.00000000000000000000000000000000000         4.33622629045394310333056950776501808      
   1.00000000000000000000000000000000000         4.00000000000000000000000000000000000         7.10751441106243007093434729121569414      
   1.00000000000000000000000000000000000         4.00000000000000000000000000000000000         9.60872804448493920694021254581600685      
   1.00000000000000000000000000000000000         4.00000000000000000000000000000000000         11.8692375378369553646717295554924616      
   1.00000000000000000000000000000000000         4.00000000000000000000000000000000000         13.9152192405384681666181846843990433      
   1.00000000000000000000000000000000000         4.00000000000000000000000000000000000         15.7700028485669600894988345606441720      
   1.00000000000000000000000000000000000         4.00000000000000000000000000000000000         17.4543809753487374601204331183922712      
   1.00000000000000000000000000000000000         4.00000000000000000000000000000000000         18.9868850571062481052266458087563200      
   1.00000000000000000000000000000000000         4.00000000000000000000000000000000000         20.3840312537577143238171894695980886      
   1.00000000000000000000000000000000000         4.00000000000000000000000000000000000         21.6605396083246187057291311279117949      
   1.00000000000000000000000000000000000         4.00000000000000000000000000000000000         22.8295293729592267032602667868065347      
   1.00000000000000000000000000000000000         4.00000000000000000000000000000000000         23.9026930934498580609276945939675391      
