   10.0000000000000000000000000000000000         9.00000000000000000000000000000000000        -11355.1371119330240588730966137278490      
   10.0000000000000000000000000000000000         9.00000000000000000000000000000000000        -11355.1371119330240588730966137278490      
   10.0000000000000000000000000000000000         9.00000000000000000000000000000000000        -11355.1371119330240588730966137278490      
   10.0000000000000000000000000000000000         9.00000000000000000000000000000000000        -11355.1371119330240588730966137278490      
   10.0000000000000000000000000000000000         9.00000000000000000000000000000000000        -11355.1371119330240588730966137278490      
   10.0000000000000000000000000000000000         9.00000000000000000000000000000000000        -11355.1371119330240588730966137278490      
   10.0000000000000000000000000000000000         9.00000000000000000000000000000000000        -11355.1371119330240588730966137278490      
   10.0000000000000000000000000000000000         9.00000000000000000000000000000000000        -11355.1371119330240588730966137278490      
   10.0000000000000000000000000000000000         9.00000000000000000000000000000000000        -11355.1371119330240588730966137278490      
   10.0000000000000000000000000000000000         9.00000000000000000000000000000000000        -11355.1371119330240588730966137278490      
   10.0000000000000000000000000000000000         9.00000000000000000000000000000000000        -11355.1371119330240588730966137278490      
   10.0000000000000000000000000000000000         9.00000000000000000000000000000000000        -11355.1371119330240588730966137278490      
   10.0000000000000000000000000000000000         9.00000000000000000000000000000000000        -11355.1371119330240588730966137278490      
   10.0000000000000000000000000000000000         9.00000000000000000000000000000000000        -11355.1371119330240588730966137278490      
   10.0000000000000000000000000000000000         9.00000000000000000000000000000000000        -11355.1371119330240588730966137278490      
   10.0000000000000000000000000000000000         9.00000000000000000000000000000000000        -11355.1371119330240588730966137278490      
   10.0000000000000000000000000000000000         9.00000000000000000000000000000000000        -11355.1371119330240588730966137278490      
   10.0000000000000000000000000000000000         9.00000000000000000000000000000000000        -11355.1371119330240588730966137278490      
   10.0000000000000000000000000000000000         9.00000000000000000000000000000000000        -11355.1371119330240588730966137278490      
   10.0000000000000000000000000000000000         9.00000000000000000000000000000000000        -11355.1371119330240588730966137278490      
   10.0000000000000000000000000000000000         9.00000000000000000000000000000000000        -11355.1371119330240588730966137278490      
   10.0000000000000000000000000000000000         9.00000000000000000000000000000000000        -11355.1371119330240588730966137278490      
   10.0000000000000000000000000000000000         9.00000000000000000000000000000000000        -11355.1371119330240588730966137278490      
   10.0000000000000000000000000000000000         9.00000000000000000000000000000000000        -11355.1371119330240588730966137278490      
   10.0000000000000000000000000000000000         9.00000000000000000000000000000000000        -11355.1371119330240588730966137278490      
   10.0000000000000000000000000000000000         9.00000000000000000000000000000000000        -10211.8162282394730890175063782694113      
   10.0000000000000000000000000000000000         9.00000000000000000000000000000000000        -9100.21339262442250882631123985258518      
   10.0000000000000000000000000000000000         9.00000000000000000000000000000000000        -8109.46502205428567136972637461629275      
   10.0000000000000000000000000000000000         9.00000000000000000000000000000000000        -7226.42830683308016372908503747938875      
   10.0000000000000000000000000000000000         9.00000000000000000000000000000000000        -6439.38970548954837351126015117338605      
   10.0000000000000000000000000000000000         9.00000000000000000000000000000000000        -5737.90951319856341981953571760231219      
   10.0000000000000000000000000000000000         9.00000000000000000000000000000000000        -5112.68333324089158023130870186916028      
   10.0000000000000000000000000000000000         9.00000000000000000000000000000000000        -4555.41861331174725552609463675497377      
   10.0000000000000000000000000000000000         9.00000000000000000000000000000000000        -4058.72460838996712670707724924711166      
   10.0000000000000000000000000000000000         9.00000000000000000000000000000000000        -3616.01431004193207675754702947548109      
   10.0000000000000000000000000000000000         9.00000000000000000000000000000000000        -3221.41704082168417396786987998448949      
   10.0000000000000000000000000000000000         9.00000000000000000000000000000000000        -2869.70055394803279052710106165425911      
   10.0000000000000000000000000000000000         9.00000000000000000000000000000000000        -2556.20160456869450902333140148292082      
   10.0000000000000000000000000000000000         9.00000000000000000000000000000000000        -2276.76407133432437409228156499136026      
   10.0000000000000000000000000000000000         9.00000000000000000000000000000000000        -2027.68380719332100592755189343471432      
   10.0000000000000000000000000000000000         9.00000000000000000000000000000000000        -1805.65948761095932726415376100351821      
   10.0000000000000000000000000000000000         9.00000000000000000000000000000000000        -1607.74880399858166201809957498428495      
   10.0000000000000000000000000000000000         9.00000000000000000000000000000000000        -1431.32942106626787959715962244474286      
   10.0000000000000000000000000000000000         9.00000000000000000000000000000000000        -1274.06418002677543604286156945918826      
   10.0000000000000000000000000000000000         9.00000000000000000000000000000000000        -1133.87008591840688707812639654709437      
   10.0000000000000000000000000000000000         9.00000000000000000000000000000000000        -1008.89066752742152015376281569289022      
   10.0000000000000000000000000000000000         9.00000000000000000000000000000000000        -897.471343142954631995191277812553984      
   10.0000000000000000000000000000000000         9.00000000000000000000000000000000000        -798.137465262979118110080767250275180      
   10.0000000000000000000000000000000000         9.00000000000000000000000000000000000        -709.574752917896737206564609497932200      
   10.0000000000000000000000000000000000         9.00000000000000000000000000000000000        -630.611851960581728045330096828679765      
   10.0000000000000000000000000000000000         9.00000000000000000000000000000000000        -560.204791908521402536705629432920451      
   10.0000000000000000000000000000000000         9.00000000000000000000000000000000000        -497.423133089792388438430903820952218      
   10.0000000000000000000000000000000000         9.00000000000000000000000000000000000        -441.437620273916125828457473270882605      
   10.0000000000000000000000000000000000         9.00000000000000000000000000000000000        -391.509178958776282807103710481444367      
   10.0000000000000000000000000000000000         9.00000000000000000000000000000000000        -346.979108301010947672698664465629323      
   10.0000000000000000000000000000000000         9.00000000000000000000000000000000000        -307.260340556024327254278925477878214      
   10.0000000000000000000000000000000000         9.00000000000000000000000000000000000        -271.829651045697358770750019606202617      
   10.0000000000000000000000000000000000         9.00000000000000000000000000000000000        -240.220715284801700480921029550417299      
   10.0000000000000000000000000000000000         9.00000000000000000000000000000000000        -212.017921138402856848364021862609343      
   10.0000000000000000000000000000000000         9.00000000000000000000000000000000000        -186.850853901340689892439030668292718      
   10.0000000000000000000000000000000000         9.00000000000000000000000000000000000        -164.389381120142691886647193386521090      
   10.0000000000000000000000000000000000         9.00000000000000000000000000000000000        -144.339271935943095222589750745945796      
   10.0000000000000000000000000000000000         9.00000000000000000000000000000000000        -126.438292819749886841043731453339612      
   10.0000000000000000000000000000000000         9.00000000000000000000000000000000000        -110.452727892838812346161902116132134      
   10.0000000000000000000000000000000000         9.00000000000000000000000000000000000        -96.1742776590401273102363607862707406      
   10.0000000000000000000000000000000000         9.00000000000000000000000000000000000        -83.4172949969797604783479786621983506      
   10.0000000000000000000000000000000000         9.00000000000000000000000000000000000        -72.0163217355712415230388008355127399      
   10.0000000000000000000000000000000000         9.00000000000000000000000000000000000        -61.8238931246118599950757257406328633      
   10.0000000000000000000000000000000000         9.00000000000000000000000000000000000        -52.7085810671417917652720859267465532      
   10.0000000000000000000000000000000000         9.00000000000000000000000000000000000        -44.5532501484484607096966106211693383      
   10.0000000000000000000000000000000000         9.00000000000000000000000000000000000        -37.2535033202805980193821398429414108      
   10.0000000000000000000000000000000000         9.00000000000000000000000000000000000        -30.7162966154458664701026432430925920      
   10.0000000000000000000000000000000000         9.00000000000000000000000000000000000        -24.8587045108964100696532761494336432      
   10.0000000000000000000000000000000000         9.00000000000000000000000000000000000        -19.6068195564205956280658758318378307      
   10.0000000000000000000000000000000000         9.00000000000000000000000000000000000        -14.8947716676822319751733471916043372      
   10.0000000000000000000000000000000000         9.00000000000000000000000000000000000        -10.6638540702217397938793492541772291      
   10.0000000000000000000000000000000000         9.00000000000000000000000000000000000        -6.86174429622721280607443462835768446      
   10.0000000000000000000000000000000000         9.00000000000000000000000000000000000        -3.44180989717581683763951158412716702      
   10.0000000000000000000000000000000000         9.00000000000000000000000000000000000       -0.362489659574102334931786776694374419      
   10.0000000000000000000000000000000000         9.00000000000000000000000000000000000         2.41325788709394450011273638138928362      
   10.0000000000000000000000000000000000         9.00000000000000000000000000000000000         4.91844598817557444014394414821843309      
   10.0000000000000000000000000000000000         9.00000000000000000000000000000000000         7.18249772955736424600171245092792499      
   10.0000000000000000000000000000000000         9.00000000000000000000000000000000000         9.23163646413851522360833841884058972      
   10.0000000000000000000000000000000000         9.00000000000000000000000000000000000         11.0892337797914528125485453912133043      
   10.0000000000000000000000000000000000         9.00000000000000000000000000000000000         12.7761196261331514555931235628514321      
   10.0000000000000000000000000000000000         9.00000000000000000000000000000000000         14.3108587153010182782339858139106638      
   10.0000000000000000000000000000000000         9.00000000000000000000000000000000000         15.7099968644037003132169276352311982      
   10.0000000000000000000000000000000000         9.00000000000000000000000000000000000         16.9882805484614686054652591833712084      
   10.0000000000000000000000000000000000         9.00000000000000000000000000000000000         18.1588525771703055678976472034118164      
   10.0000000000000000000000000000000000         9.00000000000000000000000000000000000         19.2334264920014688129072187726215266      
   10.0000000000000000000000000000000000         9.00000000000000000000000000000000000         20.2224419977800852213906898890963099      
   10.0000000000000000000000000000000000         9.00000000000000000000000000000000000         21.1352034912253885157706635877331722      
   10.0000000000000000000000000000000000         9.00000000000000000000000000000000000         21.9800035246421642952676243357510798      
   10.0000000000000000000000000000000000         9.00000000000000000000000000000000000         22.7642328430515758788783884061626442      
   10.0000000000000000000000000000000000         9.00000000000000000000000000000000000         23.4944784548872423836196653088379827      
   10.0000000000000000000000000000000000         9.00000000000000000000000000000000000         24.1766110375951217412010891412326847      
   10.0000000000000000000000000000000000         9.00000000000000000000000000000000000         24.8158628379564045794336046424666332      
   10.0000000000000000000000000000000000         9.00000000000000000000000000000000000         25.4168971008233743157291209855416789      
   10.0000000000000000000000000000000000         9.00000000000000000000000000000000000         25.9838699475453759054519175049369430      
   10.0000000000000000000000000000000000         9.00000000000000000000000000000000000         26.5204855251740107284083938593972995      
   10.0000000000000000000000000000000000         9.00000000000000000000000000000000000         27.0300451582440038618635386747322056      
