   6.00000000000000000000000000000000000         9.00000000000000000000000000000000000        -11355.1371119330240588730966137278490      
   6.00000000000000000000000000000000000         9.00000000000000000000000000000000000        -11355.1371119330240588730966137278490      
   6.00000000000000000000000000000000000         9.00000000000000000000000000000000000        -11355.1371119330240588730966137278490      
   6.00000000000000000000000000000000000         9.00000000000000000000000000000000000        -11355.1371119330240588730966137278490      
   6.00000000000000000000000000000000000         9.00000000000000000000000000000000000        -11355.1371119330240588730966137278490      
   6.00000000000000000000000000000000000         9.00000000000000000000000000000000000        -11355.1371119330240588730966137278490      
   6.00000000000000000000000000000000000         9.00000000000000000000000000000000000        -11355.1371119330240588730966137278490      
   6.00000000000000000000000000000000000         9.00000000000000000000000000000000000        -11236.1555246075736687723253389953944      
   6.00000000000000000000000000000000000         9.00000000000000000000000000000000000        -10013.6646086020343808515927346893948      
   6.00000000000000000000000000000000000         9.00000000000000000000000000000000000        -8924.08713235602429127534092184113524      
   6.00000000000000000000000000000000000         9.00000000000000000000000000000000000        -7952.96888398627767260052448019290299      
   6.00000000000000000000000000000000000         9.00000000000000000000000000000000000        -7087.42753359185001251189494157484712      
   6.00000000000000000000000000000000000         9.00000000000000000000000000000000000        -6315.98169256317611328290195516718312      
   6.00000000000000000000000000000000000         9.00000000000000000000000000000000000        -5628.39856253090289226341817031302261      
   6.00000000000000000000000000000000000         9.00000000000000000000000000000000000        -5015.55815234861095304751362553556054      
   6.00000000000000000000000000000000000         9.00000000000000000000000000000000000        -4469.33226135128255519796389254513165      
   6.00000000000000000000000000000000000         9.00000000000000000000000000000000000        -3982.47662307088130325794416140750705      
   6.00000000000000000000000000000000000         9.00000000000000000000000000000000000        -3548.53477822167892450053131920677970      
   6.00000000000000000000000000000000000         9.00000000000000000000000000000000000        -3161.75240140824776327594492632239886      
   6.00000000000000000000000000000000000         9.00000000000000000000000000000000000        -2817.00094472358608527564306297424792      
   6.00000000000000000000000000000000000         9.00000000000000000000000000000000000        -2509.70958503431473767179910845548110      
   6.00000000000000000000000000000000000         9.00000000000000000000000000000000000        -2235.80457193476612423467151099912068      
   6.00000000000000000000000000000000000         9.00000000000000000000000000000000000        -1991.65517155416627340139514496317837      
   6.00000000000000000000000000000000000         9.00000000000000000000000000000000000        -1774.02548892407391780491577471472166      
   6.00000000000000000000000000000000000         9.00000000000000000000000000000000000        -1580.03152961816351101901074725411042      
   6.00000000000000000000000000000000000         9.00000000000000000000000000000000000        -1407.10293089839991653501585344166237      
   6.00000000000000000000000000000000000         9.00000000000000000000000000000000000        -1252.94885456316529613605583896252880      
   6.00000000000000000000000000000000000         9.00000000000000000000000000000000000        -1115.52758891615512902449618177455122      
   6.00000000000000000000000000000000000         9.00000000000000000000000000000000000        -993.019456492639370092970897305298253      
   6.00000000000000000000000000000000000         9.00000000000000000000000000000000000        -883.802668045076530995893691981821311      
   6.00000000000000000000000000000000000         9.00000000000000000000000000000000000        -786.431802385140038988960023778345901      
   6.00000000000000000000000000000000000         9.00000000000000000000000000000000000        -699.618626522735442840645045877888623      
   6.00000000000000000000000000000001387         9.00000000000000000000000000000000000        -622.215001596906222778293723198470709      
   6.00000000000000000000000000005096242         9.00000000000000000000000000000000000        -553.197647770717070536893320674409908      
   6.00000000000000000000000007625533031         9.00000000000000000000000000000159313        -491.654565929526046475850842170712857      
   6.00000000000000000000005152404465401         9.00000000000000000000000000352048438        -436.772936006831376551443853407258605      
   6.00000000000000000001714028922213386         9.00000000000000000000000336633712213        -387.828331355829421217992704008727474      
   6.00000000000000000303221727896836102         9.00000000000000000000152609009509599        -344.175106047947353203301739390098621      
   6.00000000000000030553617544309069546         9.00000000000000000035572900601973600        -305.237827543642406991769046544147855      
   6.00000000000001864265273815783320965         9.00000000000000004583431313279196623        -270.503641052214412103419753942380856      
   6.00000000000072742346325308714786717         9.00000000000000348172034741242148358        -239.515464260325564951953305346101457      
   6.00000000001905534154445096323562220         9.00000000000016515176311394680690234        -211.865922127411910158463964335051776      
   6.00000000034995729363264400812039827         9.00000000000514872150294317656838736        -187.191941266444691531059547963209040      
   6.00000000468332967812411199601092463         9.00000000011042425531415815907533127        -165.169932181184157280870728521905630      
   6.00000004726985589696252435658784894         9.00000000169685547389570823507007558        -145.511495434552770666525106425634178      
   6.00000037104497528941016607100905208         9.00000001937250251079864758004958149        -127.959594791613138316725495920951397      
   6.00000232785311336478134012456766229         9.00000016971491861674331438829343273        -112.285146644557749741087930645431920      
   6.00001196063008295786506017690958450         9.00000117423384598484452572762106072        -98.2839807507426137043515728043042980      
   6.00005143442345213823384303570358240         9.00000658318707241464961978876423766        -85.7741326633654693256365548886570561      
   6.00018873879694832287007160435900080         9.00003059844643921399957060384202043        -74.5934332108949632415132262912548289      
   6.00060126783809553821413996272238647         9.00012033675946803225315810990250433        -64.5973646014135402521523704696186500      
   6.00168869609468055458473587077518765         9.00040777847407045920578346388554942        -55.6571554586441262938299314425643144      
   6.00423899458159874220483085445331308         9.00121006988271510880201907746776794        -47.6580878475152599878941935782192937      
   6.00962733287333429377842141497121232         9.00319025248992422854623834817293634        -40.4979886953286589162235175062479309      
   6.01999898750654107491428894872372606         9.00756928255473190826133082021394468        -34.0858777723590931423646333789425333      
   6.03836913275451110335888461441926405         9.01634852232981542885321040416675014        -28.3407466536396957692834825466729856      
   6.06857768223300633435430043746268995         9.03247386785776631366464000401899076        -23.1904488006619169589255231876221936      
   6.11506865058012151166532251410149726         9.05986545337397115630810394471183817        -18.5706892057853345939056633974063104      
   6.18251024668283745914126736362203611         9.10325954008500484411770869468932157        -14.4241106432285540943811764934414236      
   6.27531619532794852658903828082377683         9.16785617839268417061309455460409864        -10.6994797348895864535215910894542401      
   6.39715471132302298495434535688023275         9.25881988925975795843619022570539869        -7.35097754818246577716161896049872873      
   6.55053211962207726138588680326384979         9.38072077858925070534658190972918102        -4.33759547939591816671239587377462146      
   6.73651652126718078589753269223478835         9.53701720343735874562120850334521943        -1.62262906673374017253762413008253859      
   6.95463304012881026872174950037456847         9.72966700194970631295337394975686914        0.826746454881419056677697939808142365      
   7.20292739687485121727173049844166163         9.95892081068422931464365451185343269         3.03984053049165090178202985607401723      
   7.47816748098368931089732908611195968         10.2233108596045822708366376655467114         5.04277295423043962460516688940083263      
   7.77613734404737074796609486197522776         10.5198133692268719710763386488561088         6.85877664148621816500841108181188776      
   8.09197453733174260894829533215325831         10.8441392780929704706400728250011748         8.50848546888324719715035354520339293      
   8.42050718367865647363379108455722950         11.1910983819456719913668893786568062         10.0102083086152187186999952815625233      
   8.75655782071051733141928425181971931         11.5549840668689064897998265994809678         11.3801864653621054119366847543950955      
   9.09519336465435491720758011103330491         11.9299357015815358494560622937830127         12.6328308214391736201751767268914049      
   9.43191195983202313127004562270319157         12.3102491912812247097818472709875836         13.7809360651511876246761430794910019      
   9.76276654852676472438404028800990081         12.6906197686383122110050562567734731         14.8358711672427914144340921956359483      
   10.0844312198023956818690532065793241         13.0663126179266602962576847376537101         15.8077469002021308698431749367131860      
   10.3942199270103864019163329286571852         13.4332653884106877988019758638060492         16.7055622798015844119514447309097709      
   10.6900685089165440582565951296377946         13.7881319380134811132361362666808813         17.5373323212939843492950701549524706      
   10.9704907346762009822200800475839106         14.1282791866098041867402848722667389         18.3101995864755974509849572097211343      
   11.2345179125851827482345225912351428         14.4517494204514793676281448538446543         19.0305318265520604989481255211632233      
   11.4816299418491342675180493042429228         14.7571994752142550647028812989986764         19.7040077396607901160224423445997213      
   11.7116838975891083003227841632175024         15.0438265425295445644024051126067763         20.3356925512204815788571824349110210      
   11.9248445488591183294594811771222294         15.3112883577870679283888767116652666         20.9301048376671907295362432196467985      
   12.1215197428178734864299182681503717         15.5596235516480448911079573250850297         21.4912757687060866778350021336209914      
   12.3023023964809360314548286227111343         15.7891761727899787186557410336997089         22.0228017429128700419882029930084454      
   12.4679199230666660958168873873760508         16.0005269062226348465603386529487123         22.5278912317237243475661243748802475      
   12.6191912569128324257268125167777962         16.1944323442605298725779506578374875         23.0094065203603932742704189287109631      
   12.7569911898783728033888055737788745         16.3717727986708405510868398821300371         23.4699009338321132716429020953027728      
   12.8822214500163296382882761394343270         16.5335085334641256687638259129972013         23.9116520556559146123300408133820579      
   12.9957877993121965156581701073582966         16.6806439006281709917273506420433146         24.3366913814546739354091750736600342      
   13.0985823658966052060673224070430384         16.8141986282015166879886069260128206         24.7468307954434588966512747872023750      
   13.1914704282251962332919520590912717         16.9351853985364970166752655727869755         25.1436862122964102918864289011185486      
   13.2752809115000519050410507929756327         17.0445928283313975498834862896828614         25.5286986880448026103316906676945837      
   13.3507999230329218850326403743096661         17.1433729922293772522679867540016852         25.9031532700855104673754181699248939      
   13.4187667310717803969694851648459151         17.2324326965182347496498646723745457         26.2681958270608016288217032700912528      
   13.4798716724210325574736485287067369         17.3126277926372427307932456247622210         26.6248480735605979113308022362449953      
   13.5347555525213447272429899579469428         17.3847599105286064412065062866289461         26.9740209817416027249293255337996713      
   13.5840101742368630586337670029949048         17.4495750818391803373941869358637656         27.3165267516295311925223004795454219      
   13.6281796966993473200451943559650046         17.5077638078827549848156858771518042         27.6530894937379442871656188294291256      
   13.6677625825201439985182738523648211         17.5599622044607167766693755192950836         27.9843547614311496935319273600977250      
   13.7032139405384591333732784593699928         17.6067539238844617138505460394921475         28.3108980559568873423100517256513846      
   13.7349481124916665963037823717679732         17.6486726135778107761874527743844247         28.6332324140888413627866351404209598      
   13.7633413862700865002746216077253406         17.6862047207980684966382461502443789         28.9518151766871629934283722335599062      
