   5.00000000000000000000000000000000000         4.00000000000000000000000000000000000        -11355.1371119330240588730966137278490      
   5.00000000000000000000000000000000000         4.00000000000000000000000000000000000        -11355.1371119330240588730966137278490      
   5.00000000000000000000000000000000000         4.00000000000000000000000000000000000        -11355.1371119330240588730966137278490      
   5.00000000000000000000000000000000000         4.00000000000000000000000000000000000        -11355.1371119330240588730966137278490      
   5.00000000000000000000000000000000000         4.00000000000000000000000000000000000        -11355.1371119330240588730966137278490      
   5.00000000000000000000000000000000000         4.00000000000000000000000000000000000        -11355.1371119330240588730966137278490      
   5.00000000000000000000000000000000000         4.00000000000000000000000000000000000        -11355.1371119330240588730966137278490      
   5.00000000000000000000000000000000000         4.00000000000000000000000000000000000        -11355.1371119330240588730966137278490      
   5.00000000000000000000000000000000000         4.00000000000000000000000000000000000        -11355.1371119330240588730966137278490      
   5.00000000000000000000000000000000000         4.00000000000000000000000000000000000        -11355.1371119330240588730966137278490      
   5.00000000000000000000000000000000000         4.00000000000000000000000000000000000        -11355.1371119330240588730966137278490      
   5.00000000000000000000000000000000000         4.00000000000000000000000000000000000        -11355.1371119330240588730966137278490      
   5.00000000000000000000000000000000000         4.00000000000000000000000000000000000        -11355.1371119330240588730966137278490      
   5.00000000000000000000000000000000000         4.00000000000000000000000000000000000        -11045.8054705440152656609814823265307      
   5.00000000000000000000000000000000000         4.00000000000000000000000000000000000        -9843.89550196952421707234897423875050      
   5.00000000000000000000000000000000000         4.00000000000000000000000000000000000        -8772.66081442911717084518248311022622      
   5.00000000000000000000000000000000000         4.00000000000000000000000000000000000        -7817.89059370122833640714177133395886      
   5.00000000000000000000000000000000000         4.00000000000000000000000000000000000        -6966.91943827924283020278855501940247      
   5.00000000000000000000000000000000000         4.00000000000000000000000000000000000        -6208.45929718854958322200657992232089      
   5.00000000000000000000000000000000000         4.00000000000000000000000000000000000        -5532.44968440832493966460994058810395      
   5.00000000000000000000000000000000000         4.00000000000000000000000000000000000        -4929.92418233442838373165290678294655      
   5.00000000000000000000000000000000000         4.00000000000000000000000000000000000        -4392.89146286547074975927462069231684      
   5.00000000000000000000000000000000000         4.00000000000000000000000000000000000        -3914.22924733415438033457223630416971      
   5.00000000000000000000000000000000000         4.00000000000000000000000000000000000        -3487.58979819660027542826199298939937      
   5.00000000000000000000000000000000000         4.00000000000000000000000000000000000        -3107.31568841179947858393337028996018      
   5.00000000000000000000000000000000000         4.00000000000000000000000000000000000        -2768.36473082202953731563854533419238      
   5.00000000000000000000000000000000000         4.00000000000000000000000000000000000        -2466.24307139272439190808374097411612      
   5.00000000000000000000000000000000000         4.00000000000000000000000000000000000        -2196.94555849974092432766441214711963      
   5.00000000000000000000000000000000000         4.00000000000000000000000000000000000        -1956.90259700069368605417221726997065      
   5.00000000000000000000000000000000000         4.00000000000000000000000000000000000        -1742.93278187617398514238437569880845      
   5.00000000000000000000000000000000000         4.00000000000000000000000000000000000        -1552.20068291805041799045174405238417      
   5.00000000000000000000000000000000000         4.00000000000000000000000000000000000        -1382.17922029331310979513810693546222      
   5.00000000000000000000000000000000000         4.00000000000000000000000000000000000        -1230.61613173005314064329690284706534      
   5.00000000000000000000000000000000000         4.00000000000000000000000000000000000        -1095.50408636550844460061952926094839      
   5.00000000000000000000000000000000000         4.00000000000000000000000000000000000        -975.054048685097509602304254413519534      
   5.00000000000000000000000000000000000         4.00000000000000000000000000000000000        -867.671539108094974840135581262015276      
   5.00000000000000000000000000000000000         4.00000000000000000000000000000000000        -771.935476212344261256879486045736494      
   5.00000000000000000000000000000000000         4.00000000000000000000000000000000000        -686.579319847183880496992140375629321      
   5.00000000000000000000000000000000000         4.00000000000000000000000000000000000        -610.474264915152725659461918827267991      
   5.00000000000000000000000000000000000         4.00000000000000000000000000000000000        -542.614262814168431164270230855194941      
   5.00000000000000000000000000000000000         4.00000000000000000000000000000000000        -482.102671783816945431522503436027204      
   5.00000000000000000000000000000000000         4.00000000000000000000000000000000000        -428.140359013959351894832650788311398      
   5.00000000000000000000000000000000000         4.00000000000000000000000000000000000        -380.015096637865884812910388310845930      
   5.00000000000000000000000000000000000         4.00000000000000000000000000000000000        -337.092110901148644182827339940716524      
   5.00000000000000000000000000000000000         4.00000000000000000000000000000000000        -298.805659099706734358942453632120677      
   5.00000000000000000000000000000000000         4.00000000000000000000000000000000000        -264.651522517767910092660947097891801      
   5.00000000000000000000000000000000000         4.00000000000000000000000000000000000        -234.180315751875565412453442623231827      
   5.00000000000000000000000000000000000         4.00000000000000000000000000000000000        -206.991523639615388514959485701880812      
   5.00000000000000000000000000000000000         4.00000000000000000000000000000000000        -182.728186666748834548158242175513724      
   5.00000000000000000000000000000000000         4.00000000000000000000000000000000000        -161.072164331335034317527433979745483      
   5.00000000000000000000000000000000000         4.00000000000000000000000000000000000        -141.739913612560847462882146776451067      
   5.00000000000000000000000000000000000         4.00000000000000000000000000000000000        -124.478726527125286503898759026106626      
   5.00000000000000000000000000000000000         4.00000000000000000000000000000000000        -109.063376847837459449262614578615226      
   5.00000000000000000000000000000000000         4.00000000000000000000000000000000000        -95.2931314884211597055428531813515292      
   5.00000000000000000000000000000000000         4.00000000000000000000000000000000000        -82.9890868974182360662593016579566335      
   5.00000000000000000000000000000000000         4.00000000000000000000000000000000000        -71.9917951167561524505904103041542276      
   5.00000000000000000000000000000000000         4.00000000000000000000000000000000000        -62.1591480042192509528127767438742128      
   5.00000000000000000000000000000000000         4.00000000000000000000000000000000000        -53.3644915447413827373720181382116559      
   5.00000000000000000000000000000000000         4.00000000000000000000000000000000000        -45.4949452285764371141669719447235380      
   5.00000000000000000000000000000000000         4.00000000000000000000000000000000000        -38.4499041955161775251957791088642418      
   5.00000000000000000000000000000000000         4.00000000000000000000000000000000000        -32.1397042695191988124689823282954658      
   5.00000000000000000000000000000000000         4.00000000000000000000000000000000000        -26.4844321695716093193479730248719002      
   5.00000000000000000000000000000000000         4.00000000000000000000000000000000000        -21.4128651090004324717037227384733511      
   5.00000000000000000000000000000000000         4.00000000000000000000000000000000000        -16.8615257123668782692433938628084236      
   5.00000000000000000000000000000000000         4.00000000000000000000000000000000000        -12.7738397092608571474028811932968474      
   5.00000000000000000000000000000000000         4.00000000000000000000000000000000000        -9.09938522810514458132270650122197822      
   5.00000000000000000000000000000000000         4.00000000000000000000000000000000000        -5.79322372855407997384993201510397955      
   5.00000000000000000000000000000000000         4.00000000000000000000000000000000000        -2.81530369436623214464851228431689297      
   5.00000000000000000000000000000000000         4.00000000000000000000000000000000000       -0.129929174117746608516363893028189047      
   5.00000000000000000000000000000000000         4.00000000000000000000000000000000000         2.29471388238546355399874096520062411      
   5.00000000000000000000000000000000000         4.00000000000000000000000000000000000         4.48697977722471237891529372418205489      
   5.00000000000000000000000000000000000         4.00000000000000000000000000000000000         6.47213930873009861426565653786849662      
   5.00000000000000000000000000000000000         4.00000000000000000000000000000000000         8.27271509962071145918129502126962112      
   5.00000000000000000000000000000000000         4.00000000000000000000000000000000000         9.90878045852417157300529519964798600      
   5.00000000000000000000000000000000000         4.00000000000000000000000000000000000         11.3982257405862940763856743906394637      
   5.00000000000000000000000000000000000         4.00000000000000000000000000000000000         12.7569957416143325774045875646716951      
   5.00000000000000000000000000000000000         4.00000000000000000000000000000000000         13.9993012758298528666343749593516884      
   5.00000000000000000000000000000000000         4.00000000000000000000000000000000000         15.1378077447394698276304748585699319      
   5.00000000000000000000000000000000000         4.00000000000000000000000000000000000         16.1838031993177945294030035165707376      
   5.00000000000000000000000000000000000         4.00000000000000000000000000000000000         17.1473481255856506277521468388086571      
   5.00000000000000000000000000000000000         4.00000000000000000000000000000000000         18.0374089411471786384768505555175265      
   5.00000000000000000000000000000000000         4.00000000000000000000000000000000000         18.8619769741037677272409755245118644      
   5.00000000000000000000000000000000000         4.00000000000000000000000000000000000         19.6281745031227155514574245918037284      
   5.00000000000000000000000000000000000         4.00000000000000000000000000000000000         20.3423492657479011111554815180222033      
   5.00000000000000000000000000000000000         4.00000000000000000000000000000000000         21.0101586890203333627915568236253507      
   5.00000000000000000000000000000000000         4.00000000000000000000000000000000000         21.6366449600977347588515983314848299      
   5.00000000000000000000000000000000000         4.00000000000000000000000000000000000         22.2263019330146713590508998187486159      
   5.00000000000000000000000000000000000         4.00000000000000000000000000000000000         22.7831347593952862814230658304793256      
   5.00000000000000000000000000000000000         4.00000000000000000000000000000000000         23.3107130343819649744883047082601835      
   5.00000000000000000000000000000000000         4.00000000000000000000000000000000000         23.8122181629941161301918392327350531      
   5.00000000000000000000000000000000000         4.00000000000000000000000000000000000         24.2904855754398711521355185472851881      
   5.00000000000000000000000000000000000         4.00000000000000000000000000000000000         24.7480423515522399151225788673058196      
   5.00000000000000000000000000000000000         4.00000000000000000000000000000000000         25.1871407536031313390661667542979305      
   5.00000000000000000000000000000000000         4.00000000000000000000000000000000000         25.6097881124553074899005908107877543      
   5.00000000000000000000000000000000000         4.00000000000000000000000000000000000         26.0177734636233498796906527685388917      
   5.00000000000000000000000000000000000         4.00000000000000000000000000000000000         26.4126912866879838692445681245941081      
   5.00000000000000000000000000000000000         4.00000000000000000000000000000000000         26.7959626630713660376195709027141010      
   5.00000000000000000000000000000000000         4.00000000000000000000000000000000000         27.1688541329241578731712049312879151      
   5.00000000000000000000000000000000000         4.00000000000000000000000000000000000         27.5324945013438204828004818357399867      
   5.00000000000000000000000000000000000         4.00000000000000000000000000000000000         27.8878898169324362320874202066157665      
   5.00000000000000000000000000000000000         4.00000000000000000000000000000000000         28.2359367214504191726119146169386449      
