   1.00000000000000000000000000000000000         2.00000000000000000000000000000000000        -11355.1371119330240588730966137278490      
   1.00000000000000000000000000000000000         2.00000000000000000000000000000000000        -11355.1371119330240588730966137278490      
   1.00000000000000000000000000000000000         2.00000000000000000000000000000000000        -11355.1371119330240588730966137278490      
   1.00000000000000000000000000000000000         2.00000000000000000000000000000000000        -11355.1371119330240588730966137278490      
   1.00000000000000000000000000000000000         2.00000000000000000000000000000000000        -11355.1371119330240588730966137278490      
   1.00000000000000000000000000000000000         2.00000000000000000000000000000000000        -11355.1371119330240588730966137278490      
   1.00000000000000000000000000000000000         2.00000000000000000000000000000000000        -11355.1371119330240588730966137278490      
   1.00000000000000000000000000000000000         2.00000000000000000000000000000000000        -11355.1371119330240588730966137278490      
   1.00000000000000000000000000000000000         2.00000000000000000000000000000000000        -11355.1371119330240588730966137278490      
   1.00000000000000000000000000000000000         2.00000000000000000000000000000000000        -11355.1371119330240588730966137278490      
   1.00000000000000000000000000000000000         2.00000000000000000000000000000000000        -11355.1371119330240588730966137278490      
   1.00000000000000000000000000000000000         2.00000000000000000000000000000000000        -11355.1371119330240588730966137278490      
   1.00000000000000000000000000000000000         2.00000000000000000000000000000000000        -11355.1371119330240588730966137278490      
   1.00000000000000000000000000000000000         2.00000000000000000000000000000000000        -11355.1371119330240588730966137278490      
   1.00000000000000000000000000000000000         2.00000000000000000000000000000000000        -11355.1371119330240588730966137278490      
   1.00000000000000000000000000000000000         2.00000000000000000000000000000000000        -11355.1371119330240588730966137278490      
   1.00000000000000000000000000000000000         2.00000000000000000000000000000000000        -11355.1371119330240588730966137278490      
   1.00000000000000000000000000000000000         2.00000000000000000000000000000000000        -11355.1371119330240588730966137278490      
   1.00000000000000000000000000000000000         2.00000000000000000000000000000000000        -11355.1371119330240588730966137278490      
   1.00000000000000000000000000000000000         2.00000000000000000000000000000000000        -11355.1371119330240588730966137278490      
   1.00000000000000000000000000000000000         2.00000000000000000000000000000000000        -11355.1371119330240588730966137278490      
   1.00000000000000000000000000000000000         2.00000000000000000000000000000000000        -11355.1371119330240588730966137278490      
   1.00000000000000000000000000000000000         2.00000000000000000000000000000000000        -11355.1371119330240588730966137278490      
   1.00000000000000000000000000000000000         2.00000000000000000000000000000000000        -11355.1371119330240588730966137278490      
   1.00000000000000000000000000000000000         2.00000000000000000000000000000000000        -11355.1371119330240588730966137278490      
   1.00000000000000000000000000000000000         2.00000000000000000000000000000000000        -11355.1371119330240588730966137278490      
   1.00000000000000000000000000000000000         2.00000000000000000000000000000000000        -11355.1371119330240588730966137278490      
   1.00000000000000000000000000000000000         2.00000000000000000000000000000000000        -11355.1371119330240588730966137278490      
   1.00000000000000000000000000000000000         2.00000000000000000000000000000000000        -10217.7323962800636739753830584439482      
   1.00000000000000000000000000000000000         2.00000000000000000000000000000000000        -9105.30544448962521220740833365501663      
   1.00000000000000000000000000000000000         2.00000000000000000000000000000000000        -8113.82257960504273092706556176268840      
   1.00000000000000000000000000000000000         2.00000000000000000000000000000000000        -7230.13124563703364094715300575141839      
   1.00000000000000000000000000000000000         2.00000000000000000000000000000000000        -6442.50921472129322113648392639778875      
   1.00000000000000000000000000000000000         2.00000000000000000000000000000000000        -5740.50904027674235649111718903182663      
   1.00000000000000000000000000000000000         2.00000000000000000000000000000000000        -5114.81942573689209343193716402357720      
   1.00000000000000000000000000000000000         2.00000000000000000000000000000000000        -4557.14166930161762842108296289614489      
   1.00000000000000000000000000000000000         2.00000000000000000000000000000000000        -4060.07954520626552751818984143841855      
   1.00000000000000000000000000000003736         2.00000000000000000000000000000000000        -3617.04116029943943834444027530259179      
   1.00000000000000000000000000009791274         2.00000000000000000000000000000001926        -3222.15148362587994958950684175802355      
   1.00000000000000000000000010916508348         2.00000000000000000000000000005854557        -2870.17438833514731576113032801469033      
   1.00000000000000000000005689334022022         2.00000000000000000000000007421467079        -2556.44317145959981941633972976656795      
   1.00000000000000000001507724975156289         2.00000000000000000000004325508392087        -2276.79862960133524557463002642595122      
   1.00000000000000000219071915231586049         2.00000000000000000001261344933658760        -2027.53386883008418304183941399356552      
   1.00000000000000018667945076447262505         2.00000000000000000198420365657678679        -1805.34511645293173218255210536203550      
   1.00000000000000990580076789354930015         2.00000000000000018007103625503291567        -1607.28788195793684701841714523065592      
   1.00000000000034516986727243583758910         2.00000000000001000889890660971554442        -1430.73788541400646069191128959282419      
   1.00000000000827648929146440343932143         2.00000000000035939157205837651911893        -1273.35623487063514442734822720786816      
   1.00000000014228077364888274840167059         2.00000000000874228450052945885619179        -1133.05839068284976600624219689310454      
   1.00000000181769584952776759071118487         2.00000000015029674644558146827115607        -1007.98650493774164125626994319920152      
   1.00000001780837564016257710489795101         2.00000000189641694333793229946362651        -896.484768950853584475738696304533972      
   1.00000013755074254249307433404916346         2.00000001816297856089093073855367968        -797.077441751042583041060167047892020      
   1.00000085834187320998522010788953351         2.00000013605983630505273629929524629        -708.449268193122189056753845076178258      
   1.00000442256967372999866395672338434         2.00000081877976443339285941479458560        -629.428027501444823720807603067517986      
   1.00001918552927380113508618076591341         2.00000405360286266384009141753944219        -558.968982379403667851561918285545442      
   1.00007131307446909600555184243610733         2.00001686437065280626640965418418352        -496.141025822292991845534363459488437      
   1.00023073830662899662997955221197599         2.00006008545968117097564531666782115        -440.114347146833751498078576637512438      
   1.00065919362386339029432204460954468         2.00018644939864050010662755384558842        -390.149459001021650513864141246765825      
   1.00168434784767131871135754926588083         2.00051152953417297842407392093353013        -345.587441130140017600245076231206562      
   1.00389413068302308017795530372054110         2.00125751939014442623194603356791982        -305.841263447036592859627404602412030      
   1.00823162093254540430263101143371187         2.00280334554383033738603488840039926        -270.388052323506064088031834789450464      
   1.01605978129237671281834250956420321         2.00572765615338417248530147725406461        -238.762165030557214641697863954036833      
   1.02916394666260656698518886262914917         2.01082766987030308144934775651788739        -210.548945107176604836595209902581683      
   1.04967171827932227836121522517056426         2.01909970408642222857906351756092652        -185.379053595105130303780373501777465      
   1.07989226747970048725635526394609758         2.03167663013075503746468992462067594        -162.923311694908168595168344690857191      
   1.12210308296358751153415634576142825         2.04973083118656053843488396164345570        -142.888043711467231863587360428266600      
   1.17833410147430350183305696691664145         2.07436439115775045649447953142381297        -125.010953912926522589793488221746355      
   1.25021098845038240596122178054945390         2.10651748416863650120450720939040056        -109.057577387627112147327835189877856      
   1.33891785449802525595408611477694218         2.14692873007210475545213194582184313        -94.8182993137572054311579643882665931      
   1.44532444347416702608739418330903088         2.19617639622288578806722712047193165        -82.1058625010633128750024802660554569      
   1.57029580751972155454035352849152301         2.25481664730912949755130863557775200        -70.7532274535477759946652514401627141      
   1.71516682861413428524501867309231793         2.32361531018808102460647854021078194        -60.6116446015872406402298973035342602      
   1.88232248510665262742274878351731338         2.40384448172004428814296019907410125        -51.5488373564209937403621237755302794      
   2.07578145466118180476555312184919032         2.49758846451520538371252853051325866        -43.4472471215965761184691595566144956      
   2.30164500492761794844399789827540081         2.60798225238931361307766567464110302        -36.2023356844381436758868411897805988      
   2.56826181158887378065091906118495726         2.73930026055159205666443582568132280        -29.7209742096961074583141723995159819      
   2.88598915746310672353341085822483310         2.89683152646818381934669089736373041        -23.9199750571122051274918642087703807      
   3.26650600432767948499474059254475167         3.08652034170906416243104587502618906        -18.7248353301916685382562776437076733      
   3.72173696768053715665473103710785015         3.31440742438884967774083155298509726        -14.0687416500734923753895232466454112      
   4.26254539585291726792610379092468750         3.58595861120447067216251523693414704        -9.89182900305638638140128299839865622      
   4.89741479886075193319616819356034039         3.90539995255152194441568182585831990        -6.14061976077554375193416835831590473      
   5.63134183494962393661362606441328875         4.27518456670902116616083813464943123        -2.76753588699391926137624237707687354      
   6.46511366542022625235354977131217940         4.69570428113110324959989378746869732        0.269602426539066964070573618142476740      
   7.39505798349392781509144651303642799         5.16533998697732198035097074906453354         3.00812641372902046875609293379429223      
   8.41326250861283753284702252656643158         5.68092456116716720708799915618843334         5.48110451774831243249642463975590720      
   9.50818548117007197694166433560200490         6.23866325841821779711322304204554284         7.71792998524516455253038746194546837      
   10.6655329000570581615809500526244529         6.83550133592791777439767990204909487         9.74487447309767163013605165300944783      
   11.8692641899348503767987871465650564         7.47083520546174164608022075685886687         11.5855779690307120141196514965311709      
   13.1025998751676080497236927514478309         8.14833962950074763756963414880972146         13.2614502387468516281597809790308988      
   14.3489330258883003201502045423556061         8.87756336234610020320386171977136471         14.7919620330586762387729459672002859      
   15.5925809100508771794397252680023795         9.67488120986111175361463442060753985         16.1948105033118094585779889606843800      
   16.8193467249167006167935505183427783         10.5634306678596947294553333600994882         17.4859592240975562367740682167804573      
   18.0168887339782144847644391117914482         11.5718246585360406837807124340607444         18.6795812405708214401121000727760581      
   19.1749136011784745765197496646129021         12.7316882055972489438868624174643785         19.7879661098408814693390626808491680      
   20.2852222369660162027916731282823434         14.0743422812219390961545929459697376         20.8214712101570394244003415188650534      
   21.3416413044590626181631176742253553         15.6271645738657158552254194056998036         21.7885859108814835109054488926594693      
   22.3398734345897538289944481988843687         17.4102306778119944381907997235152981         22.6961332922915929045567342348133896      
   23.2772959320996825176732195858908006         19.4337654150544944994056930488317741         23.5495794311543806736887895702364041      
   24.1527328186387226019660945873365125         21.6967472989596084730973927390751607         24.3533843744197242108737471969233887      
   24.9662195788538000564958599070817066         24.1867731840423793647059015022485381         25.1113267700096925332840987285395851      
   25.7187746992614645674544235245587792         26.8810702878824266631018098321789874         25.8267580258765988718875640431321019      
   26.4121874497584190519021755944250637         29.7483852052614444861119193660209932         26.5027727846099181180997119937273316      
