   4.00000000000000000000000000000000000         1.00000000000000000000000000000000000        -11355.1371119330240588730966137278490      
   4.00000000000000000000000000000000000         1.00000000000000000000000000000000000        -11355.1371119330240588730966137278490      
   4.00000000000000000000000000000000000         1.00000000000000000000000000000000000        -11355.1371119330240588730966137278490      
   4.00000000000000000000000000000000000         1.00000000000000000000000000000000000        -11355.1371119330240588730966137278490      
   4.00000000000000000000000000000000000         1.00000000000000000000000000000000000        -11355.1371119330240588730966137278490      
   4.00000000000000000000000000000000000         1.00000000000000000000000000000000000        -11355.1371119330240588730966137278490      
   4.00000000000000000000000000000000000         1.00000000000000000000000000000000000        -11355.1371119330240588730966137278490      
   4.00000000000000000000000000000000000         1.00000000000000000000000000000000000        -11355.1371119330240588730966137278490      
   4.00000000000000000000000000000000000         1.00000000000000000000000000000000000        -11355.1371119330240588730966137278490      
   4.00000000000000000000000000000000000         1.00000000000000000000000000000000000        -11355.1371119330240588730966137278490      
   4.00000000000000000000000000000000000         1.00000000000000000000000000000000000        -11355.1371119330240588730966137278490      
   4.00000000000000000000000000000000000         1.00000000000000000000000000000000000        -11355.1371119330240588730966137278490      
   4.00000000000000000000000000000000000         1.00000000000000000000000000000000000        -11355.1371119330240588730966137278490      
   4.00000000000000000000000000000000000         1.00000000000000000000000000000000000        -11355.1371119330240588730966137278490      
   4.00000000000000000000000000000000000         1.00000000000000000000000000000000000        -11355.1371119330240588730966137278490      
   4.00000000000000000000000000000000000         1.00000000000000000000000000000000000        -11355.1371119330240588730966137278490      
   4.00000000000000000000000000000000000         1.00000000000000000000000000000000000        -10797.1777657483263649409253076038077      
   4.00000000000000000000000000000000000         1.00000000000000000000000000000000000        -9622.33841689542801199406866778220624      
   4.00000000000000000000000000000000000         1.00000000000000000000000000000000000        -8575.23044457775232899240692169164037      
   4.00000000000000000000000000000000000         1.00000000000000000000000000000000000        -7641.96318142620854126460796017807378      
   4.00000000000000000000000000000000000         1.00000000000000000000000000000000000        -6810.15655711679068900901899968558525      
   4.00000000000000000000000000000000000         1.00000000000000000000000000000000000        -6068.77682235906671756848577192863959      
   4.00000000000000000000000000000000000         1.00000000000000000000000000000000000        -5407.99013774680650915833369486481837      
   4.00000000000000000000000000000000000         1.00000000000000000000000000000000000        -4819.03208468375087619626105451881823      
   4.00000000000000000000000000000000000         1.00000000000000000000000000000000000        -4294.09136687378697264853593019813747      
   4.00000000000000000000000000000000000         1.00000000000000000000000000000000000        -3826.20615916496357277100080039825566      
   4.00000000000000000000000000000000000         1.00000000000000000000000000000000000        -3409.17172835948104109453692800069377      
   4.00000000000000000000000000000000000         1.00000000000000000000000000000000000        -3037.45810017393085764147680955880920      
   4.00000000000000000000000000000000000         1.00000000000000000000000000000000000        -2706.13667984036969180337100865048983      
   4.00000000000000000000000000000000000         1.00000000000000000000000000000000000        -2410.81485264818698032543215488586543      
   4.00000000000000000000000000000000000         1.00000000000000000000000000000000000        -2147.57769661569096757177224050559036      
   4.00000000000000000000000000000000000         1.00000000000000000000000000000000000        -1912.93603385397845418987285383224374      
   4.00000000000000000000000000000000000         1.00000000000000000000000000000000000        -1703.78013129624894201974894043311894      
   4.00000000000000000000000000000000000         1.00000000000000000000000000000000000        -1517.33843642937095752041460793340867      
   4.00000000000000000000000000000000000         1.00000000000000000000000000000000000        -1351.14080047592913482148235917368762      
   4.00000000000000000000000000000000000         1.00000000000000000000000000000000000        -1202.98570102072210451805770928276469      
   4.00000000000000000000000000000000000         1.00000000000000000000000000000000000        -1070.91102914587917688701919191006727      
   4.00000000000000000000000000000000000         1.00000000000000000000000000000000000        -953.168053437627511452881503889255879      
   4.00000000000000000000000000000000000         1.00000000000000000000000000000000000        -848.198215382898113013263305241545688      
   4.00000000000000000000000000000000000         1.00000000000000000000000000000000000        -754.612448244781904101031385051537830      
   4.00000000000000000000000000000000000         1.00000000000000000000000000000000000        -671.172744990878288736020464963637049      
   4.00000000000000000000000000000000000         1.00000000000000000000000000000000000        -596.775730692144061452515118149289253      
   4.00000000000000000000000000000000000         1.00000000000000000000000000000000000        -530.438021407956210472047886404256761      
   4.00000000000000000000000000000000000         1.00000000000000000000000000000000000        -471.283175278688817036388598331004336      
   4.00000000000000000000000000000000000         1.00000000000000000000000000000000000        -418.530062674730596542164061860284233      
   4.00000000000000000000000000000000000         1.00000000000000000000000000000000000        -371.482501080886426414958524841644025      
   4.00000000000000000000000000000000000         1.00000000000000000000000000000000000        -329.520017177376343107860113563235266      
   4.00000000000000000000000000000000000         1.00000000000000000000000000000000000        -292.089613535859494623102077680395689      
   4.00000000000000000000000000000000000         1.00000000000000000000000000000000000        -258.698430679541547899839473550911508      
   4.00000000000000000000000000000000000         1.00000000000000000000000000000000000        -228.907207137361446612593564135797061      
   4.00000000000000000000000000000000000         1.00000000000000000000000000000000000        -202.324450711150015197775548659117548      
   4.00000000000000000000000000000000000         1.00000000000000000000000000000000000        -178.601243612016933720133585953130533      
   4.00000000000000000000000000000000000         1.00000000000000000000000000000000000        -157.426612533282152363669170574566455      
   4.00000000000000000000000000000000000         1.00000000000000000000000000000000000        -138.523402223632523774283713285943416      
   4.00000000000000000000000000000000000         1.00000000000000000000000000000000000        -121.644597805326511364938464371319309      
   4.00000000000000000000000000000000000         1.00000000000000000000000000000000000        -106.570047036843978195143975343575019      
   4.00000000000000000000000000000000000         1.00000000000000000000000000000000000        -93.1035390263978552925880995676531112      
   4.00000000000000000000000000000000000         1.00000000000000000000000000000000000        -81.0702006326108586097223067269201772      
   4.00000000000000000000000000000000000         1.00000000000000000000000000000000000        -70.3141760041760886263084628234971780      
   4.00000000000000000000000000000000000         1.00000000000000000000000000000000000        -60.6965584674026375956332467658443862      
   4.00000000000000000000000000000000000         1.00000000000000000000000000000000000        -52.0935473190504459196801307184023095      
   4.00000000000000000000000000000000000         1.00000000000000000000000000000000000        -44.3948050662151930518775719983155548      
   4.00000000000000000000000000000000000         1.00000000000000000000000000000000000        -37.5019933148345778143788247851603144      
   4.00000000000000000000000000000000000         1.00000000000000000000000000000000000        -31.3274678789460083313608719391830733      
   4.00000000000000000000000000000000000         1.00000000000000000000000000000000000        -25.7931157955883561424863942534590731      
   4.00000000000000000000000000000000000         1.00000000000000000000000000000000000        -20.8293188132421089903138165129430605      
   4.00000000000000000000000000000000000         1.00000000000000000000000000000000000        -16.3740295999292705201519513464501953      
   4.00000000000000000000000000000000000         1.00000000000000000000000000000000000        -12.3719484128157555322241237195142449      
   4.00000000000000000000000000000000000         1.00000000000000000000000000000000000        -8.77378930422213072044583926791383471      
   4.00000000000000000000000000000000000         1.00000000000000000000000000000000000        -5.53562612704229045226922428775040113      
   4.00000000000000000000000000000000000         1.00000000000000000000000000000000000        -2.61830966145931717133539870143045991      
   4.00000000000000000000000000000000000         1.00000000000000000000000000000000000         1.30518714158211158808216078202378667E-0002
   4.00000000000000000000000000000000000         1.00000000000000000000000000000000000         2.38955580225112939097928718432863175      
   4.00000000000000000000000000000000000         1.00000000000000000000000000000000000         4.53891765617792238936985695184292819      
   4.00000000000000000000000000000000000         1.00000000000000000000000000000000000         6.48583892097035376975640588195732901      
   4.00000000000000000000000000000000000         1.00000000000000000000000000000000000         8.25233482078043722618787882338374817      
   4.00000000000000000000000000000000000         1.00000000000000000000000000000000000         9.85802644478687965589549043962793192      
   4.00000000000000000000000000000000000         1.00000000000000000000000000000000000         11.3204011071274094636340937623532110      
   4.00000000000000000000000000000000000         1.00000000000000000000000000000000000         12.6550443929327166014275021913475070      
   4.00000000000000000000000000000000000         1.00000000000000000000000000000000000         13.8758469695718918439470478357647764      
   4.00000000000000000000000000000000000         1.00000000000000000000000000000000000         14.9951889073689411509943834791609749      
   4.00000000000000000000000000000000000         1.00000000000000000000000000000000000         16.0241039556142965772266633898216280      
   4.00000000000000000000000000000000000         1.00000000000000000000000000000000000         16.9724259537141882404285621497891673      
   4.00000000000000000000000000000000000         1.00000000000000000000000000000000000         17.8489193202648753281823814730388715      
   4.00000000000000000000000000000000000         1.00000000000000000000000000000000000         18.6613953515624706865218532802632626      
   4.00000000000000000000000000000000000         1.00000000000000000000000000000000000         19.4168158727589255411911350929668560      
   4.00000000000000000000000000000000000         1.00000000000000000000000000000000000         20.1213856170520395276593456482681254      
   4.00000000000000000000000000000000000         1.00000000000000000000000000000000000         20.7806345587252211659041524496137244      
   4.00000000000000000000000000000000000         1.00000000000000000000000000000000000         21.3994912925464137865340049334257506      
   4.00000000000000000000000000000000000         1.00000000000000000000000000000000000         21.9823484332262279528036904700940841      
   4.00000000000000000000000000000000000         1.00000000000000000000000000000000000         22.5331209027463554203490970673780686      
   4.00000000000000000000000000000000000         1.00000000000000000000000000000000000         23.0552978789956993885227431369551250      
   4.00000000000000000000000000000000000         1.00000000000000000000000000000000000         23.5519890950410603554846137332579658      
   4.00000000000000000000000000000000000         1.00000000000000000000000000000000000         24.0259661033955697947756947486613819      
   4.00000000000000000000000000000000000         1.00000000000000000000000000000000000         24.4796990528366430722663736803248122      
   4.00000000000000000000000000000000000         1.00000000000000000000000000000000000         24.9153894657794815573615450131194443      
   4.00000000000000000000000000000000000         1.00000000000000000000000000000000000         25.3349994511419559397843302133958584      
   4.00000000000000000000000000000000000         1.00000000000000000000000000000000000         25.7402777403378390600102145843203791      
   4.00000000000000000000000000000000000         1.00000000000000000000000000000000000         26.1327828918801999132415794658717961      
   4.00000000000000000000000000000000000         1.00000000000000000000000000000000000         26.5139039725059475769455580689655132      
   4.00000000000000000000000000000000000         1.00000000000000000000000000000000000         26.8848789892474826471023156719571216      
