   1.00000000000000000000000000000000000         2.00000000000000000000000000000000000        -11355.1371119330240588730966137278490      
   1.00000000000000000000000000000000000         2.00000000000000000000000000000000000        -11355.1371119330240588730966137278490      
   1.00000000000000000000000000000000000         2.00000000000000000000000000000000000        -11355.1371119330240588730966137278490      
   1.00000000000000000000000000000000000         2.00000000000000000000000000000000000        -11355.1371119330240588730966137278490      
   1.00000000000000000000000000000000000         2.00000000000000000000000000000000000        -11355.1371119330240588730966137278490      
   1.00000000000000000000000000000000000         2.00000000000000000000000000000000000        -11355.1371119330240588730966137278490      
   1.00000000000000000000000000000000000         2.00000000000000000000000000000000000        -11355.1371119330240588730966137278490      
   1.00000000000000000000000000000000000         2.00000000000000000000000000000000000        -11355.1371119330240588730966137278490      
   1.00000000000000000000000000000000000         2.00000000000000000000000000000000000        -11355.1371119330240588730966137278490      
   1.00000000000000000000000000000000000         2.00000000000000000000000000000000000        -11355.1371119330240588730966137278490      
   1.00000000000000000000000000000000000         2.00000000000000000000000000000000000        -11355.1371119330240588730966137278490      
   1.00000000000000000000000000000000000         2.00000000000000000000000000000000000        -11355.1371119330240588730966137278490      
   1.00000000000000000000000000000000000         2.00000000000000000000000000000000000        -11355.1371119330240588730966137278490      
   1.00000000000000000000000000000000000         2.00000000000000000000000000000000000        -11355.1371119330240588730966137278490      
   1.00000000000000000000000000000000000         2.00000000000000000000000000000000000        -11355.1371119330240588730966137278490      
   1.00000000000000000000000000000000000         2.00000000000000000000000000000000000        -11355.1371119330240588730966137278490      
   1.00000000000000000000000000000000000         2.00000000000000000000000000000000000        -11355.1371119330240588730966137278490      
   1.00000000000000000000000000000000000         2.00000000000000000000000000000000000        -11355.1371119330240588730966137278490      
   1.00000000000000000000000000000000000         2.00000000000000000000000000000000000        -11355.1371119330240588730966137278490      
   1.00000000000000000000000000000000000         2.00000000000000000000000000000000000        -11355.1371119330240588730966137278490      
   1.00000000000000000000000000000000000         2.00000000000000000000000000000000000        -11355.1371119330240588730966137278490      
   1.00000000000000000000000000000000000         2.00000000000000000000000000000000000        -11355.1371119330240588730966137278490      
   1.00000000000000000000000000000000000         2.00000000000000000000000000000000000        -11355.1371119330240588730966137278490      
   1.00000000000000000000000000000000000         2.00000000000000000000000000000000000        -11355.1371119330240588730966137278490      
   1.00000000000000000000000000000000000         2.00000000000000000000000000000000000        -11355.1371119330240588730966137278490      
   1.00000000000000000000000000000000000         2.00000000000000000000000000000000000        -11355.1371119330240588730966137278490      
   1.00000000000000000000000000000000000         2.00000000000000000000000000000000000        -11355.1371119330240588730966137278490      
   1.00000000000000000000000000000000000         2.00000000000000000000000000000000000        -11355.1371119330240588730966137278490      
   1.00000000000000000000000000000000000         2.00000000000000000000000000000000000        -11355.1371119330240588730966137278490      
   1.00000000000000000000000000000000000         2.00000000000000000000000000000000000        -11355.1371119330240588730966137278490      
   1.00000000000000000000000000000000000         2.00000000000000000000000000000000000        -11355.1371119330240588730966137278490      
   1.00000000000000000000000000000000000         2.00000000000000000000000000000000000        -11355.1371119330240588730966137278490      
   1.00000000000000000000000000000000000         2.00000000000000000000000000000000000        -11355.1371119330240588730966137278490      
   1.00000000000000000000000000000000000         2.00000000000000000000000000000000000        -11355.1371119330240588730966137278490      
   1.00000000000000000000000000000000000         2.00000000000000000000000000000000000        -11355.1371119330240588730966137278490      
   1.00000000000000000000000000000000000         2.00000000000000000000000000000000000        -11355.1371119330240588730966137278490      
   1.00000000000000000000000000000000000         2.00000000000000000000000000000000000        -11355.1371119330240588730966137278490      
   1.00000000000000000000000000000000000         2.00000000000000000000000000000000000        -11310.9126053761602003226098280139753      
   1.00000000000000000000000000000000000         2.00000000000000000000000000000000000        -10079.3216269309437244795013204340750      
   1.00000000000000000000000000000000000         2.00000000000000000000000000000000000        -8981.63371149849568007662870800686164      
   1.00000000000000000000000000000000000         2.00000000000000000000000000000000000        -8003.28702659515954229664224747364871      
   1.00000000000000000000000000000000000         2.00000000000000000000000000000000000        -7131.30332535892998372364366676250199      
   1.00000000000000000000000000000000000         2.00000000000000000000000000000000000        -6354.11573309871341723279534251136787      
   1.00000000000000000000000000000000000         2.00000000000000000000000000000000000        -5661.41526189479720526783950772149649      
   1.00000000000000000000000000000000000         2.00000000000000000000000000000000000        -5044.01401659252800986370523766818897      
   1.00000000000000000000000000000000000         2.00000000000000000000000000000000000        -4493.72327701584654858757934932349466      
   1.00000000000000000000000000000000000         2.00000000000000000000000000000000000        -4003.24483862572525610802540918393300      
   1.00000000000000000000000000000000000         2.00000000000000000000000000000000000        -3566.07416978006385498176599002890933      
   1.00000000000000000000000000000000000         2.00000000000000000000000000000000000        -3176.41410055071984061585037720166581      
   1.00000000000000000000000000000000000         2.00000000000000000000000000000000000        -2829.09789780071546762987429382827079      
   1.00000000000000000000000000000000000         2.00000000000000000000000000000000000        -2519.52070577463261050689588510280162      
   1.00000000000000000000000000000000000         2.00000000000000000000000000000000000        -2243.57844246048428742437296822896538      
   1.00000000000000000000000000000000000         2.00000000000000000000000000000000000        -1997.61334091490927096551165382656361      
   1.00000000000000000000000000000000000         2.00000000000000000000000000000000000        -1778.36541291816226434397826120677333      
   1.00000000000000000000000000000000000         2.00000000000000000000000000000000000        -1582.92919091109031282577378583831044      
   1.00000000000000000000000000000000000         2.00000000000000000000000000000000000        -1408.71517420588118172028959736555640      
   1.00000000000000000000000000000000000         2.00000000000000000000000000000000000        -1253.41546788522423754983922742659181      
   1.00000000000000000000000000000000000         2.00000000000000000000000000000000000        -1114.97315843895227516126861241145524      
   1.00000000000000000000000000000000000         2.00000000000000000000000000000000000        -991.555019771468797437505737614813083      
   1.00000000000000000000000000000000000         2.00000000000000000000000000000000000        -881.527187405262162857766452333439764      
   1.00000000000000000000000000000000000         2.00000000000000000000000000000000000        -783.433478091966718940315782241466306      
   1.00000000000000000000000000000000000         2.00000000000000000000000000000000000        -695.976067145381932943563900131699804      
   1.00000000000000000000000000000000000         2.00000000000000000000000000000000000        -617.998267096398446155027043667934247      
   1.00000000000000000000000000000000000         2.00000000000000000000000000000000000        -548.469179153044994819079436150295260      
   1.00000000000000000000000000000000000         2.00000000000000000000000000000000000        -486.470013799856245139213985106312500      
   1.00000000000000000000000000000000000         2.00000000000000000000000000000000000        -431.181899019226268872149372233191141      
   1.00000000000000000000000000000000000         2.00000000000000000000000000000000000        -381.875014357252309484741954180582899      
   1.00000000000000000000000000000000000         2.00000000000000000000000000000000000        -337.898906649724339232663988226428515      
   1.00000000000000000000000000000000000         2.00000000000000000000000000000000000        -298.673858903828107656620402905052165      
   1.00000000000000000000000000000000000         2.00000000000000000000000000000000000        -263.683197805865840218570770529060735      
   1.00000000000000000000000000000000000         2.00000000000000000000000000000000000        -232.466437780295724366820905617861776      
   1.00000000000000000000000000000000000         2.00000000000000000000000000000000000        -204.613170625919061919116589891826130      
   1.00000000000000000000000000000000000         2.00000000000000000000000000000000000        -179.757619648399730133778434412934020      
   1.00000000000000000000000000000000000         2.00000000000000000000000000000000000        -157.573786025763199332173071112303000      
   1.00000000000000000000000000000000000         2.00000000000000000000000000000000000        -137.771123002094174040900599536804723      
   1.00000000000000000000000000000000000         2.00000000000000000000000000000000000        -120.090680508611430790900156650877302      
   1.00000000000000000000000000000000000         2.00000000000000000000000000000000000        -104.301669053583906234403095618328878      
   1.00000000000000000000000000000000000         2.00000000000000000000000000000000000        -90.1983972859948798560940100781632116      
   1.00000000000000000000000000000000000         2.00000000000000000000000000000000000        -77.5975425962847019442656985598470056      
   1.00000000000000000000000000000000000         2.00000000000000000000000000000000000        -66.3357185367022083468397459930576739      
   1.00000000000000000000000000000000000         2.00000000000000000000000000000000000        -56.2673067824108338156426549452083541      
   1.00000000000000000000000000000000000         2.00000000000000000000000000000000000        -47.2625248647905250765154426955798188      
   1.00000000000000000000000000000000000         2.00000000000000000000000000000000000        -39.2057040369303462582097330105510537      
   1.00000000000000000000000000000000000         2.00000000000000000000000000000000000        -31.9937544196331709851629482201352612      
   1.00000000000000000000000000000000000         2.00000000000000000000000000000000000        -25.5347970613524658777243790770850003      
   1.00000000000000000000000000000000000         2.00000000000000000000000000000000000        -19.7469447603276381115658937511208658      
   1.00000000000000000000000000000000000         2.00000000000000000000000000000000000        -14.5572154711684120333731279072081314      
   1.00000000000000000000000000000000000         2.00000000000000000000000000000000000        -9.90056387745378486871330727314057150      
   1.00000000000000000000000000000000000         2.00000000000000000000000000000000000        -5.71901827990233157165692470235100115      
   1.00000000000000000000000000000000000         2.00000000000000000000000000000000000        -1.96091134714427468839993742609987174      
   1.00000000000000000000000000000000000         2.00000000000000000000000000000000000         1.41980547837456703622707310367201278      
   1.00000000000000000000000000000000000         2.00000000000000000000000000000000000         4.46417301677406342044952871492752720      
   1.00000000000000000000000000000000000         2.00000000000000000000000000000000000         7.20876893748782673843536830146881247      
   1.00000000000000000000000000000000000         2.00000000000000000000000000000000000         9.68619312271330995804792867018386817      
   1.00000000000000000000000000000000000         2.00000000000000000000000000000000000         11.9255002480420426266271998663856867      
   1.00000000000000000000000000000000000         2.00000000000000000000000000000000000         13.9525853203521470910792681936304182      
   1.00000000000000000000000000000000000         2.00000000000000000000000000000000000         15.7905272888167296861809983355372557      
   1.00000000000000000000000000000000000         2.00000000000000000000000000000000000         17.4598952885374624634639309282058311      
   1.00000000000000000000000000000000000         2.00000000000000000000000000000000000         18.9790215804703103940987861186894219      
   1.00000000000000000000000000000000000         2.00000000000000000000000000000000000         20.3642448093903898932934054140203444      
   1.00000000000000000000000000000000000         2.00000000000000000000000000000000000         21.6301268077813574858651385574572657      
