   1.00000000000000000000000000000000000         6.00000000000000000000000000000000000        -11355.1371119330240588730966137278490      
   1.00000000000000000000000000000000000         6.00000000000000000000000000000000000        -11355.1371119330240588730966137278490      
   1.00000000000000000000000000000000000         6.00000000000000000000000000000000000        -11355.1371119330240588730966137278490      
   1.00000000000000000000000000000000000         6.00000000000000000000000000000000000        -11355.1371119330240588730966137278490      
   1.00000000000000000000000000000000000         6.00000000000000000000000000000000000        -11355.1371119330240588730966137278490      
   1.00000000000000000000000000000000000         6.00000000000000000000000000000000000        -11355.1371119330240588730966137278490      
   1.00000000000000000000000000000000000         6.00000000000000000000000000000000000        -11355.1371119330240588730966137278490      
   1.00000000000000000000000000000000000         6.00000000000000000000000000000000000        -11355.1371119330240588730966137278490      
   1.00000000000000000000000000000000000         6.00000000000000000000000000000000000        -11355.1371119330240588730966137278490      
   1.00000000000000000000000000000000000         6.00000000000000000000000000000000000        -11355.1371119330240588730966137278490      
   1.00000000000000000000000000000000000         6.00000000000000000000000000000000000        -11355.1371119330240588730966137278490      
   1.00000000000000000000000000000000000         6.00000000000000000000000000000000000        -11355.1371119330240588730966137278490      
   1.00000000000000000000000000000000000         6.00000000000000000000000000000000000        -11355.1371119330240588730966137278490      
   1.00000000000000000000000000000000000         6.00000000000000000000000000000000000        -10362.3643391918409013339092980595854      
   1.00000000000000000000000000000000000         6.00000000000000000000000000000000000        -9234.55883367947495647049637505646450      
   1.00000000000000000000000000000000000         6.00000000000000000000000000000000000        -8229.36981836308440189591362230368008      
   1.00000000000000000000000000000000000         6.00000000000000000000000000000000000        -7333.46286496452412520341773320349676      
   1.00000000000000000000000000000000000         6.00000000000000000000000000000000000        -6534.95365177142014988370106167874476      
   1.00000000000000000000000000000000000         6.00000000000000000000000000000000000        -5823.25026590853592826049850890572633      
   1.00000000000000000000000000000000000         6.00000000000000000000000000000000000        -5188.91265508918598924474141804143099      
   1.00000000000000000000000000000000000         6.00000000000000000000000000000000000        -4623.52736385683029702145766335644899      
   1.00000000000000000000000000000000000         6.00000000000000000000000000000000000        -4119.59589214288106437722792231732895      
   1.00000000000000000000000000000000000         6.00000000000000000000000000000000000        -3670.43519472661347075722112213457617      
   1.00000000000000000000000000000000000         6.00000000000000000000000000000000000        -3270.08900128546627537731595744856347      
   1.00000000000000000000000000000000000         6.00000000000000000000000000000000000        -2913.24878030667858529538553261688992      
   1.00000000000000000000000000000000000         6.00000000000000000000000000000000000        -2595.18329809938970334659468883758175      
   1.00000000000000000000000000000000000         6.00000000000000000000000000000000000        -2311.67583819809004979813398390241747      
   1.00000000000000000000000000000000000         6.00000000000000000000000000000000000        -2058.96824809705020008680963500320454      
   1.00000000000000000000000000000000000         6.00000000000000000000000000000000000        -1833.71107084988911809795155773927957      
   1.00000000000000000000000000000000000         6.00000000000000000000000000000000000        -1632.91909981090611479459931102479427      
   1.00000000000000000000000000000000000         6.00000000000000000000000000000000000        -1453.93176675659735936046680447334558      
   1.00000000000000000000000000000000000         6.00000000000000000000000000000000000        -1294.37783776179622982691683359522897      
   1.00000000000000000000000000000000000         6.00000000000000000000000000000000000        -1152.14394836616341062014588340001363      
   1.00000000000000000000000000000000000         6.00000000000000000000000000000000000        -1025.34656051180296988699141563043249      
   1.00000000000000000000000000000000000         6.00000000000000000000000000000000000        -912.306969137604545261198099291469440      
   1.00000000000000000000000000000000000         6.00000000000000000000000000000000000        -811.529026783003659664287799977539109      
   1.00000000000000000000000000000000000         6.00000000000000000000000000000000000        -721.679290620185801855586187028868789      
   1.00000000000000000000000000000000000         6.00000000000000000000000000000000000        -641.569328477913574184162495837742094      
   1.00000000000000000000000000000000000         6.00000000000000000000000000000000000        -570.139949068663321882390216521787179      
   1.00000000000000000000000000000000000         6.00000000000000000000000000000000000        -506.447147163766497841362483396706230      
   1.00000000000000000000000000000000000         6.00000000000000000000000000000000000        -449.649577217569098479582083889555993      
   1.00000000000000000000000000000000000         6.00000000000000000000000000000000000        -398.997389223212345075707085746991242      
   1.00000000000000000000000000000000000         6.00000000000000000000000000000000000        -353.822278658623755574254381690065022      
   1.00000000000000000000000000000000000         6.00000000000000000000000000000000000        -313.528618491547205896811841182811439      
   1.00000000000000000000000000000000000         6.00000000000000000000000000000000000        -277.585555570706606749166774660992096      
   1.00000000000000000000000000000000000         6.00000000000000000000000000000000000        -245.519966527015888414835666244409326      
   1.00000000000000000000000000000000000         6.00000000000000000000000000000000000        -216.910179713924092920537571712240516      
   1.00000000000000000000000000000000000         6.00000000000000000000000000000000000        -191.380379880858277809953112783667794      
   1.00000000000000000000000000000000000         6.00000000000000000000000000000000000        -168.595621333180339471615281018623147      
   1.00000000000000000000000000000000000         6.00000000000000000000000000000000000        -148.257383406320209001828032308522565      
   1.00000000000000000000000000000000000         6.00000000000000000000000000000000000        -130.099609277927503318962757614725738      
   1.00000000000000000000000000000000000         6.00000000000000000000000000000000000        -113.885175555485560226155736488261818      
   1.00000000000000000000000000000000000         6.00000000000000000000000000000000000        -99.4027457929604481660266174300885551      
   1.00000000000000000000000000000000000         6.00000000000000000000000000000000000        -86.4639661845625739532591466144784545      
   1.00000000000000000000000000000000000         6.00000000000000000000000000000000000        -74.9009662241809013512277909419301518      
   1.00000000000000000000000000000000000         6.00000000000000000000000000000000000        -64.5641311657589826520847369718851312      
   1.00000000000000000000000000000000000         6.00000000000000000000000000000000000        -55.3201167265153667317625516383659663      
   1.00000000000000000000000000000000000         6.00000000000000000000000000000000000        -47.0500796893263138251681584806014523      
   1.00000000000000000000000000000000000         6.00000000000000000000000000000000000        -39.6481009254394584555389065103539709      
   1.00000000000000000000000000000000000         6.00000000000000000000000000000000000        -33.0197799119879459119841091591938799      
   1.00000000000000000000000000000000000         6.00000000000000000000000000000000000        -27.0809820944063758363540451698268582      
   1.00000000000000000000000000000000000         6.00000000000000000000000000000000000        -21.7567224720088703565145213169184006      
   1.00000000000000000000000000000000000         6.00000000000000000000000000000000000        -16.9801705925881812669172268725737831      
   1.00000000000000000000000000000000000         6.00000000000000000000000000000000000        -12.6917637529186961597209487831964376      
   1.00000000000000000000000000000000000         6.00000000000000000000000000000000000        -8.83841663787280610550441809236251033      
   1.00000000000000000000000000000000000         6.00000000000000000000000000000000000        -5.37281691054190413261928321205224632      
   1.00000000000000000000000000000000000         6.00000000000000000000000000000000000        -2.25279740627089444373744972018336736      
   1.00000000000000000000000000000000000         6.00000000000000000000000000000000000        0.559223399997517206773020211325894542      
   1.00000000000000000000000000000000000         6.00000000000000000000000000000000000         3.09674007772714118005882742648235450      
   1.00000000000000000000000000000000000         6.00000000000000000000000000000000000         5.38960469337498436648957633614439749      
   1.00000000000000000000000000000000000         6.00000000000000000000000000000000000         7.46442292917608507422812784417607132      
   1.00000000000000000000000000000000000         6.00000000000000000000000000000000000         9.34490712438210952296085399547445728      
   1.00000000000000000000000000000000000         6.00000000000000000000000000000000000         11.0521909235964508684257899399437710      
   1.00000000000000000000000000000000000         6.00000000000000000000000000000000000         12.6051097073980684291545610601567747      
   1.00000000000000000000000000000000000         6.00000000000000000000000000000000000         14.0204505263980658288097206660635956      
   1.00000000000000000000000000000000000         6.00000000000000000000000000000000000         15.3131748552020878381760501017200879      
   1.00000000000000000000000000000000000         6.00000000000000000000000000000000000         16.4966171220882795696602926737239977      
   1.00000000000000000000000000000000000         6.00000000000000000000000000000000000         17.5826616487690149997717560281524335      
   1.00000000000000000000000000000000000         6.00000000000000000000000000000000000         18.5819003481195306761867052638291771      
   1.00000000000000000000000000000000000         6.00000000000000000000000000000000000         19.5037732724265120699942090375971780      
   1.00000000000000000000000000000000000         6.00000000000000000000000000000000000         20.3566938771464992170092394751858692      
   1.00000000000000000000000000000000000         6.00000000000000000000000000000000000         21.1481606623480799044452158991286981      
   1.00000000000000000000000000000000000         6.00000000000000000000000000000000000         21.8848566732519789528569693822151673      
   1.00000000000000000000000000000000000         6.00000000000000000000000000000000000         22.5727381801807576030286212298048871      
   1.00000000000000000000000000000000000         6.00000000000000000000000000000000000         23.2171137146471767479022983375402688      
   1.00000000000000000000000000000000000         6.00000000000000000000000000000000000         23.8227145103420970846428358642232851      
   1.00000000000000000000000000000000000         6.00000000000000000000000000000000000         24.3937572837310281929830432520621583      
   1.00000000000000000000000000000000000         6.00000000000000000000000000000000000         24.9340001873196994974861142838650861      
   1.00000000000000000000000000000000000         6.00000000000000000000000000000000000         25.4467926780544920342667190440327185      
   1.00000000000000000000000000000000000         6.00000000000000000000000000000000000         25.9351199625811064923618179736509130      
   1.00000000000000000000000000000000000         6.00000000000000000000000000000000000         26.4016426091230467025876971631060734      
   1.00000000000000000000000000000000000         6.00000000000000000000000000000000000         26.8487318516054792869129938168878968      
   1.00000000000000000000000000000000000         6.00000000000000000000000000000000000         27.2785010544887435609115114499868286      
   1.00000000000000000000000000000000000         6.00000000000000000000000000000000000         27.6928337558307354564364126006601171      
   1.00000000000000000000000000000000000         6.00000000000000000000000000000000000         28.0934086606925653358539525999027900      
   1.00000000000000000000000000000000000         6.00000000000000000000000000000000000         28.4817219165347976762426095821204284      
   1.00000000000000000000000000000000000         6.00000000000000000000000000000000000         28.8591069661852469888430578779728126      
   1.00000000000000000000000000000000000         6.00000000000000000000000000000000000         29.2267522418151506713062282520676489      
   1.00000000000000000000000000000000000         6.00000000000000000000000000000000000         29.5857169347120323783997472142873116      
   1.00000000000000000000000000000000000         6.00000000000000000000000000000000000         29.9369450501045606572325216303161011      
   1.00000000000000000000000000000000000         6.00000000000000000000000000000000000         30.2812779335383895113860487127269623      
