   1.00000000000000000000000000000000000         2.00000000000000000000000000000000000        -11355.1371119330240588730966137278490      
   1.00000000000000000000000000000000000         2.00000000000000000000000000000000000        -11355.1371119330240588730966137278490      
   1.00000000000000000000000000000000000         2.00000000000000000000000000000000000        -11355.1371119330240588730966137278490      
   1.00000000000000000000000000000000000         2.00000000000000000000000000000000000        -11355.1371119330240588730966137278490      
   1.00000000000000000000000000000000000         2.00000000000000000000000000000000000        -11355.1371119330240588730966137278490      
   1.00000000000000000000000000000000000         2.00000000000000000000000000000000000        -11355.1371119330240588730966137278490      
   1.00000000000000000000000000000000000         2.00000000000000000000000000000000000        -11355.1371119330240588730966137278490      
   1.00000000000000000000000000000000000         2.00000000000000000000000000000000000        -11355.1371119330240588730966137278490      
   1.00000000000000000000000000000000000         2.00000000000000000000000000000000000        -11355.1371119330240588730966137278490      
   1.00000000000000000000000000000000000         2.00000000000000000000000000000000000        -11355.1371119330240588730966137278490      
   1.00000000000000000000000000000000000         2.00000000000000000000000000000000000        -11355.1371119330240588730966137278490      
   1.00000000000000000000000000000000000         2.00000000000000000000000000000000000        -11355.1371119330240588730966137278490      
   1.00000000000000000000000000000000000         2.00000000000000000000000000000000000        -11355.1371119330240588730966137278490      
   1.00000000000000000000000000000000000         2.00000000000000000000000000000000000        -11355.1371119330240588730966137278490      
   1.00000000000000000000000000000000000         2.00000000000000000000000000000000000        -11355.1371119330240588730966137278490      
   1.00000000000000000000000000000000000         2.00000000000000000000000000000000000        -11355.1371119330240588730966137278490      
   1.00000000000000000000000000000000000         2.00000000000000000000000000000000000        -11355.1371119330240588730966137278490      
   1.00000000000000000000000000000000000         2.00000000000000000000000000000000000        -11355.1371119330240588730966137278490      
   1.00000000000000000000000000000000000         2.00000000000000000000000000000000000        -11355.1371119330240588730966137278490      
   1.00000000000000000000000000000000000         2.00000000000000000000000000000000000        -11355.1371119330240588730966137278490      
   1.00000000000000000000000000000000000         2.00000000000000000000000000000000000        -11355.1371119330240588730966137278490      
   1.00000000000000000000000000000000000         2.00000000000000000000000000000000000        -11355.1371119330240588730966137278490      
   1.00000000000000000000000000000000000         2.00000000000000000000000000000000000        -11355.1371119330240588730966137278490      
   1.00000000000000000000000000000000000         2.00000000000000000000000000000000000        -11355.1371119330240588730966137278490      
   1.00000000000000000000000000000000000         2.00000000000000000000000000000000000        -11355.1371119330240588730966137278490      
   1.00000000000000000000000000000000000         2.00000000000000000000000000000000000        -11355.1371119330240588730966137278490      
   1.00000000000000000000000000000000000         2.00000000000000000000000000000000000        -11355.1371119330240588730966137278490      
   1.00000000000000000000000000000000000         2.00000000000000000000000000000000000        -11355.1371119330240588730966137278490      
   1.00000000000000000000000000000000000         2.00000000000000000000000000000000000        -11355.1371119330240588730966137278490      
   1.00000000000000000000000000000000000         2.00000000000000000000000000000000000        -11355.1371119330240588730966137278490      
   1.00000000000000000000000000000000000         2.00000000000000000000000000000000000        -11355.1371119330240588730966137278490      
   1.00000000000000000000000000000000000         2.00000000000000000000000000000000000        -11355.1371119330240588730966137278490      
   1.00000000000000000000000000000000000         2.00000000000000000000000000000000000        -11355.1371119330240588730966137278490      
   1.00000000000000000000000000000000000         2.00000000000000000000000000000000000        -11355.1371119330240588730966137278490      
   1.00000000000000000000000000000000000         2.00000000000000000000000000000000000        -11355.1371119330240588730966137278490      
   1.00000000000000000000000000000000000         2.00000000000000000000000000000000000        -10907.2245037822335864725942840815597      
   1.00000000000000000000000000000000000         2.00000000000000000000000000000000000        -9719.59682866410843689311645542773600      
   1.00000000000000000000000000000000000         2.00000000000000000000000000000000000        -8661.09124856538895313633981639131590      
   1.00000000000000000000000000000000000         2.00000000000000000000000000000000000        -7717.66585678650940027358622001817583      
   1.00000000000000000000000000000000000         2.00000000000000000000000000000000000        -6876.80579080829529060392637827283730      
   1.00000000000000000000000000000000000         2.00000000000000000000000000000000000        -6127.35716766991751205832031111157015      
   1.00000000000000000000000000000000000         2.00000000000000000000000000000000000        -5459.37907871870311925989797701093444      
   1.00000000000000000000000000000000000         2.00000000000000000000000000000000000        -4864.01167979205548133833400128101645      
   1.00000000000000000000000000000000000         2.00000000000000000000000000000000000        -4333.35862646834156196198269457042294      
   1.00000000000000000000000000000000000         2.00000000000000000000000000000000000        -3860.38229437395374923911317325603716      
   1.00000000000000000000000000000000000         2.00000000000000000000000000000000000        -3438.81039418368134582582126828960943      
   1.00000000000000000000000000000000000         2.00000000000000000000000000000000000        -3063.05274215218404000689874926597102      
   1.00000000000000000000000000000000000         2.00000000000000000000000000000000000        -2728.12708177208726374939809803933257      
   1.00000000000000000000000000000000000         2.00000000000000000000000000000000000        -2429.59297225717047483966888822620183      
   1.00000000000000000000000000000000000         2.00000000000000000000000000000000000        -2163.49286659098726844874811591803167      
   1.00000000000000000000000000000000000         2.00000000000000000000000000000000000        -1926.29959728242138062306580578286580      
   1.00000000000000000000000000000000000         2.00000000000000000000000000000000000        -1714.86957299606059156161440737908863      
   1.00000000000000000000000000000000000         2.00000000000000000000000000000000000        -1526.40106500510964646097306006864608      
   1.00000000000000000000000000000000000         2.00000000000000000000000000000000000        -1358.39702995341601005029383639917631      
   1.00000000000000000000000000000000000         2.00000000000000000000000000000000000        -1208.63197560724809881137092703915726      
   1.00000000000000000000000000000000000         2.00000000000000000000000000000000000        -1075.12242992548327405517110609551754      
   1.00000000000000000000000000000000000         2.00000000000000000000000000000000000        -956.100621590708928957771299191481288      
   1.00000000000000000000000000000000000         2.00000000000000000000000000000000000        -849.991022757875150442641611249189047      
   1.00000000000000000000000000000000000         2.00000000000000000000000000000000000        -755.389442757025365016914227573223131      
   1.00000000000000000000000000000000000         2.00000000000000000000000000000000000        -671.044395336242123910496219360037349      
   1.00000000000000000000000000000000000         2.00000000000000000000000000000000000        -595.840492199442515916483588605258509      
   1.00000000000000000000000000000000000         2.00000000000000000000000000000000000        -528.783642481359246497189331156543010      
   1.00000000000000000000000000000000000         2.00000000000000000000000000000000000        -468.987861765732652565580909544899134      
   1.00000000000000000000000000000000000         2.00000000000000000000000000000000000        -415.663515610399430488493754835187894      
   1.00000000000000000000000000000000000         2.00000000000000000000000000000000000        -368.106841577998819076754778665097270      
   1.00000000000000000000000000000000000         2.00000000000000000000000000000000000        -325.690610736009748595973564129802598      
   1.00000000000000000000000000000000000         2.00000000000000000000000000000000000        -287.855804709898187874629288188786720      
   1.00000000000000000000000000000000000         2.00000000000000000000000000000000000        -254.104197848926680109427199027470848      
   1.00000000000000000000000000000000000         2.00000000000000000000000000000000000        -223.991746074473171079002254007505792      
   1.00000000000000000000000000000000000         2.00000000000000000000000000000000000        -197.122694684893020300458152738036789      
   1.00000000000000000000000000000000000         2.00000000000000000000000000000000000        -173.144326931074601378437897685868209      
   1.00000000000000000000000000000000000         2.00000000000000000000000000000000000        -151.742283679476692332840733806838470      
   1.00000000000000000000000000000000000         2.00000000000000000000000000000000000        -132.636392057419767683324575037142243      
   1.00000000000000000000000000000000000         2.00000000000000000000000000000000000        -115.576947729288573902804628631543305      
   1.00000000000000000000000000000000000         2.00000000000000000000000000000000000        -100.341401471709952639460313656889403      
   1.00000000000000000000000000000000000         2.00000000000000000000000000000000000        -86.7314060805716400243883075238734115      
   1.00000000000000000000000000000000000         2.00000000000000000000000000000000000        -74.5701844241323753751963027948178158      
   1.00000000000000000000000000000000000         2.00000000000000000000000000000000000        -63.7001837178871673842313099619366067      
   1.00000000000000000000000000000000000         2.00000000000000000000000000000000000        -53.9809848948403587022065475556880153      
   1.00000000000000000000000000000000000         2.00000000000000000000000000000000000        -45.2874393298002044521127226957174312      
   1.00000000000000000000000000000000000         2.00000000000000000000000000000000000        -37.5080081931584135132594355815875683      
   1.00000000000000000000000000000000000         2.00000000000000000000000000000000000        -30.5432823983882564318779857980641147      
   1.00000000000000000000000000000000000         2.00000000000000000000000000000000000        -24.3046635038637668992651195982475677      
   1.00000000000000000000000000000000000         2.00000000000000000000000000000000000        -18.7131880653686145521043800886245376      
   1.00000000000000000000000000000000000         2.00000000000000000000000000000000000        -13.6984798391667232714784584329634772      
   1.00000000000000000000000000000000000         2.00000000000000000000000000000000000        -9.19781593200598608394831294078201397      
   1.00000000000000000000000000000000000         2.00000000000000000000000000000000000        -5.15529450643299987236186130802849754      
   1.00000000000000000000000000000000000         2.00000000000000000000000000000000000        -1.52109299737401895638962835324481739      
   1.00000000000000000000000000000000000         2.00000000000000000000000000000000000         1.74919300303316208610489018740363498      
   1.00000000000000000000000000000000000         2.00000000000000000000000000000000000         4.69513896495300730341132435300252044      
   1.00000000000000000000000000000000000         2.00000000000000000000000000000000000         7.35201656329667933506537389687137239      
   1.00000000000000000000000000000000000         2.00000000000000000000000000000000000         9.75126171141830037907711432342630181      
   1.00000000000000000000000000000000000         2.00000000000000000000000000000000000         11.9208916965858229834807542390479792      
   1.00000000000000000000000000000000000         2.00000000000000000000000000000000000         13.8858769523607725009847729182598370      
   1.00000000000000000000000000000000000         2.00000000000000000000000000000000000         15.6684724010804647667712284543772178      
   1.00000000000000000000000000000000000         2.00000000000000000000000000000000000         17.2885127631561261677304531063308060      
   1.00000000000000000000000000000000000         2.00000000000000000000000000000000000         18.7636757517618827721016776178883598      
   1.00000000000000000000000000000000000         2.00000000000000000000000000000000000         20.1097166453482337106502009398284873      
   1.00000000000000000000000000000000000         2.00000000000000000000000000000000000         21.3406773506147447183047012191053216      
   1.00000000000000000000000000000000000         2.00000000000000000000000000000000000         22.4690727300805902827661077437543675      
   1.00000000000000000000000000000000000         2.00000000000000000000000000000000000         23.5060566667065995161034604938193443      
