   1.00000000000000000000000000000000000         2.00000000000000000000000000000000000        -11355.1371119330240588730966137278490      
   1.00000000000000000000000000000000000         2.00000000000000000000000000000000000        -11355.1371119330240588730966137278490      
   1.00000000000000000000000000000000000         2.00000000000000000000000000000000000        -11355.1371119330240588730966137278490      
   1.00000000000000000000000000000000000         2.00000000000000000000000000000000000        -11355.1371119330240588730966137278490      
   1.00000000000000000000000000000000000         2.00000000000000000000000000000000000        -11355.1371119330240588730966137278490      
   1.00000000000000000000000000000000000         2.00000000000000000000000000000000000        -11355.1371119330240588730966137278490      
   1.00000000000000000000000000000000000         2.00000000000000000000000000000000000        -11355.1371119330240588730966137278490      
   1.00000000000000000000000000000000000         2.00000000000000000000000000000000000        -11355.1371119330240588730966137278490      
   1.00000000000000000000000000000000000         2.00000000000000000000000000000000000        -11355.1371119330240588730966137278490      
   1.00000000000000000000000000000000000         2.00000000000000000000000000000000000        -11355.1371119330240588730966137278490      
   1.00000000000000000000000000000000000         2.00000000000000000000000000000000000        -11355.1371119330240588730966137278490      
   1.00000000000000000000000000000000000         2.00000000000000000000000000000000000        -11355.1371119330240588730966137278490      
   1.00000000000000000000000000000000000         2.00000000000000000000000000000000000        -11355.1371119330240588730966137278490      
   1.00000000000000000000000000000000000         2.00000000000000000000000000000000000        -11355.1371119330240588730966137278490      
   1.00000000000000000000000000000000000         2.00000000000000000000000000000000000        -11355.1371119330240588730966137278490      
   1.00000000000000000000000000000000000         2.00000000000000000000000000000000000        -11355.1371119330240588730966137278490      
   1.00000000000000000000000000000000000         2.00000000000000000000000000000000000        -11355.1371119330240588730966137278490      
   1.00000000000000000000000000000000000         2.00000000000000000000000000000000000        -11355.1371119330240588730966137278490      
   1.00000000000000000000000000000000000         2.00000000000000000000000000000000000        -11355.1371119330240588730966137278490      
   1.00000000000000000000000000000000000         2.00000000000000000000000000000000000        -11355.1371119330240588730966137278490      
   1.00000000000000000000000000000000000         2.00000000000000000000000000000000000        -11355.1371119330240588730966137278490      
   1.00000000000000000000000000000000000         2.00000000000000000000000000000000000        -11355.1371119330240588730966137278490      
   1.00000000000000000000000000000000000         2.00000000000000000000000000000000000        -11355.1371119330240588730966137278490      
   1.00000000000000000000000000000000000         2.00000000000000000000000000000000000        -11355.1371119330240588730966137278490      
   1.00000000000000000000000000000000000         2.00000000000000000000000000000000000        -11355.1371119330240588730966137278490      
   1.00000000000000000000000000000000000         2.00000000000000000000000000000000000        -11355.1371119330240588730966137278490      
   1.00000000000000000000000000000000000         2.00000000000000000000000000000000000        -10910.8882943497106176472908518788191      
   1.00000000000000000000000000000000000         2.00000000000000000000000000000000000        -9723.14388990931952420532660399051051      
   1.00000000000000000000000000000000000         2.00000000000000000000000000000000000        -8664.53427469262280167058607492813502      
   1.00000000000000000000000000000000000         2.00000000000000000000000000000000000        -7721.01616151724717985233458785485842      
   1.00000000000000000000000000000000000         2.00000000000000000000000000000000000        -6880.07345750742087774046221170918879      
   1.00000000000000000000000000000000000         2.00000000000000000000000000000000000        -6130.55118314584320656116545804192053      
   1.00000000000000000000000000000000000         2.00000000000000000000000000000000000        -5462.50745247285721156958844485771506      
   1.00000000000000000000000000000000000         2.00000000000000000000000000000000000        -4867.08155030009991888474712676808860      
   1.00000000000000000000000000000000000         2.00000000000000000000000000000000000        -4336.37635590340690030211380780522366      
   1.00000000000000000000000000000000000         2.00000000000000000000000000000000000        -3863.35355302881116532181247423987917      
   1.00000000000000000000000000000000000         2.00000000000000000000000000000000000        -3441.74023571208264410242714613740185      
   1.00000000000000000000000000000000000         2.00000000000000000000000000000000000        -3065.94567062777651931745835323410017      
   1.00000000000000000000000000000000000         2.00000000000000000000000000000000000        -2730.98711145473450266598666768123564      
   1.00000000000000000000000000000000000         2.00000000000000000000000000000000000        -2432.42368085974180040599800521036341      
   1.00000000000000000000000000000000000         2.00000000000000000000000000000000000        -2166.29744275343384156705822261046179      
   1.00000000000000000000000000000000000         2.00000000000000000000000000000000000        -1929.08088288309104418800772041326064      
   1.00000000000000000000000000000000000         2.00000000000000000000000000000000000        -1717.63010086169692253184800139002272      
   1.00000000000000000000000000000000000         2.00000000000000000000000000000000000        -1529.14309251992398804063423021309741      
   1.00000000000000000000000000000000000         2.00000000000000000000000000000000000        -1361.12256901320445017535628001485379      
   1.00000000000000000000000000000000000         2.00000000000000000000000000000000000        -1211.34281931602632819357114403408637      
   1.00000000000000000000000000000000000         2.00000000000000000000000000000000000        -1077.82017638888744842770897922310965      
   1.00000000000000000000000000000000000         2.00000000000000000000000000000000000        -958.786695121886508944060530395629407      
   1.00000000000000000000000000000000000         2.00000000000000000000000000000000000        -852.666692777255006551134453450739043      
   1.00000000000000000000000000000000000         2.00000000000000000000000000000000000        -758.055840636755614229857280704759238      
   1.00000000000000000000000000000000000         2.00000000000000000000000000000000000        -673.702529412811153879218019051540327      
   1.00000000000000000000000000000000000         2.00000000000000000000000000000000000        -598.491261153691556621836319646160310      
   1.00000000000000000000000000000000000         2.00000000000000000000000000000000000        -531.427847263431126983226594289089037      
   1.00000000000000000000000000000000000         2.00000000000000000000000000000000000        -471.626216223193567575290438441474325      
   1.00000000000000000000000000000000000         2.00000000000000000000000000000000000        -418.296655960562435577575082506535815      
   1.00000000000000000000000000000000000         2.00000000000000000000000000000000000        -370.735334850141031940092925111349437      
   1.00000000000000000000000000000000000         2.00000000000000000000000000000000000        -328.314962295506349678702368262449057      
   1.00000000000000000000000000000000000         2.00000000000000000000000000000000000        -290.476464964113907060753464933467532      
   1.00000000000000000000000000000000000         2.00000000000000000000000000000000000        -256.721568223847875256154272339529112      
   1.00000000000000000000000000000000000         2.00000000000000000000000000000000000        -226.606184341386774890703382053789852      
   1.00000000000000000000000000000000000         2.00000000000000000000000000000000000        -199.734519707794148867357379755147707      
   1.00000000000000000000000000000000000         2.00000000000000000000000000000000000        -175.753822897798038990000305496775619      
   1.00000000000000000000000000000000000         2.00000000000000000000000000000000000        -154.349703872696796684932309555799840      
   1.00000000000000000000000000000000000         2.00000000000000000000000000000000000        -135.241962215557673096358908399455312      
   1.00000000000000000000000000000000000         2.00000000000000000000000000000000000        -118.180869041923889170379089340978933      
   1.00000000000000000000000000000000000         2.00000000000000000000000000000000000        -102.943853249244246832748551704250228      
   1.00000000000000000000000000000000000         2.00000000000000000000000000000000000        -89.3325481335685287167103111845005364      
   1.00000000000000000000000000000000000         2.00000000000000000000000000000000000        -77.1701591839066046288934422631005323      
   1.00000000000000000000000000000000000         2.00000000000000000000000000000000000        -66.2991181264816242501488105299595108      
   1.00000000000000000000000000000000000         2.00000000000000000000000000000000000        -56.5789920894698548785690692167095453      
   1.00000000000000000000000000000000000         2.00000000000000000000000000000000000        -47.8846201441135787040531190127356494      
   1.00000000000000000000000000000000000         2.00000000000000000000000000000000000        -40.1044524952397888388629250335456517      
   1.00000000000000000000000000000000000         2.00000000000000000000000000000000000        -33.1390702832519157355499284591865468      
   1.00000000000000000000000000000000000         2.00000000000000000000000000000000000        -26.8998663562663296553042888357730856      
   1.00000000000000000000000000000000000         2.00000000000000000000000000000000000        -21.3078695070413863160807292036272471      
   1.00000000000000000000000000000000000         2.00000000000000000000000000000000000        -16.2926965730374158128804894254566107      
   1.00000000000000000000000000000000000         2.00000000000000000000000000000000000        -11.7916184946121174472894097019145840      
   1.00000000000000000000000000000000000         2.00000000000000000000000000000000000        -7.74872793851104304604249533036445108      
   1.00000000000000000000000000000000000         2.00000000000000000000000000000000000        -4.11419744152260972613055203231861059      
   1.00000000000000000000000000000000000         2.00000000000000000000000000000000000       -0.843618230314669550133438965092692326      
   1.00000000000000000000000000000000000         2.00000000000000000000000000000000000         2.10258905600642319165318530342351107      
   1.00000000000000000000000000000000000         2.00000000000000000000000000000000000         4.75969955996786431884091676791267826      
   1.00000000000000000000000000000000000         2.00000000000000000000000000000000000         7.15915228543981868879974040066231050      
   1.00000000000000000000000000000000000         2.00000000000000000000000000000000000         9.32896727411556118710910455494872615      
   1.00000000000000000000000000000000000         2.00000000000000000000000000000000000         11.2941174144407697191591104994483543      
   1.00000000000000000000000000000000000         2.00000000000000000000000000000000000         13.0768598166705640923741883017732150      
   1.00000000000000000000000000000000000         2.00000000000000000000000000000000000         14.6970311511999660434300363924001544      
   1.00000000000000000000000000000000000         2.00000000000000000000000000000000000         16.1723108691279885916637473231921855      
   1.00000000000000000000000000000000000         2.00000000000000000000000000000000000         17.5184557978323167689902345351582609      
   1.00000000000000000000000000000000000         2.00000000000000000000000000000000000         18.7495092244953238456002327051352462      
   1.00000000000000000000000000000000000         2.00000000000000000000000000000000000         19.8779872419927816025038517641846269      
   1.00000000000000000000000000000000000         2.00000000000000000000000000000000000         20.9150448298419907284748952007556037      
   1.00000000000000000000000000000000000         2.00000000000000000000000000000000000         21.8706238740026081782582188968435319      
   1.00000000000000000000000000000000000         2.00000000000000000000000000000000000         22.7535850896629969257348068978368587      
   1.00000000000000000000000000000000000         2.00000000000000000000000000000000000         23.5718255975473213991091868997034318      
   1.00000000000000000000000000000000000         2.00000000000000000000000000000000000         24.3323837139095485888812349161724867      
   1.00000000000000000000000000000000000         2.00000000000000000000000000000000000         25.0415323447139085648923669271786823      
   1.00000000000000000000000000000000000         2.00000000000000000000000000000000000         25.7048622232858461444690824029856912      
   1.00000000000000000000000000000000000         2.00000000000000000000000000000000000         26.3273560959465196159123007714422600      
   1.00000000000000000000000000000000000         2.00000000000000000000000000000000000         26.9134548400291437729640361168168423      
   1.00000000000000000000000000000000000         2.00000000000000000000000000000000000         27.4671163916230831865947225823204534      
