   4.00000000000000000000000000000000000         1.00000000000000000000000000000000000        -11355.1371119330240588730966137278490      
   4.00000000000000000000000000000000000         1.00000000000000000000000000000000000        -11355.1371119330240588730966137278490      
   4.00000000000000000000000000000000000         1.00000000000000000000000000000000000        -11355.1371119330240588730966137278490      
   4.00000000000000000000000000000000000         1.00000000000000000000000000000000000        -11355.1371119330240588730966137278490      
   4.00000000000000000000000000000000000         1.00000000000000000000000000000000000        -11355.1371119330240588730966137278490      
   4.00000000000000000000000000000000000         1.00000000000000000000000000000000000        -11355.1371119330240588730966137278490      
   4.00000000000000000000000000000000000         1.00000000000000000000000000000000000        -11355.1371119330240588730966137278490      
   4.00000000000000000000000000000000000         1.00000000000000000000000000000000000        -11355.1371119330240588730966137278490      
   4.00000000000000000000000000000000000         1.00000000000000000000000000000000000        -11355.1371119330240588730966137278490      
   4.00000000000000000000000000000000000         1.00000000000000000000000000000000000        -11355.1371119330240588730966137278490      
   4.00000000000000000000000000000000000         1.00000000000000000000000000000000000        -11355.1371119330240588730966137278490      
   4.00000000000000000000000000000000000         1.00000000000000000000000000000000000        -11355.1371119330240588730966137278490      
   4.00000000000000000000000000000000000         1.00000000000000000000000000000000000        -11355.1371119330240588730966137278490      
   4.00000000000000000000000000000000000         1.00000000000000000000000000000000000        -11355.1371119330240588730966137278490      
   4.00000000000000000000000000000000000         1.00000000000000000000000000000000000        -11355.1371119330240588730966137278490      
   4.00000000000000000000000000000000000         1.00000000000000000000000000000000000        -11355.1371119330240588730966137278490      
   4.00000000000000000000000000000000000         1.00000000000000000000000000000000000        -10157.5661418167347652245273364199575      
   4.00000000000000000000000000000000000         1.00000000000000000000000000000000000        -9052.28395702514855530700927237948973      
   4.00000000000000000000000000000000000         1.00000000000000000000000000000000000        -8067.16887243104016906045121137505019      
   4.00000000000000000000000000000000000         1.00000000000000000000000000000000000        -7189.15282862074569089367483880780545      
   4.00000000000000000000000000000000000         1.00000000000000000000000000000000000        -6406.58890538224963148755046617534441      
   4.00000000000000000000000000000000000         1.00000000000000000000000000000000000        -5709.09677415022430359979719271915084      
   4.00000000000000000000000000000000000         1.00000000000000000000000000000000000        -5087.42495735268488915330438852208744      
   4.00000000000000000000000000000000000         1.00000000000000000000000000000000000        -4533.32806692447661274437343968039246      
   4.00000000000000000000000000000000000         1.00000000000000000000000000000000000        -4039.45739301725349188283546503603729      
   4.00000000000000000000000000000000000         1.00000000000000000000000000000000000        -3599.26339108460447483265721112415130      
   4.00000000000000000000000000000000000         1.00000000000000000000000000000000000        -3206.90877340519195489422127346480612      
   4.00000000000000000000000000000000000         1.00000000000000000000000000000000000        -2857.19105182121719634203948367734606      
   4.00000000000000000000000000000000000         1.00000000000000000000000000000000000        -2545.47350388141237440981683717307180      
   4.00000000000000000000000000000000000         1.00000000000000000000000000000000000        -2267.62364635121924008388298796348974      
   4.00000000000000000000000000000000000         1.00000000000000000000000000000000000        -2019.95839967101577875493833562265032      
   4.00000000000000000000000000000000000         1.00000000000000000000000000000000000        -1799.19521572806764754943379926255949      
   4.00000000000000000000000000000000000         1.00000000000000000000000000000000000        -1602.40852043743120749957091372635925      
   4.00000000000000000000000000000000000         1.00000000000000000000000000000000000        -1426.99089315132066624175807716160710      
   4.00000000000000000000000000000000000         1.00000000000000000000000000000000000        -1270.61846777128763785252224863541882      
   4.00000000000000000000000000000000000         1.00000000000000000000000000000000000        -1131.22009645699279133010504179201462      
   4.00000000000000000000000000000000000         1.00000000000000000000000000000000000        -1006.94986675272001691537939479168232      
   4.00000000000000000000000000000000000         1.00000000000000000000000000000000000        -896.162607450599565784175564348984110      
   4.00000000000000000000000000000000000         1.00000000000000000000000000000000000        -797.392058168226897020067734209886670      
   4.00000000000000000000000000000000000         1.00000000000000000000000000000000000        -709.331412964235619063938072914510997      
   4.00000000000000000000000000000000000         1.00000000000000000000000000000000000        -630.815979817424182983873611612612965      
   4.00000000000000000000000000000000000         1.00000000000000000000000000000000000        -560.807725871259820055646260228340477      
   4.00000000000000000000000000000000000         1.00000000000000000000000000000000000        -498.381503368544048471544955769983619      
   4.00000000000000000000000000000000000         1.00000000000000000000000000000000000        -442.712773502761390691199836847161748      
   4.00000000000000000000000000000000000         1.00000000000000000000000000000000000        -393.066665289077248465594015344074214      
   4.00000000000000000000000000000000000         1.00000000000000000000000000000000000        -348.788224272850516621124165914233598      
   4.00000000000000000000000000000000000         1.00000000000000000000000000000000000        -309.293721681947434487828548109646541      
   4.00000000000000000000000000000000000         1.00000000000000000000000000000000000        -274.062908700588128493158345092249365      
   4.00000000000000000000000000000000000         1.00000000000000000000000000000000000        -242.632113083645816160484056403169716      
   4.00000000000000000000000000000000000         1.00000000000000000000000000000000000        -214.588086507664672588438647443559478      
   4.00000000000000000000000000000000000         1.00000000000000000000000000000000000        -189.562521016682496316092158170823564      
   4.00000000000000000000000000000000000         1.00000000000000000000000000000000000        -167.227161799425853056089680496162143      
   4.00000000000000000000000000000000000         1.00000000000000000000000000000000000        -147.289451447400378911651367903890476      
   4.00000000000000000000000000000000000         1.00000000000000000000000000000000000        -129.488647895827494646418060208763273      
   4.00000000000000000000000000000000000         1.00000000000000000000000000000000000        -113.592364534862361668042453317492417      
   4.00000000000000000000000000000000000         1.00000000000000000000000000000000000        -99.3934865804710468763487085945000167      
   4.00000000000000000000000000000000000         1.00000000000000000000000000000000000        -86.7074227870819392954241198558146115      
   4.00000000000000000000000000000000000         1.00000000000000000000000000000000000        -75.3696560339080640428517127728930003      
   4.00000000000000000000000000000000000         1.00000000000000000000000000000000000        -65.2335602827089670269889057203312663      
   4.00000000000000000000000000000000000         1.00000000000000000000000000000000000        -56.1684549393480090919239155521416980      
   4.00000000000000000000000000000000000         1.00000000000000000000000000000000000        -48.0578708017050353444654453832998987      
   4.00000000000000000000000000000000000         1.00000000000000000000000000000000000        -40.7980045841267689121906862062206735      
   4.00000000000000000000000000000000000         1.00000000000000000000000000000000000        -34.2963415108933616143285317217329940      
   4.00000000000000000000000000000000000         1.00000000000000000000000000000000000        -28.4704277013532656968419957907988121      
   4.00000000000000000000000000000000000         1.00000000000000000000000000000000000        -23.2467760570230213348293896018380700      
   4.00000000000000000000000000000000000         1.00000000000000000000000000000000000        -18.5598911324385180109303806202020227      
   4.00000000000000000000000000000000000         1.00000000000000000000000000000000000        -14.3514000503863796581487948010913212      
   4.00000000000000000000000000000000000         1.00000000000000000000000000000000000        -10.5692779292886189192297504606996119      
   4.00000000000000000000000000000000000         1.00000000000000000000000000000000000        -7.16715754463255754651029755313965482      
   4.00000000000000000000000000000000000         1.00000000000000000000000000000000000        -4.10371406407261304985373261852664345      
   4.00000000000000000000000000000000000         1.00000000000000000000000000000000000        -1.34211669201256528316705965260106150      
   4.00000000000000000000000000000000000         1.00000000000000000000000000000000000         1.15046005267492918228521215351707673      
   4.00000000000000000000000000000000000         1.00000000000000000000000000000000000         3.40327191083930673618106745139622906      
   4.00000000000000000000000000000000000         1.00000000000000000000000000000000000         5.44239308895842530215642225956094543      
   4.00000000000000000000000000000000000         1.00000000000000000000000000000000000         7.29106224801676873944600698734001797      
   4.00000000000000000000000000000000000         1.00000000000000000000000000000000000         8.96999086641773035806740549829124743      
   4.00000000000000000000000000000000000         1.00000000000000000000000000000000000         10.4976380687184712556118884108117828      
   4.00000000000000000000000000000000000         1.00000000000000000000000000000000000         11.8904555669976889203211531577559296      
   4.00000000000000000000000000000000000         1.00000000000000000000000000000000000         13.1631059650794287613594579016640972      
   4.00000000000000000000000000000000000         1.00000000000000000000000000000000000         14.3286573223773546943179809571350446      
   4.00000000000000000000000000000000000         1.00000000000000000000000000000000000         15.3987565591034822085158520126712154      
   4.00000000000000000000000000000000000         1.00000000000000000000000000000000000         16.3837840038231389911953519690311186      
   4.00000000000000000000000000000000000         1.00000000000000000000000000000000000         17.2929911341083098604335914561319005      
   4.00000000000000000000000000000000000         1.00000000000000000000000000000000000         18.1346233380241495916342690878772994      
   4.00000000000000000000000000000000000         1.00000000000000000000000000000000000         18.9160293254190041672875537454253630      
   4.00000000000000000000000000000000000         1.00000000000000000000000000000000000         19.6437586408392846391294786822409579      
   4.00000000000000000000000000000000000         1.00000000000000000000000000000000000         20.3236485720063286138596613028040120      
   4.00000000000000000000000000000000000         1.00000000000000000000000000000000000         20.9609016070779348272035897754951874      
   4.00000000000000000000000000000000000         1.00000000000000000000000000000000000         21.5601544685053711039275591049031682      
   4.00000000000000000000000000000000000         1.00000000000000000000000000000000000         22.1255396395231956930452396370164614      
   4.00000000000000000000000000000000000         1.00000000000000000000000000000000000         22.6607401996910306091659309722610103      
   4.00000000000000000000000000000000000         1.00000000000000000000000000000000000         23.1690386971216101951631821915248083      
   4.00000000000000000000000000000000000         1.00000000000000000000000000000000000         23.6533607058998780900047917599647271      
   4.00000000000000000000000000000000000         1.00000000000000000000000000000000000         24.1163136466736200860543512794331831      
   4.00000000000000000000000000000000000         1.00000000000000000000000000000000000         24.5602213855412845692353337908630819      
   4.00000000000000000000000000000000000         1.00000000000000000000000000000000000         24.9871550703432108705494976806101940      
   4.00000000000000000000000000000000000         1.00000000000000000000000000000000000         25.3989606135351150997559700105142431      
   4.00000000000000000000000000000000000         1.00000000000000000000000000000000000         25.7972831863248670056789205238606480      
   4.00000000000000000000000000000000000         1.00000000000000000000000000000000000         26.1835890490948711292347750369034556      
   4.00000000000000000000000000000000000         1.00000000000000000000000000000000000         26.5591850077864938619826513811025397      
   4.00000000000000000000000000000000000         1.00000000000000000000000000000000000         26.9252357544209367528544625253081453      
