   6.00000000000000000000000000000000000         9.00000000000000000000000000000000000        -11355.1371119330240588730966137278490      
   6.00000000000000000000000000000000000         9.00000000000000000000000000000000000        -11355.1371119330240588730966137278490      
   6.00000000000000000000000000000000000         9.00000000000000000000000000000000000        -11355.1371119330240588730966137278490      
   6.00000000000000000000000000000000000         9.00000000000000000000000000000000000        -11355.1371119330240588730966137278490      
   6.00000000000000000000000000000000000         9.00000000000000000000000000000000000        -11355.1371119330240588730966137278490      
   6.00000000000000000000000000000000000         9.00000000000000000000000000000000000        -11355.1371119330240588730966137278490      
   6.00000000000000000000000000000000000         9.00000000000000000000000000000000000        -11355.1371119330240588730966137278490      
   6.00000000000000000000000000000000000         9.00000000000000000000000000000000000        -11355.1371119330240588730966137278490      
   6.00000000000000000000000000000000000         9.00000000000000000000000000000000000        -11355.1371119330240588730966137278490      
   6.00000000000000000000000000000000000         9.00000000000000000000000000000000000        -11355.1371119330240588730966137278490      
   6.00000000000000000000000000000000000         9.00000000000000000000000000000000000        -11355.1371119330240588730966137278490      
   6.00000000000000000000000000000000000         9.00000000000000000000000000000000000        -11355.1371119330240588730966137278490      
   6.00000000000000000000000000000000000         9.00000000000000000000000000000000000        -11355.1371119330240588730966137278490      
   6.00000000000000000000000000000000000         9.00000000000000000000000000000000000        -11355.1371119330240588730966137278490      
   6.00000000000000000000000000000000000         9.00000000000000000000000000000000000        -11355.1371119330240588730966137278490      
   6.00000000000000000000000000000000000         9.00000000000000000000000000000000000        -11355.1371119330240588730966137278490      
   6.00000000000000000000000000000000000         9.00000000000000000000000000000000000        -11355.1371119330240588730966137278490      
   6.00000000000000000000000000000000000         9.00000000000000000000000000000000000        -11355.1371119330240588730966137278490      
   6.00000000000000000000000000000000000         9.00000000000000000000000000000000000        -11355.1371119330240588730966137278490      
   6.00000000000000000000000000000000000         9.00000000000000000000000000000000000        -11355.1371119330240588730966137278490      
   6.00000000000000000000000000000000000         9.00000000000000000000000000000000000        -11355.1371119330240588730966137278490      
   6.00000000000000000000000000000000000         9.00000000000000000000000000000000000        -11355.1371119330240588730966137278490      
   6.00000000000000000000000000000000000         9.00000000000000000000000000000000000        -11355.1371119330240588730966137278490      
   6.00000000000000000000000000000000000         9.00000000000000000000000000000000000        -11355.1371119330240588730966137278490      
   6.00000000000000000000000000000000000         9.00000000000000000000000000000000000        -10414.1366902575312845921792369719408      
   6.00000000000000000000000000000000000         9.00000000000000000000000000000000000        -9280.50744289039920083027842080078557      
   6.00000000000000000000000000000000000         9.00000000000000000000000000000000000        -8270.12801218249956575110424914393655      
   6.00000000000000000000000000000000000         9.00000000000000000000000000000000000        -7369.59509619695298896615959059030712      
   6.00000000000000000000000000000000000         9.00000000000000000000000000000000000        -6566.96298950842586527815873025161472      
   6.00000000000000000000000000000000000         9.00000000000000000000000000000000000        -5851.58507094992024538932413110859315      
   6.00000000000000000000000000000000000         9.00000000000000000000000000000000000        -5213.97252941839461435374499684831744      
   6.00000000000000000000000000000000000         9.00000000000000000000000000000000000        -4645.66845311648932125333608183174979      
   6.00000000000000000000000000000000000         9.00000000000000000000000000000000000        -4139.13561147109323713389678635466430      
   6.00000000000000000000000000000000000         9.00000000000000000000000000000000000        -3687.65644066299071983937734588221467      
   6.00000000000000000000000000000000000         9.00000000000000000000000000000000000        -3285.24390563633252174093124058103128      
   6.00000000000000000000000000000000000         9.00000000000000000000000000000000000        -2926.56205578095337932636233653754543      
   6.00000000000000000000000000000000000         9.00000000000000000000000000000000000        -2606.85522010970816961324848816710562      
   6.00000000000000000000000000000000000         9.00000000000000000000000000000000000        -2321.88490239384836606492225273016491      
   6.00000000000000000000000000000000000         9.00000000000000000000000000000000000        -2067.87353889322550191514265625108246      
   6.00000000000000000000000000000000000         9.00000000000000000000000000000000000        -1841.45437238057223563487779991979330      
   6.00000000000000000000000000000000000         9.00000000000000000000000000000000000        -1639.62677731861798118002732033227872      
   6.00000000000000000000000000000000000         9.00000000000000000000000000000000000        -1459.71644338228225452630397324372156      
   6.00000000000000000000000000000000000         9.00000000000000000000000000000000000        -1299.33988898547631230988077774936872      
   6.00000000000000000000000000000000000         9.00000000000000000000000000000000000        -1156.37283392857405424864074683510114      
   6.00000000000000000000000000000000000         9.00000000000000000000000000000000000        -1028.92201149079977823579716291512182      
   6.00000000000000000000000000000000000         9.00000000000000000000000000000000000        -915.300045931124739720155057259354367      
   6.00000000000000000000000000000000000         9.00000000000000000000000000000000000        -814.003062037372946072785616055015939      
   6.00000000000000000000000000000000000         9.00000000000000000000000000000000000        -723.690729615856458254839126161003198      
   6.00000000000000000000000000000000000         9.00000000000000000000000000000000000        -643.168478124041915746587016088481418      
   6.00000000000000000000000000000000000         9.00000000000000000000000000000000000        -571.371645445229523618251532135527096      
   6.00000000000000000000000000000000000         9.00000000000000000000000000000000000        -507.351350469115130375241594670847577      
   6.00000000000000000000000000000000000         9.00000000000000000000000000000000000        -450.261902015962770925748679130537986      
   6.00000000000000000000000000000000000         9.00000000000000000000000000000000000        -399.349577028461332374352725544178347      
   6.00000000000000000000000000000000000         9.00000000000000000000000000000000000        -353.942619124689250505448757458281377      
   6.00000000000000000000000000000000000         9.00000000000000000000000000000000000        -313.442324799061600556152122889511021      
   6.00000000000000000000000000000000000         9.00000000000000000000000000000000000        -277.315098990561856175243208446510439      
   6.00000000000000000000000000000000000         9.00000000000000000000000000000000000        -245.085374600475505064479799570814006      
   6.00000000000000000000000000000000000         9.00000000000000000000000000000000000        -216.329302005927694570195151988468471      
   6.00000000000000000000000000000000000         9.00000000000000000000000000000000000        -190.669124832903578015765168301908228      
   6.00000000000000000000000000000000000         9.00000000000000000000000000000000000        -167.768167358676421248286658630127316      
   6.00000000000000000000000000000000000         9.00000000000000000000000000000000000        -147.326367029519165663349586632723850      
   6.00000000000000000000000000000000000         9.00000000000000000000000000000000000        -129.076292812923762858525227885216172      
   6.00000000000000000000000000000000000         9.00000000000000000000000000000000000        -112.779596550281338497430884297128865      
   6.00000000000000000000000000000000000         9.00000000000000000000000000000000000        -98.2238502216292825518548571670500925      
   6.00000000000000000000000000000000000         9.00000000000000000000000000000000000        -85.2197271548900248111184747364002200      
   6.00000000000000000000000000000000000         9.00000000000000000000000000000000000        -73.5984897759606908201022401321714676      
   6.00000000000000000000000000000000000         9.00000000000000000000000000000000000        -63.2097505636236813159132719730856300      
   6.00000000000000000000000000000000000         9.00000000000000000000000000000000000        -53.9194764985102023946665989450323708      
   6.00000000000000000000000000000000000         9.00000000000000000000000000000000000        -45.6082105263669180043893638991281832      
   6.00000000000000000000000000000000000         9.00000000000000000000000000000000000        -38.1694864355238486521037914651807783      
   6.00000000000000000000000000000000000         9.00000000000000000000000000000000000        -31.5084161149505791883507736800608310      
   6.00000000000000000000000000000000000         9.00000000000000000000000000000000000        -25.5404304466735131039494580873778751      
   6.00000000000000000000000000000000000         9.00000000000000000000000000000000000        -20.1901571249615391093578386900899269      
   6.00000000000000000000000000000000000         9.00000000000000000000000000000000000        -15.3904205116225007830154178428482374      
   6.00000000000000000000000000000000000         9.00000000000000000000000000000000000        -11.0813502560979056486337303473192116      
   6.00000000000000000000000000000000000         9.00000000000000000000000000000000000        -7.20958685228610107109081486436716154      
   6.00000000000000000000000000000000000         9.00000000000000000000000000000000000        -3.72757359031563582056244993814552667      
   6.00000000000000000000000000000000000         9.00000000000000000000000000000000000       -0.592925507899024631681961141258986346      
   6.00000000000000000000000000000000000         9.00000000000000000000000000000000000         2.23213303236521716321306126604903108      
   6.00000000000000000000000000000000000         9.00000000000000000000000000000000000         4.78126960274976297941293627187911654      
   6.00000000000000000000000000000000000         9.00000000000000000000000000000000000         7.08449045862731867735866751027145444      
   6.00000000000000000000000000000000000         9.00000000000000000000000000000000000         9.16853870324868909729312742367418600      
   6.00000000000000000000000000000000000         9.00000000000000000000000000000000000         11.0572491524747616728545858211349562      
   6.00000000000000000000000000000000000         9.00000000000000000000000000000000000         12.7718646083017974068642125727948022      
   6.00000000000000000000000000000000000         9.00000000000000000000000000000000000         14.3313177379375533203898748545117806      
   6.00000000000000000000000000000000000         9.00000000000000000000000000000000000         15.7524822987923168589435223535866473      
   6.00000000000000000000000000000000000         9.00000000000000000000000000000000000         17.0503970429878479488144432081472059      
   6.00000000000000000000000000000000000         9.00000000000000000000000000000000000         18.2384652724610259803911345496045532      
   6.00000000000000000000000000000000000         9.00000000000000000000000000000000000         19.3286326926371845588708820928469489      
   6.00000000000000000000000000000000000         9.00000000000000000000000000000000000         20.3315459246833216335514633748936781      
   6.00000000000000000000000000000000000         9.00000000000000000000000000000000000         21.2566937797024787193787891920576625      
   6.00000000000000000000000000000000000         9.00000000000000000000000000000000000         22.1125331694920154672709447899779416      
   6.00000000000000000000000000000000000         9.00000000000000000000000000000000000         22.9066013246250430061821307683587470      
   6.00000000000000000000000000000000000         9.00000000000000000000000000000000000         23.6456158089207769782683968917348991      
   6.00000000000000000000000000000000000         9.00000000000000000000000000000000000         24.3355636574350666311585896799397921      
   6.00000000000000000000000000000000000         9.00000000000000000000000000000000000         24.9817808207780772283649052668869867      
   6.00000000000000000000000000000000000         9.00000000000000000000000000000000000         25.5890229699369538928697657981611451      
   6.00000000000000000000000000000000000         9.00000000000000000000000000000000000         26.1615286011404451512098387165017916      
   6.00000000000000000000000000000000000         9.00000000000000000000000000000000000         26.7030752781286994701513649958845815      
   6.00000000000000000000000000000000000         9.00000000000000000000000000000000000         27.2170297581289841912233765351195796      
   6.00000000000000000000000000000000000         9.00000000000000000000000000000000000         27.7063926666785699004699736976108017      
