   6.00000000000000000000000000000000000         9.00000000000000000000000000000000000        -11355.1371119330240588730966137278490      
   6.00000000000000000000000000000000000         9.00000000000000000000000000000000000        -11355.1371119330240588730966137278490      
   6.00000000000000000000000000000000000         9.00000000000000000000000000000000000        -11355.1371119330240588730966137278490      
   6.00000000000000000000000000000000000         9.00000000000000000000000000000000000        -11355.1371119330240588730966137278490      
   6.00000000000000000000000000000000000         9.00000000000000000000000000000000000        -11355.1371119330240588730966137278490      
   6.00000000000000000000000000000000000         9.00000000000000000000000000000000000        -11355.1371119330240588730966137278490      
   6.00000000000000000000000000000000000         9.00000000000000000000000000000000000        -11355.1371119330240588730966137278490      
   6.00000000000000000000000000000000000         9.00000000000000000000000000000000000        -11355.1371119330240588730966137278490      
   6.00000000000000000000000000000000000         9.00000000000000000000000000000000000        -11355.1371119330240588730966137278490      
   6.00000000000000000000000000000000000         9.00000000000000000000000000000000000        -11355.1371119330240588730966137278490      
   6.00000000000000000000000000000000000         9.00000000000000000000000000000000000        -11355.1371119330240588730966137278490      
   6.00000000000000000000000000000000000         9.00000000000000000000000000000000000        -11355.1371119330240588730966137278490      
   6.00000000000000000000000000000000000         9.00000000000000000000000000000000000        -11355.1371119330240588730966137278490      
   6.00000000000000000000000000000000000         9.00000000000000000000000000000000000        -11355.1371119330240588730966137278490      
   6.00000000000000000000000000000000000         9.00000000000000000000000000000000000        -11355.1371119330240588730966137278490      
   6.00000000000000000000000000000000000         9.00000000000000000000000000000000000        -11355.1371119330240588730966137278490      
   6.00000000000000000000000000000000000         9.00000000000000000000000000000000000        -11355.1371119330240588730966137278490      
   6.00000000000000000000000000000000000         9.00000000000000000000000000000000000        -11355.1371119330240588730966137278490      
   6.00000000000000000000000000000000000         9.00000000000000000000000000000000000        -11355.1371119330240588730966137278490      
   6.00000000000000000000000000000000000         9.00000000000000000000000000000000000        -11355.1371119330240588730966137278490      
   6.00000000000000000000000000000000000         9.00000000000000000000000000000000000        -11355.1371119330240588730966137278490      
   6.00000000000000000000000000000000000         9.00000000000000000000000000000000000        -11355.1371119330240588730966137278490      
   6.00000000000000000000000000000000000         9.00000000000000000000000000000000000        -11355.1371119330240588730966137278490      
   6.00000000000000000000000000000000000         9.00000000000000000000000000000000000        -10420.8398708268155618691234659475193      
   6.00000000000000000000000000000000000         9.00000000000000000000000000000000000        -9286.51295935734499797664204309202702      
   6.00000000000000000000000000000000000         9.00000000000000000000000000000000000        -8275.51173486373395503249702336861826      
   6.00000000000000000000000000000000000         9.00000000000000000000000000000000000        -7374.42464458334635285120499719178151      
   6.00000000000000000000000000000000000         9.00000000000000000000000000000000000        -6571.29862953465255838307782044128781      
   6.00000000000000000000000000000000000         9.00000000000000000000000000000000000        -5855.48051468679629328973968778036979      
   6.00000000000000000000000000000000000         9.00000000000000000000000000000000000        -5217.47564779942390601873898343383264      
   6.00000000000000000000000000000000000         9.00000000000000000000000000000000000        -4648.82191115606653587662147889434686      
   6.00000000000000000000000000000000000         9.00000000000000000000000000000000000        -4141.97743440332312230404004490334626      
   6.00000000000000000000000000000000000         9.00000000000000000000000000000000000        -3690.22051851344188714002848394245888      
   6.00000000000000000000000000000000000         9.00000000000000000000000000000000000        -3287.56044292208637286880580054136740      
   6.00000000000000000000000000000000000         9.00000000000000000000000000000000000        -2928.65797230619459028515686686437393      
   6.00000000000000000000000000000000000         9.00000000000000000000000000000000000        -2608.75450817517070961996054255333235      
   6.00000000000000000000000000000000000         9.00000000000000000000000000000000000        -2323.60894516006937213564048551960258      
   6.00000000000000000000000000000000000         9.00000000000000000000000000000000000        -2069.44139412209396190142871350911395      
   6.00000000000000000000000000000000000         9.00000000000000000000000000000000000        -1842.88302532025043950177016630478497      
   6.00000000000000000000000000000000000         9.00000000000000000000000000000000000        -1640.93136608746500433611138303880839      
   6.00000000000000000000000000000000000         9.00000000000000000000000000000000000        -1460.91045984248720260595661928654462      
   6.00000000000000000000000000000000000         9.00000000000000000000000000000000000        -1300.43535777187239691938002896797748      
   6.00000000000000000000000000000000000         9.00000000000000000000000000000000000        -1157.38047200823709094679263737964214      
   6.00000000000000000000000000000000000         9.00000000000000000000000000000000000        -1029.85137037069003610294360985133180      
   6.00000000000000000000000000000000000         9.00000000000000000000000000000000000        -916.159638400781149574243443527130558      
   6.00000000000000000000000000000000000         9.00000000000000000000000000000000000        -814.800475128458215140376917516137676      
   6.00000000000000000000000000000000000         9.00000000000000000000000000000000000        -724.432725277457624782795690859800791      
   6.00000000000000000000000000000000000         9.00000000000000000000000000000000000        -643.861082949626415196530949146101266      
   6.00000000000000000000000000000000000         9.00000000000000000000000000000000000        -572.020230641878958547745111841356925      
   6.00000000000000000000000000000000000         9.00000000000000000000000000000000000        -507.960703130179889681193017368051184      
   6.00000000000000000000000000000000000         9.00000000000000000000000000000000000        -450.836288642882322527529242875450558      
   6.00000000000000000000000000000000000         9.00000000000000000000000000000000000        -399.892800144646151030819075437697683      
   6.00000000000000000000000000000000000         9.00000000000000000000000000000000000        -354.458067732696197374965895302957835      
   6.00000000000000000000000000000000000         9.00000000000000000000000000000000000        -313.933019350598815808391602924196640      
   6.00000000000000000000000000000000000         9.00000000000000000000000000000000000        -277.783731466047807410574685517845287      
   6.00000000000000000000000000000000000         9.00000000000000000000000000000000000        -245.534344229983589204603029048089155      
   6.00000000000000000000000000000000000         9.00000000000000000000000000000000000        -216.760747105511625316718999306063757      
   6.00000000000000000000000000000000000         9.00000000000000000000000000000000000        -191.084951178752254153845798066363365      
   6.00000000000000000000000000000000000         9.00000000000000000000000000000000000        -168.170073475606071774427919307278479      
   6.00000000000000000000000000000000000         9.00000000000000000000000000000000000        -147.715866729365698118410016942028829      
   6.00000000000000000000000000000000000         9.00000000000000000000000000000000000        -129.454735281906087805942516528150425      
   6.00000000000000000000000000000000000         9.00000000000000000000000000000000000        -113.148184251882777097832833457641765      
   6.00000000000000000000000000000000000         9.00000000000000000000000000000000000        -98.5836548525574163611220702601561950      
   6.00000000000000000000000000000000000         9.00000000000000000000000000000000000        -85.5717038658408807372851434686731731      
   6.00000000000000000000000000000000000         9.00000000000000000000000000000000000        -73.9434898458881619449631027976010791      
   6.00000000000000000000000000000000000         9.00000000000000000000000000000000000        -63.5485326956940383621244261578497985      
   6.00000000000000000000000000000000000         9.00000000000000000000000000000000000        -54.2527168876321491869142794535641053      
   6.00000000000000000000000000000000000         9.00000000000000000000000000000000000        -45.9365118318871980888357812435421703      
   6.00000000000000000000000000000000000         9.00000000000000000000000000000000000        -38.4933857781506222845051734744157302      
   6.00000000000000000000000000000000000         9.00000000000000000000000000000000000        -31.8283922040188852583979399884331797      
   6.00000000000000000000000000000000000         9.00000000000000000000000000000000000        -25.8569099323272984035795385005211303      
   6.00000000000000000000000000000000000         9.00000000000000000000000000000000000        -20.5035202595418511144564977180938411      
   6.00000000000000000000000000000000000         9.00000000000000000000000000000000000        -15.7010061953850256094191556659678731      
   6.00000000000000000000000000000000000         9.00000000000000000000000000000000000        -11.3894605342134573133097023894397600      
   6.00000000000000000000000000000000000         9.00000000000000000000000000000000000        -7.51549092279652633407598661015263765      
   6.00000000000000000000000000000000000         9.00000000000000000000000000000000000        -4.03151137622827437402679692452503193      
   6.00000000000000000000000000000000000         9.00000000000000000000000000000000000       -0.895110840819247845786369911670500607      
   6.00000000000000000000000000000000000         9.00000000000000000000000000000000000         1.93150957481851940995297425095152452      
   6.00000000000000000000000000000000000         9.00000000000000000000000000000000000         4.48203816809496778734678616551200932      
   6.00000000000000000000000000000000000         9.00000000000000000000000000000000000         6.78649966568083529240060044068896582      
   6.00000000000000000000000000000000000         9.00000000000000000000000000000000000         8.87165363338862646309937452072879504      
   6.00000000000000000000000000000000000         9.00000000000000000000000000000000000         10.7613495593527876733623668664316294      
   6.00000000000000000000000000000000000         9.00000000000000000000000000000000000         12.4768433222471538864854672248322220      
   6.00000000000000000000000000000000000         9.00000000000000000000000000000000000         14.0370792438806375883211839426324938      
   6.00000000000000000000000000000000000         9.00000000000000000000000000000000000         15.4589414688377396070054120483916937      
   6.00000000000000000000000000000000000         9.00000000000000000000000000000000000         16.7574780068189821047413037510188121      
   6.00000000000000000000000000000000000         9.00000000000000000000000000000000000         17.9461004105870011617143424600993590      
   6.00000000000000000000000000000000000         9.00000000000000000000000000000000000         19.0367617391233264109742163197535720      
   6.00000000000000000000000000000000000         9.00000000000000000000000000000000000         20.0401151674588141308593011353181949      
   6.00000000000000000000000000000000000         9.00000000000000000000000000000000000         20.9656553478338179729220485225684392      
   6.00000000000000000000000000000000000         9.00000000000000000000000000000000000         21.8218443979648067978559127100116357      
   6.00000000000000000000000000000000000         9.00000000000000000000000000000000000         22.6162241882051816662202408269063437      
   6.00000000000000000000000000000000000         9.00000000000000000000000000000000000         23.3555164175826943561759990707709511      
   6.00000000000000000000000000000000000         9.00000000000000000000000000000000000         24.0457118066616813252389684370757450      
   6.00000000000000000000000000000000000         9.00000000000000000000000000000000000         24.6921495907652045626143640536564471      
   6.00000000000000000000000000000000000         9.00000000000000000000000000000000000         25.2995883683838598980713070608711990      
   6.00000000000000000000000000000000000         9.00000000000000000000000000000000000         25.8722692448865926903473738008086465      
   6.00000000000000000000000000000000000         9.00000000000000000000000000000000000         26.4139721094121995553733322557228445      
   6.00000000000000000000000000000000000         9.00000000000000000000000000000000000         26.9280657917016745325647374858308781      
   6.00000000000000000000000000000000000         9.00000000000000000000000000000000000         27.4175527644220914225221429520005617      
   6.00000000000000000000000000000000000         9.00000000000000000000000000000000000         27.8851089841547006790440443986565361      
