   9.00000024402502676060367227971723669         6.00000000000000000000000000000000000        -919.295627854277373487699466397923110      
   9.00000168928689686303364248799988360         6.00000000000000000000000000000000000        -819.060838562666812823223270176433324      
   9.00000951553433110005883746539380551         6.00000000000000000000000000000000000        -729.695188803250599850899676788231334      
   9.00004460343136208623687892138122862         6.00000000000000000000000000000000000        -650.016672245775157798953312145625297      
   9.00017748497978502292635046853804419         6.00000000000000000000000000000000000        -578.971830408493347270373956091353705      
   9.00061023852044177786788109201399732         6.00000000000000000000000000000000000        -515.621782898167707826635469293610535      
   9.00184168909944265432050973483601211         6.00000000000000000000000000000000000        -459.129787084096529122257117232845048      
   9.00494759896496112725233896163412704         6.00000000000000000000000000000000000        -408.750165361315622041463640593609177      
   9.01197990591946953449061553230374087         6.00000000000000000000000000000000000        -363.818452919619064663029151541324768      
   9.02643770887286629075875145140434448         6.00000000000000000000000000000000000        -323.742628819286112183434665720644867      
   9.05370468415237033594744487631922601         6.00000000000000000000000000000000000        -287.995300057479216808625423723253380      
   9.10131102529223050549808218427310867         6.00000000000000000000000000000000000        -256.106715483268276991883682168665810      
   9.17888676126550683480698707856521562         6.00000000000000000000000000000000000        -227.658497414680699223104246330790112      
   9.29773350596595768400436887509369591         6.00000000000000000000000000000000000        -202.277996154172233743882316697126891      
   9.47003867739736136035106475225540074         6.00000000000000000000000000000000000        -179.633196724874026485175648589124731      
   9.70786273659811709507146181313002708         6.00000000000000000000000000000000000        -159.428135206924808806191318321406445      
   10.0221178956014579802598432634633723         6.00000000000000000000000000000000000        -141.398807132406164139861982103257355      
   10.4218048708354905038950239537272580         6.00000000000000000000000000000000000        -125.309563137062693876808910009538606      
   10.9137706460775489289133172439610460         6.00000000000000000000000000000000000        -110.949980881641695974393011371274270      
   11.5031924445153714705808848789996695         6.00000000000000000000000000000000000        -98.1321794192016659604037273975849469      
   12.1948902032723319325781357551320409         6.00000000000000000000000000000000000        -86.6885146443110473899125704025252961      
   12.9954428365377941599675105898802229         6.00000000000000000000000000000000000        -76.4695765928926532484327329403230887      
   13.9159591182674441497784832680631848         6.00000000000000000000000000000000000        -67.3424082815974708712687197537503011      
   14.9752527994383713813323201203534964         6.00000000000000000000000000000000000        -59.1888781187792553098868615951852383      
   16.2031030870192947713449642222541978         6.00000000000000000000000000000000000        -51.9041553828318667801101075418073736      
   17.6432508468016124231510045272740964         6.00000000000000000000000000000000000        -45.3952555501655938288419059994371178      
   19.3557941934417637342031975537780180         6.00000000000000000000000000000000000        -39.5796399590825997621649955244950221      
   21.4187028257771599457240101894256914         6.00000000000000000000000000000000000        -34.3838751547359200801210313437845816      
   23.9282474402096167627172544691487414         6.00000000000000000000000000000000000        -29.7423801824094617723974288407080924      
   26.9982182035785858985489970759383097         6.00000000000000000000000000000000000        -25.5963078583161117578180656312738895      
   30.7579197497417996222948675095831552         6.00000000000000000000000000000000000        -21.8926091780496251334020256237271243      
   35.3492016319845561291279316264880471         6.00000000000000000000000000000000000        -18.5833137471029319530160006256004479      
   40.9233443420389810671434959268547767         6.00000000000000000000000000000000000        -15.6250272306371355372836856719390666      
   47.6394158983142033090757860730854506         6.00000000000000000000000000000000000        -12.9786096255652212758585728198376826      
   55.6663215583875172093578550893721553         6.00000000000000000000000000000000000        -10.6089674671847442064730568564468566      
   65.1904822005060793122034087223134394         6.00000000000000000000000000000000000        -8.48487833228861885939007332750093298      
   76.4293477815249058949519195808421548         6.00000000000000000000000000000000000        -6.57877214863737979876342902717207702      
   89.6479740852666886599042455131304886         6.00000000000000000000000000000000000        -4.86642019287883762016409779099638137      
   105.172819542887088674010833149158932         6.00000000000000000000000000000000000        -3.32652292814117604043132732117580209      
   123.395403469686593999784898266671685         6.00000000000000000000000000000000000        -1.94023099844397004435623698302894917      
   144.759698002109213021801984191489999         6.00000000000000000000000000000000000       -0.690665705992883868298849196144244251      
   169.731048599537720148422496054437516         6.00000000000000000000000000000000000        0.437487089084237007692457118882802674      
   198.749673064248816931852784414698924         6.00000000000000000000000000000000000         1.45825750925802294894753087727455849      
   232.176406013338832563865214010404315         6.00000000000000000000000000000000000         2.38453627417247991707102393936842864      
   270.240717073533700859220852537992513         6.00000000000000000000000000000000000         3.22811409240050126919458336820170188      
   313.000532786831178045391709717498563         6.00000000000000000000000000000000000         3.99966816737017607922403412989965813      
   360.320519050565863469712982218558578         6.00000000000000000000000000000000000         4.70874532555712595322993988594080248      
   411.871400721714766642509397692228680         6.00000000000000000000000000000000000         5.36377269733474417459924995338678891      
   467.148887735117508363717386454891534         6.00000000000000000000000000000000000         5.97210567552085204026733489108943144      
   525.507788659332560409722935317518136         6.00000000000000000000000000000000000         6.54010786444234750927825821558622498      
   586.205346464842233107561714050643710         6.00000000000000000000000000000000000         7.07325108253760647329781099432524624      
   648.447673664164460933993265932059007         6.00000000000000000000000000000000000         7.57622311448349920947356957054361089      
   711.434038468349999863343127954113643         6.00000000000000000000000000000000000         8.05303368171751827942923477937246453      
   774.395196652402534522478071512889814         6.00000000000000000000000000000000000         8.50711261915513103027377044448009132      
   836.623553002554735007174287458056850         6.00000000000000000000000000000000000         8.94139726342487047405395013163603382      
   897.494368430119609114483846792911904         6.00000000000000000000000000000000000         9.35840818167513150317268126981399758      
   956.478337690322979354307249210854524         6.00000000000000000000000000000000000         9.76031365505827937592267600342075191      
   1013.14659751689677418415307318706842         6.00000000000000000000000000000000000         10.1489839893677217802393510155210029      
   1067.16961413257478147229209653390012         6.00000000000000000000000000000000000         10.5260369761268308960753779580753131      
   1118.31151265005305751332399570909878         6.00000000000000000000000000000000000         10.8928758419600631910947358943076593      
   1166.42133188720447203173934733331392         6.00000000000000000000000000000000000         11.2507209182587041728521807954093028      
   1211.42249396949863017294926888106432         6.00000000000000000000000000000000000         11.6006361079931094267322613180791820      
   1253.30153112785433487140883026208646         6.00000000000000000000000000000000000         11.9435510617635436193352836299862336      
   1292.09685691763950411156837922960738         6.00000000000000000000000000000000000         12.2802798208138726977542630625083318      
   1327.88813383682412408438238101761365         6.00000000000000000000000000000000000         12.6115365491708043473274729777496792      
   1360.78658892455310203500421408662416         6.00000000000000000000000000000000000         12.9379488624245786967247580436948111      
   1390.92646874063256971804342659059393         6.00000000000000000000000000000000000         13.2600691659109938392199284813688559      
   1418.45770433483349742727367750343766         6.00000000000000000000000000000000000         13.5783843378346587625017535238195492      
   1443.53977107561251073809026946151061         6.00000000000000000000000000000000000         13.8933240304653128615456632021157868      
   1466.33667160931100207648059703032816         6.00000000000000000000000000000000000         14.2052678123218626725208380301364995      
   1487.01293654776491441908449848792345         6.00000000000000000000000000000000000         14.5145513339154125844230468496506372      
   1505.73052096246078609664804922661477         6.00000000000000000000000000000000000         14.8214716671984406989527832799980574      
   1522.64647043909842512007794361980363         6.00000000000000000000000000000000000         15.1262919427594007807134938289489051      
   1537.91123429695006090461006467427159         6.00000000000000000000000000000000000         15.4292453877186340775432400123929302      
   1551.66751249299175887976886923048464         6.00000000000000000000000000000000000         15.7305388501928843246998760227718314      
   1564.04953440826533356707315263000065         6.00000000000000000000000000000000000         16.0303558822865475837148820320027880      
   1575.18268052075796890836755665750693         6.00000000000000000000000000000000000         16.3288594421946305306572637484470820      
   1585.18337080408379727261748140938286         6.00000000000000000000000000000000000         16.6261942666581752650897005745209209      
   1594.15915585752114044270973478400307         6.00000000000000000000000000000000000         16.9224889572979305164899485749975784      
   1602.20895786984795412747606745904876         6.00000000000000000000000000000000000         17.2178578179507687014098671356735408      
   1609.42341835522023306787177761873032         6.00000000000000000000000000000000000         17.5124024747960802952692514483190640      
   1615.88531812354673511155675862322146         6.00000000000000000000000000000000000         17.8062133065879442096808770562988095      
   1621.67004220034471881562169519422905         6.00000000000000000000000000000000000         18.0993707085454192646421442517278046      
   1626.84606848542686418974794086855545         6.00000000000000000000000000000000000         18.3919462102715906168144289595381273      
   1631.47546395724429370374539766125786         6.00000000000000000000000000000000000         18.6840034653706554494391583917663529      
   1635.61437632188337227816348483868122         6.00000000000000000000000000000000000         18.9755991281295615664716726300164875      
   1639.31351230323522603805435410699979         6.00000000000000000000000000000000000         19.2667836306602426579653669240098435      
   1642.61859639664093354866112045677584         6.00000000000000000000000000000000000         19.5576018722063588563707436834139648      
   1645.57080597384884331417818406793581         6.00000000000000000000000000000000000         19.8480938308605004069137672863295758      
   1648.20718023086718594328314329342020         6.00000000000000000000000000000000000         20.1382951066777535249941700387505647      
   1650.56100169745718369868389316633862         6.00000000000000000000000000000000000         20.4282374040793865008280491155831570      
   1652.66214995012136374406229177569451         6.00000000000000000000000000000000000         20.7179489604913187104361494345747847      
   1654.53742785041750160259139768396656         6.00000000000000000000000000000000000         21.0074549273352521064106378102675410      
   1656.21086111785128749718501709602612         6.00000000000000000000000000000000000         21.2967777087685132814280778733457319      
   1657.70397238304765975630481576859845         6.00000000000000000000000000000000000         21.5859372629371743184613909142322387      
   1659.03603108624061960674294429852383         6.00000000000000000000000000000000000         21.8749513699535624694232169472367197      
   1660.22428071571390815266021284383664         6.00000000000000000000000000000000000         22.1638358703233774689482908375152849      
   1661.28414494259610064694339690499479         6.00000000000000000000000000000000000         22.4526048771204120061810798572192469      
   1662.22941421979753351121407331407185         6.00000000000000000000000000000000000         22.7412709648307130604219317331544593      
   1663.07241438762560620758543157267382         6.00000000000000000000000000000000000         23.0298453374564120548264880289045380      
   1663.82415877748772539957980644944395         6.00000000000000000000000000000000000         23.3183379781767846459747380398213518      
