   9.00000000000000000000000000000000000         6.00000000000000000000000000000000000        -11355.1371119330240588730966137278490      
   9.00000000000000000000000000000000000         6.00000000000000000000000000000000000        -11355.1371119330240588730966137278490      
   9.00000000000000000000000000000000000         6.00000000000000000000000000000000000        -11355.1371119330240588730966137278490      
   9.00000000000000000000000000000000000         6.00000000000000000000000000000000000        -11355.1371119330240588730966137278490      
   9.00000000000000000000000000000000000         6.00000000000000000000000000000000000        -11355.1371119330240588730966137278490      
   9.00000000000000000000000000000000000         6.00000000000000000000000000000000000        -11355.1371119330240588730966137278490      
   9.00000000000000000000000000000000000         6.00000000000000000000000000000000000        -11355.1371119330240588730966137278490      
   9.00000000000000000000000000000000000         6.00000000000000000000000000000000000        -11355.1371119330240588730966137278490      
   9.00000000000000000000000000000000000         6.00000000000000000000000000000000000        -11355.1371119330240588730966137278490      
   9.00000000000000000000000000000000000         6.00000000000000000000000000000000000        -11355.1371119330240588730966137278490      
   9.00000000000000000000000000000000000         6.00000000000000000000000000000000000        -11355.1371119330240588730966137278490      
   9.00000000000000000000000000000000000         6.00000000000000000000000000000000000        -11355.1371119330240588730966137278490      
   9.00000000000000000000000000000000000         6.00000000000000000000000000000000000        -11355.1371119330240588730966137278490      
   9.00000000000000000000000000000000000         6.00000000000000000000000000000000000        -10364.5615637691771207166997885334300      
   9.00000000000000000000000000000000000         6.00000000000000000000000000000000000        -9236.75605825681117585328686553030904      
   9.00000000000000000000000000000000000         6.00000000000000000000000000000000000        -8231.56704294042062127870411277752462      
   9.00000000000000000000000000000000000         6.00000000000000000000000000000000000        -7335.66008954186034458620822367734129      
   9.00000000000000000000000000000000000         6.00000000000000000000000000000000000        -6537.15087634875636926649155215259008      
   9.00000000000000000000000000000000000         6.00000000000000000000000000000000000        -5825.44749048587214764328899937957165      
   9.00000000000000000000000000000000000         6.00000000000000000000000000000000000        -5191.10987966652220862753190851527632      
   9.00000000000000000000000000000000000         6.00000000000000000000000000000000000        -4625.72458843416651640424815383029431      
   9.00000000000000000000000000000000000         6.00000000000000000000000000000000000        -4121.79311672021728376001841279117428      
   9.00000000000000000000000000000000000         6.00000000000000000000000000000000000        -3672.63241930394969014001161260842110      
   9.00000000000000000000000000000000000         6.00000000000000000000000000000000000        -3272.28622586280249476010644792240840      
   9.00000000000000000000000000000000000         6.00000000000000000000000000000000000        -2915.44600488401480467817602309073485      
   9.00000000000000000000000000000000000         6.00000000000000000000000000000000000        -2597.38052267672592272938517931142707      
   9.00000000000000000000000000000000000         6.00000000000000000000000000000000000        -2313.87306277542626918092447437626279      
   9.00000000000000000000000000000000000         6.00000000000000000000000000000000000        -2061.16547267438641946960012547704947      
   9.00000000000000000000000000000000000         6.00000000000000000000000000000000000        -1835.90829542722533748074204821312470      
   9.00000000000000000000000000000000000         6.00000000000000000000000000000000000        -1635.11632438824233417738980149863920      
   9.00000000000000000000000000000000000         6.00000000000000000000000000000000000        -1456.12899133393357874325729494719071      
   9.00000000000000000000000000000000000         6.00000000000000000000000000000000000        -1296.57506233913244920970732406907390      
   9.00000000000000000000000000000000000         6.00000000000000000000000000000000000        -1154.34117294349963000293637387385856      
   9.00000000000000000000000000000000000         6.00000000000000000000000000000000000        -1027.54378508913918926978190610427762      
   9.00000000000000000000000000000000000         6.00000000000000000000000000000000000        -914.504193714940764643988589765314468      
   9.00000000000000000000000000000000000         6.00000000000000000000000000000000000        -813.726251360339879047078290451384137      
   9.00000000000000000000000000000000000         6.00000000000000000000000000000000000        -723.876515197522021238376677502713817      
   9.00000000000000000000000000000000000         6.00000000000000000000000000000000000        -643.766553055249793566952986311587221      
   9.00000000000000000000000000000000000         6.00000000000000000000000000000000000        -572.337173645999541265180706995632208      
   9.00000000000000000000000000000000000         6.00000000000000000000000000000000000        -508.644371741102717224152973870551308      
   9.00000000000000000000000000000000000         6.00000000000000000000000000000000000        -451.846801794905317862372574363401021      
   9.00000000000000000000000000000000000         6.00000000000000000000000000000000000        -401.194613800548564458497576220836320      
   9.00000000000000000000000000000000000         6.00000000000000000000000000000000000        -356.019503235959974957044872163910051      
   9.00000000000000000000000000000000000         6.00000000000000000000000000000000000        -315.725843068883425279602331656656517      
   9.00000000000000000000000000000000000         6.00000000000000000000000000000000000        -279.782780148042826131957265134837125      
   9.00000000000000000000000000000000000         6.00000000000000000000000000000000000        -247.717191104352107797626156718254380      
   9.00000000000000000000000000000000000         6.00000000000000000000000000000000000        -219.107404291260312303328062186085570      
   9.00000000000000000000000000000000000         6.00000000000000000000000000000000000        -193.577604458194497192743603257512847      
   9.00000000000000000000000000000000000         6.00000000000000000000000000000000000        -170.792845910516558854405771492468200      
   9.00000000000000000000000000000000000         6.00000000000000000000000000000000000        -150.454607983656428384618522782367618      
   9.00000000000000000000000000000000000         6.00000000000000000000000000000000000        -132.296833855263722701753248088570791      
   9.00000000000000000000000000000000000         6.00000000000000000000000000000000000        -116.082400132821779608946226962106871      
   9.00000000000000000000000000000000000         6.00000000000000000000000000000000000        -101.599970370296667548817107903933608      
   9.00000000000000000000000000000000000         6.00000000000000000000000000000000000        -88.6611907618987933360496370883235077      
   9.00000000000000000000000000000000000         6.00000000000000000000000000000000000        -77.0981908015171207340182814157751926      
   9.00000000000000000000000000000000000         6.00000000000000000000000000000000000        -66.7613557430952020348752274457301843      
   9.00000000000000000000000000000000000         6.00000000000000000000000000000000000        -57.5173413038515861145530421122110194      
   9.00000000000000000000000000000000000         6.00000000000000000000000000000000000        -49.2473042666625332079586489544464993      
   9.00000000000000000000000000000000000         6.00000000000000000000000000000000000        -41.8453255027756778383293969841990240      
   9.00000000000000000000000000000000000         6.00000000000000000000000000000000000        -35.2170044893241652947745996330389269      
   9.00000000000000000000000000000000000         6.00000000000000000000000000000000000        -29.2782066717425952191445356436719083      
   9.00000000000000000000000000000000000         6.00000000000000000000000000000000000        -23.9539470493450897393050117907634537      
   9.00000000000000000000000000000000000         6.00000000000000000000000000000000000        -19.1773951699244006497077173464188362      
   9.00000000000000000000000000000000000         6.00000000000000000000000000000000000        -14.8889883302549155425114392570414892      
   9.00000000000000000000000000000000000         6.00000000000000000000000000000000000        -11.0356412152090254882949085662075619      
   9.00000000000000000000000000000000000         6.00000000000000000000000000000000000        -7.57004148787812351540977368589729715      
   9.00000000000000000000000000000000000         6.00000000000000000000000000000000000        -4.45002198360711382652794019402841897      
   9.00000000000000000000000000000000000         6.00000000000000000000000000000000000        -1.63800117733870217601747026251915697      
   9.00000000000000000000000000000000000         6.00000000000000000000000000000000000        0.899515500390921797268336952637302990      
   9.00000000000000000000000000000000000         6.00000000000000000000000000000000000         3.19238011603876498369908586229934627      
   9.00000000000000000000000000000000000         6.00000000000000000000000000000000000         5.26719835183986569143763737033101971      
   9.00000000000000000000000000000000000         6.00000000000000000000000000000000000         7.14768254704589014017036352162940644      
   9.00000000000000000000000000000000000         6.00000000000000000000000000000000000         8.85496634626023148563529946609871942      
   9.00000000000000000000000000000000000         6.00000000000000000000000000000000000         10.4078851300618490463640705863117231      
   9.00000000000000000000000000000000000         6.00000000000000000000000000000000000         11.8232259490618464460192301922185440      
   9.00000000000000000000000000000000000         6.00000000000000000000000000000000000         13.1159502778658684553855596278750363      
   9.00000000000000000000000000000000000         6.00000000000000000000000000000000000         14.2993925447520601868698021998789445      
   9.00000000000000000000000000000000000         6.00000000000000000000000000000000000         15.3854370714327956169812655543073834      
   9.00000000000000000000000000000000000         6.00000000000000000000000000000000000         16.3846757707833112933962147899841270      
   9.00000000000000000000000000000000000         6.00000000000000000000000000000000000         17.3065486950902926872037185637521248      
   9.00000000000000000000000000000000000         6.00000000000000000000000000000000000         18.1594692998102798342187490013408191      
   9.00000000000000000000000000000000000         6.00000000000000000000000000000000000         18.9509360850118605216547254252836480      
   9.00000000000000000000000000000000000         6.00000000000000000000000000000000000         19.6876320959157595700664789083701173      
   9.00000000000000000000000000000000000         6.00000000000000000000000000000000000         20.3755136028445382202381307559598339      
   9.00000000000000000000000000000000000         6.00000000000000000000000000000000000         21.0198891373109573651118078636952187      
   9.00000000000000000000000000000000000         6.00000000000000000000000000000000000         21.6254899330058777018523453903782350      
   9.00000000000000000000000000000000000         6.00000000000000000000000000000000000         22.1965327063948088101925527782171082      
   9.00000000000000000000000000000000000         6.00000000000000000000000000000000000         22.7367756099834801146956238100200361      
   9.00000000000000000000000000000000000         6.00000000000000000000000000000000000         23.2495681007182726514762285701876684      
   9.00000000000000000000000000000000000         6.00000000000000000000000000000000000         23.7378953852448871095713274998058629      
   9.00000000000000000000000000000000000         6.00000000000000000000000000000000000         24.2044180317868273197972066892610202      
   9.00000000000000000000000000000000000         6.00000000000000000000000000000000000         24.6515072742692599041225033430428468      
   9.00000000000000000000000000000000000         6.00000000000000000000000000000000000         25.0812764771525241781210209761417786      
   9.00000000000000000000000000000000000         6.00000000000000000000000000000000000         25.4956091784945160736459221268150670      
   9.00000000000000000000000000000000000         6.00000000000000000000000000000000000         25.8961840833563459530634621260577369      
   9.00000000000000000000000000000000000         6.00000000000000000000000000000000000         26.2844973391985782934521191082753784      
   9.00000000000000000000000000000000000         6.00000000000000000000000000000000000         26.6618823888490276060525674041277625      
   9.00000000000000000000000000000000000         6.00000000000000000000000000000000000         27.0295276644789312885157377782225988      
   9.00000000000000000000000000000000000         6.00000000000000000000000000000000000         27.3884923573758129956092567404422616      
   9.00000000000000000000000000000000000         6.00000000000000000000000000000000000         27.7397204727683412744420311564710510      
   9.00000000000000000000000000000000000         6.00000000000000000000000000000000000         28.0840533562021701285955582388819091      
