   5.00000000000000000000000000000000000         4.00000000000000000000000000000000000        -11355.1371119330240588730966137278490      
   5.00000000000000000000000000000000000         4.00000000000000000000000000000000000        -11355.1371119330240588730966137278490      
   5.00000000000000000000000000000000000         4.00000000000000000000000000000000000        -11355.1371119330240588730966137278490      
   5.00000000000000000000000000000000000         4.00000000000000000000000000000000000        -11355.1371119330240588730966137278490      
   5.00000000000000000000000000000000000         4.00000000000000000000000000000000000        -11355.1371119330240588730966137278490      
   5.00000000000000000000000000000000000         4.00000000000000000000000000000000000        -11355.1371119330240588730966137278490      
   5.00000000000000000000000000000000000         4.00000000000000000000000000000000000        -11355.1371119330240588730966137278490      
   5.00000000000000000000000000000000000         4.00000000000000000000000000000000000        -11355.1371119330240588730966137278490      
   5.00000000000000000000000000000000000         4.00000000000000000000000000000000000        -11355.1371119330240588730966137278490      
   5.00000000000000000000000000000000000         4.00000000000000000000000000000000000        -11355.1371119330240588730966137278490      
   5.00000000000000000000000000000000000         4.00000000000000000000000000000000000        -11355.1371119330240588730966137278490      
   5.00000000000000000000000000000000000         4.00000000000000000000000000000000000        -11355.1371119330240588730966137278490      
   5.00000000000000000000000000000000000         4.00000000000000000000000000000000000        -11355.1371119330240588730966137278490      
   5.00000000000000000000000000000000000         4.00000000000000000000000000000000000        -11355.1371119330240588730966137278490      
   5.00000000000000000000000000000000000         4.00000000000000000000000000000000000        -11355.1371119330240588730966137278490      
   5.00000000000000000000000000000000000         4.00000000000000000000000000000000000        -11355.1371119330240588730966137278490      
   5.00000000000000000000000000000000000         4.00000000000000000000000000000000000        -11355.1371119330240588730966137278490      
   5.00000000000000000000000000000000000         4.00000000000000000000000000000000000        -11355.1371119330240588730966137278490      
   5.00000000000000000000000000000000000         4.00000000000000000000000000000000000        -11355.1371119330240588730966137278490      
   5.00000000000000000000000000000000000         4.00000000000000000000000000000000000        -11355.1371119330240588730966137278490      
   5.00000000000000000000000000000000000         4.00000000000000000000000000000000000        -11355.1371119330240588730966137278490      
   5.00000000000000000000000000000000000         4.00000000000000000000000000000000000        -11355.1371119330240588730966137278490      
   5.00000000000000000000000000000000000         4.00000000000000000000000000000000000        -11355.1371119330240588730966137278490      
   5.00000000000000000000000000000000000         4.00000000000000000000000000000000000        -11355.1371119330240588730966137278490      
   5.00000000000000000000000000000000000         4.00000000000000000000000000000000000        -11355.1371119330240588730966137278490      
   5.00000000000000000000000000000000000         4.00000000000000000000000000000000000        -11355.1371119330240588730966137278490      
   5.00000000000000000000000000000000000         4.00000000000000000000000000000000000        -11355.1371119330240588730966137278490      
   5.00000000000000000000000000000000000         4.00000000000000000000000000000000000        -11355.1371119330240588730966137278490      
   5.00000000000000000000000000000000000         4.00000000000000000000000000000000000        -11355.1371119330240588730966137278490      
   5.00000000000000000000000000000000000         4.00000000000000000000000000000000000        -11355.1371119330240588730966137278490      
   5.00000000000000000000000000000000000         4.00000000000000000000000000000000000        -11355.1371119330240588730966137278490      
   5.00000000000000000000000000000000000         4.00000000000000000000000000000000000        -11355.1371119330240588730966137278490      
   5.00000000000000000000000000000000000         4.00000000000000000000000000000000000        -11355.1371119330240588730966137278490      
   5.00000000000000000000000000000000000         4.00000000000000000000000000000000000        -11355.1371119330240588730966137278490      
   5.00000000000000000000000000000000000         4.00000000000000000000000000000000000        -10559.4811538605829202530568026515441      
   5.00000000000000000000000000000000000         4.00000000000000000000000000000000000        -9409.80118807024528416656859146920249      
   5.00000000000000000000000000000000000         4.00000000000000000000000000000000000        -8385.11653950994310776965807200756644      
   5.00000000000000000000000000000000000         4.00000000000000000000000000000000000        -7471.83408469323516153893288830690819      
   5.00000000000000000000000000000000000         4.00000000000000000000000000000000000        -6657.83893956066284987538417960816504      
   5.00000000000000000000000000000000000         4.00000000000000000000000000000000000        -5932.33370232885214009037986840023365      
   5.00000000000000000000000000000000000         4.00000000000000000000000000000000000        -5285.69517852896394852169995288478751      
   5.00000000000000000000000000000000000         4.00000000000000000000000000000000000        -4709.34668706280197084025367384847789      
   5.00000000000000000000000000000000000         4.00000000000000000000000000000000000        -4195.64425285552478794588835657743867      
   5.00000000000000000000000000000000000         4.00000000000000000000000000000000000        -3737.77517595060901736700879459923468      
   5.00000000000000000000000000000000000         4.00000000000000000000000000000000000        -3329.66763112057946709077626152937791      
   5.00000000000000000000000000000000000         4.00000000000000000000000000000000000        -2965.91009843526472938118681021050987      
   5.00000000000000000000000000000000000         4.00000000000000000000000000000000000        -2641.67955568017007599183388175533450      
   5.00000000000000000000000000000000000         4.00000000000000000000000000000000000        -2352.67747978198718551499932218751828      
   5.00000000000000000000000000000000000         4.00000000000000000000000000000000000        -2095.07280801904046548639355945223333      
   5.00000000000000000000000000000000000         4.00000000000000000000000000000000000        -1865.45110214658732367651867993371506      
   5.00000000000000000000000000000000000         4.00000000000000000000000000000000000        -1660.76924087580118533974789665421897      
   5.00000000000000000000000000000000000         4.00000000000000000000000000000000000        -1478.31503950316059294522852697533846      
   5.00000000000000000000000000000000000         4.00000000000000000000000000000000000        -1315.67126086726005298495776126985940      
   5.00000000000000000000000000000000000         4.00000000000000000000000000000000000        -1170.68354008030516730640065911537895      
   5.00000000000000000000000000000000000         4.00000000000000000000000000000000000        -1041.43179741496677713133455648175901      
   5.00000000000000000000000000000000000         4.00000000000000000000000000000000000        -926.204760012971183383233711324872898      
   5.00000000000000000000000000000000000         4.00000000000000000000000000000000000        -823.477254333979135604090635340055826      
   5.00000000000000000000000000000000000         4.00000000000000000000000000000000000        -731.889968029346510841566092931339610      
   5.00000000000000000000000000000000000         4.00000000000000000000000000000000000        -650.231412693127449535759198022813308      
   5.00000000000000000000000000000000000         4.00000000000000000000000000000000000        -577.421848146984548417806742863368122      
   5.00000000000000000000000000000000000         4.00000000000000000000000000000000000        -512.498954944033899121486727273171482      
   5.00000000000000000000000000000000000         4.00000000000000000000000000000000000        -454.605064974455871213890075330888591      
   5.00000000000000000000000000000000000         4.00000000000000000000000000000000000        -402.975780730766322785001519565132633      
   5.00000000000000000000000000000000000         4.00000000000000000000000000000000000        -356.929832217312915587661539328660236      
   5.00000000000000000000000000000000000         4.00000000000000000000000000000000000        -315.860036911348130420586261983022562      
   5.00000000000000000000000000000000000         4.00000000000000000000000000000000000        -279.225242819854826510175292812483839      
   5.00000000000000000000000000000000000         4.00000000000000000000000000000000000        -246.543147721383531031787975928314231      
   5.00000000000000000000000000000000000         4.00000000000000000000000000000000000        -217.383899308603411844652495932880622      
   5.00000000000000000000000000000000000         4.00000000000000000000000000000000000        -191.364391309346909702339895620700154      
   5.00000000000000000000000000000000000         4.00000000000000000000000000000000000        -168.143179899139765381900383630196349      
   5.00000000000000000000000000000000000         4.00000000000000000000000000000000000        -147.415952949099321408771281263594723      
   5.00000000000000000000000000000000000         4.00000000000000000000000000000000000        -128.911491988873432029867320257054690      
   5.00000000000000000000000000000000000         4.00000000000000000000000000000000000        -112.388073302321547894388219647854775      
   5.00000000000000000000000000000000000         4.00000000000000000000000000000000000        -97.6302604006642291870804853937547542      
   5.00000000000000000000000000000000000         4.00000000000000000000000000000000000        -84.4460453111685600301218510917407822      
   5.00000000000000000000000000000000000         4.00000000000000000000000000000000000        -72.6643007480071705158597425374001737      
   5.00000000000000000000000000000000000         4.00000000000000000000000000000000000        -62.1325093571461355984934109002664803      
   5.00000000000000000000000000000000000         4.00000000000000000000000000000000000        -52.7147399037210429827889326207428713      
   5.00000000000000000000000000000000000         4.00000000000000000000000000000000000        -44.2898435471373067127562190912382338      
   5.00000000000000000000000000000000000         4.00000000000000000000000000000000000        -36.7498462695611864615089495366417278      
   5.00000000000000000000000000000000000         4.00000000000000000000000000000000000        -29.9985161263042913924249239389700720      
   5.00000000000000000000000000000000000         4.00000000000000000000000000000000000        -23.9500863063846584622132347060898719      
   5.00000000000000000000000000000000000         4.00000000000000000000000000000000000        -18.5281170590538734798723550908621369      
   5.00000000000000000000000000000000000         4.00000000000000000000000000000000000        -13.6644813847467026206863330285629776      
   5.00000000000000000000000000000000000         4.00000000000000000000000000000000000        -9.29846103118839396452678125534721995      
   5.00000000000000000000000000000000000         4.00000000000000000000000000000000000        -5.37594079907723343403366029964135017      
   5.00000000000000000000000000000000000         4.00000000000000000000000000000000000        -1.84869046626827374674290457257245512      
   5.00000000000000000000000000000000000         4.00000000000000000000000000000000000         1.32627519797156831142266746562298968      
   5.00000000000000000000000000000000000         4.00000000000000000000000000000000000         4.18726682085904866510595153549298528      
   5.00000000000000000000000000000000000         4.00000000000000000000000000000000000         6.76842878484159323660192677319535657      
   5.00000000000000000000000000000000000         4.00000000000000000000000000000000000         9.10019230280746777336686104850750854      
   5.00000000000000000000000000000000000         4.00000000000000000000000000000000000         11.2096792217918868507092811878134759      
   5.00000000000000000000000000000000000         4.00000000000000000000000000000000000         13.1210619134089054037092152873855135      
   5.00000000000000000000000000000000000         4.00000000000000000000000000000000000         14.8558840265364674138920127514474808      
   5.00000000000000000000000000000000000         4.00000000000000000000000000000000000         16.4333463584478644690399002203008676      
   5.00000000000000000000000000000000000         4.00000000000000000000000000000000000         17.8705616377258335599181351143869221      
   5.00000000000000000000000000000000000         4.00000000000000000000000000000000000         19.1827815997737671911067923167522845      
   5.00000000000000000000000000000000000         4.00000000000000000000000000000000000         20.3835993680781065921292641833566501      
   5.00000000000000000000000000000000000         4.00000000000000000000000000000000000         21.4851298266983103585845595749590871      
   5.00000000000000000000000000000000000         4.00000000000000000000000000000000000         22.4981703774177525231613105690707289      
   5.00000000000000000000000000000000000         4.00000000000000000000000000000000000         23.4323442147052721695217371674898854      
