   5.00000000000000000000000000000000000         4.00000000000000000000000000000000000        -11355.1371119330240588730966137278490      
   5.00000000000000000000000000000000000         4.00000000000000000000000000000000000        -11355.1371119330240588730966137278490      
   5.00000000000000000000000000000000000         4.00000000000000000000000000000000000        -11355.1371119330240588730966137278490      
   5.00000000000000000000000000000000000         4.00000000000000000000000000000000000        -11355.1371119330240588730966137278490      
   5.00000000000000000000000000000000000         4.00000000000000000000000000000000000        -11355.1371119330240588730966137278490      
   5.00000000000000000000000000000000000         4.00000000000000000000000000000000000        -11355.1371119330240588730966137278490      
   5.00000000000000000000000000000000000         4.00000000000000000000000000000000000        -11355.1371119330240588730966137278490      
   5.00000000000000000000000000000000000         4.00000000000000000000000000000000000        -11355.1371119330240588730966137278490      
   5.00000000000000000000000000000000000         4.00000000000000000000000000000000000        -11355.1371119330240588730966137278490      
   5.00000000000000000000000000000000000         4.00000000000000000000000000000000000        -11355.1371119330240588730966137278490      
   5.00000000000000000000000000000000000         4.00000000000000000000000000000000000        -11355.1371119330240588730966137278490      
   5.00000000000000000000000000000000000         4.00000000000000000000000000000000000        -11355.1371119330240588730966137278490      
   5.00000000000000000000000000000000000         4.00000000000000000000000000000000000        -11355.1371119330240588730966137278490      
   5.00000000000000000000000000000000000         4.00000000000000000000000000000000000        -11355.1371119330240588730966137278490      
   5.00000000000000000000000000000000000         4.00000000000000000000000000000000000        -11355.1371119330240588730966137278490      
   5.00000000000000000000000000000000000         4.00000000000000000000000000000000000        -11355.1371119330240588730966137278490      
   5.00000000000000000000000000000000000         4.00000000000000000000000000000000000        -10324.4182202922272201712379754749366      
   5.00000000000000000000000000000000000         4.00000000000000000000000000000000000        -9200.86453693662119347501312029618804      
   5.00000000000000000000000000000000000         4.00000000000000000000000000000000000        -8199.46496210622076121536219860355655      
   5.00000000000000000000000000000000000         4.00000000000000000000000000000000000        -7306.93535109580117762080854996319795      
   5.00000000000000000000000000000000000         4.00000000000000000000000000000000000        -6511.43619747452645954813800079201992      
   5.00000000000000000000000000000000000         4.00000000000000000000000000000000000        -5802.41553002887352383483333371253822      
   5.00000000000000000000000000000000000         4.00000000000000000000000000000000000        -5170.46889451562964534564648021854539      
   5.00000000000000000000000000000000000         4.00000000000000000000000000000000000        -4607.21456226789559895357317482844822      
   5.00000000000000000000000000000000000         4.00000000000000000000000000000000000        -4105.18230974811494197022009679261220      
   5.00000000000000000000000000000000000         4.00000000000000000000000000000000000        -3657.71429322037170761571478458202229      
   5.00000000000000000000000000000000000         4.00000000000000000000000000000000000        -3258.87670320908290936951400140009331      
   5.00000000000000000000000000000000000         4.00000000000000000000000000000000000        -2903.38102645242830190538960674368047      
   5.00000000000000000000000000000000000         4.00000000000000000000000000000000000        -2586.51387054447783698008446227345865      
   5.00000000000000000000000000000000000         4.00000000000000000000000000000000000        -2304.07442008165388716920231901059806      
   5.00000000000000000000000000000000000         4.00000000000000000000000000000000000        -2052.31869439459120319254882406783263      
   5.00000000000000000000000000000000000         4.00000000000000000000000000000000000        -1827.90986719936339808578848577512795      
   5.00000000000000000000000000000000000         4.00000000000000000000000000000000000        -1627.87398894003173954430112771481014      
   5.00000000000000000000000000000000000         4.00000000000000000000000000000000000        -1449.56052428490339647165027793837504      
   5.00000000000000000000000000000000000         4.00000000000000000000000000000000000        -1290.60718113305049477266466596967343      
   5.00000000000000000000000000000000000         4.00000000000000000000000000000000000        -1148.90856443337512998073435470583637      
   5.00000000000000000000000000000000000         4.00000000000000000000000000000000000        -1022.58823887144414963328910645983443      
   5.00000000000000000000000000000000000         4.00000000000000000000000000000000000        -909.973829712921716824214596903307996      
   5.00000000000000000000000000000000000         4.00000000000000000000000000000000000        -809.574831406919843458797480695391341      
   5.00000000000000000000000000000000000         4.00000000000000000000000000000000000        -720.062829482916054959890091792704302      
   5.00000000000000000000000000000000000         4.00000000000000000000000000000000000        -640.253873297826753013171012836934610      
   5.00000000000000000000000000000000000         4.00000000000000000000000000000000000        -569.092765730299629302388522090333348      
   5.00000000000000000000000000000000000         4.00000000000000000000000000000000000        -505.639061356013411314017812702283547      
   5.00000000000000000000000000000000000         4.00000000000000000000000000000000000        -449.054587308278176535358458124621507      
   5.00000000000000000000000000000000000         4.00000000000000000000000000000000000        -398.592321233338280697571126282385917      
   5.00000000000000000000000000000000000         4.00000000000000000000000000000000000        -353.586478757602127122668571022674811      
   5.00000000000000000000000000000000000         4.00000000000000000000000000000000000        -313.443678933511417158596468665829462      
   5.00000000000000000000000000000000000         4.00000000000000000000000000000000000        -277.635070434884126272732005161536950      
   5.00000000000000000000000000000000000         4.00000000000000000000000000000000000        -245.689314021127249640749466675862524      
   5.00000000000000000000000000000000000         4.00000000000000000000000000000000000        -217.186328151883024520209228310924434      
   5.00000000000000000000000000000000000         4.00000000000000000000000000000000000        -191.751714760214925983091854777995903      
   5.00000000000000000000000000000000000         4.00000000000000000000000000000000000        -169.051791217730315332963796910073093      
   5.00000000000000000000000000000000000         4.00000000000000000000000000000000000        -148.789162568835319339363037065389689      
   5.00000000000000000000000000000000000         4.00000000000000000000000000000000000        -130.698775280360654892645928049094192      
   5.00000000000000000000000000000000000         4.00000000000000000000000000000000000        -114.544400142213534583295342813572023      
   5.00000000000000000000000000000000000         4.00000000000000000000000000000000000        -100.115497649284167964650287648536330      
   5.00000000000000000000000000000000000         4.00000000000000000000000000000000000        -87.2244242701292397904537387852839605      
   5.00000000000000000000000000000000000         4.00000000000000000000000000000000000        -75.7039425313151663700942637909795173      
   5.00000000000000000000000000000000000         4.00000000000000000000000000000000000        -65.4050018777531488941005281315358668      
   5.00000000000000000000000000000000000         4.00000000000000000000000000000000000        -56.1947608623909399047577652026151877      
   5.00000000000000000000000000000000000         4.00000000000000000000000000000000000        -47.9548244209201795706338332683861978      
   5.00000000000000000000000000000000000         4.00000000000000000000000000000000000        -40.5796728412056370601035601550740952      
   5.00000000000000000000000000000000000         4.00000000000000000000000000000000000        -33.9752615808151851218144651776171190      
   5.00000000000000000000000000000000000         4.00000000000000000000000000000000000        -28.0577733530798315044965056811989195      
   5.00000000000000000000000000000000000         4.00000000000000000000000000000000000        -22.7525059226240117812657484583233768      
   5.00000000000000000000000000000000000         4.00000000000000000000000000000000000        -17.9928808520885662843234688937002793      
   5.00000000000000000000000000000000000         4.00000000000000000000000000000000000        -13.7195600467176651484642346193637412      
   5.00000000000000000000000000000000000         4.00000000000000000000000000000000000        -9.87965837389310592042576423028250677      
   5.00000000000000000000000000000000000         4.00000000000000000000000000000000000        -6.42604190955558811777548634306306767      
   5.00000000000000000000000000000000000         4.00000000000000000000000000000000000        -3.31670249966933546626943846791727159      
   5.00000000000000000000000000000000000         4.00000000000000000000000000000000000       -0.514200337540695473105677075972428282      
   5.00000000000000000000000000000000000         4.00000000000000000000000000000000000         2.01483283966959573135915274947184893      
   5.00000000000000000000000000000000000         4.00000000000000000000000000000000000         4.30013652752092547017125277259217270      
   5.00000000000000000000000000000000000         4.00000000000000000000000000000000000         6.36821607933022205429498771287371683      
   5.00000000000000000000000000000000000         4.00000000000000000000000000000000000         8.24269441610676422468207027507792320      
   5.00000000000000000000000000000000000         4.00000000000000000000000000000000000         9.94462548836153102599859983023348581      
   5.00000000000000000000000000000000000         4.00000000000000000000000000000000000         11.4927736492388539828702787552107155      
   5.00000000000000000000000000000000000         4.00000000000000000000000000000000000         12.9038626460820914643582502932931448      
   5.00000000000000000000000000000000000         4.00000000000000000000000000000000000         14.1927975344001233514096478978895041      
   5.00000000000000000000000000000000000         4.00000000000000000000000000000000000         15.3728624588981743897959482294335647      
   5.00000000000000000000000000000000000         4.00000000000000000000000000000000000         16.4558969260070805626603654615084540      
   5.00000000000000000000000000000000000         4.00000000000000000000000000000000000         17.4524529069403649531654168114916437      
   5.00000000000000000000000000000000000         4.00000000000000000000000000000000000         18.3719348559412402864463503478893534      
   5.00000000000000000000000000000000000         4.00000000000000000000000000000000000         19.2227245016766057876301703361831531      
   5.00000000000000000000000000000000000         4.00000000000000000000000000000000000         20.0122920676840178994052700971227004      
   5.00000000000000000000000000000000000         4.00000000000000000000000000000000000         20.7472953976993925885515220922369986      
   5.00000000000000000000000000000000000         4.00000000000000000000000000000000000         21.4336683011983128415894695583226363      
   5.00000000000000000000000000000000000         4.00000000000000000000000000000000000         22.0766992914425989038453406358827667      
   5.00000000000000000000000000000000000         4.00000000000000000000000000000000000         22.6811017608381808235623924632566932      
   5.00000000000000000000000000000000000         4.00000000000000000000000000000000000         23.2510765247886362281650212894232645      
   5.00000000000000000000000000000000000         4.00000000000000000000000000000000000         23.7903675639633303669334214672697384      
   5.00000000000000000000000000000000000         4.00000000000000000000000000000000000         24.3023117046461896268319284884661533      
   5.00000000000000000000000000000000000         4.00000000000000000000000000000000000         24.7898828963931527401651625294301855      
   5.00000000000000000000000000000000000         4.00000000000000000000000000000000000         25.2557316745359125380295600621103280      
   5.00000000000000000000000000000000000         4.00000000000000000000000000000000000         25.7022203311753968945202923569827397      
   5.00000000000000000000000000000000000         4.00000000000000000000000000000000000         26.1314542613627037141039693511502848      
   5.00000000000000000000000000000000000         4.00000000000000000000000000000000000         26.5453099004122661492431612823000019      
   5.00000000000000000000000000000000000         4.00000000000000000000000000000000000         26.9454596230584200368439824747602366      
   5.00000000000000000000000000000000000         4.00000000000000000000000000000000000         27.3333939348520533650011462738718628      
   5.00000000000000000000000000000000000         4.00000000000000000000000000000000000         27.7104412502636886082918003456782580      
   5.00000000000000000000000000000000000         4.00000000000000000000000000000000000         28.0777855199364093650302661075377364      
