   6.00000000000000000000000000000000000         9.00000000000000000000000000000000000        -11355.1371119330240588730966137278490      
   6.00000000000000000000000000000000000         9.00000000000000000000000000000000000        -11355.1371119330240588730966137278490      
   6.00000000000000000000000000000000000         9.00000000000000000000000000000000000        -11355.1371119330240588730966137278490      
   6.00000000000000000000000000000000000         9.00000000000000000000000000000000000        -11355.1371119330240588730966137278490      
   6.00000000000000000000000000000000000         9.00000000000000000000000000000000000        -11355.1371119330240588730966137278490      
   6.00000000000000000000000000000000000         9.00000000000000000000000000000000000        -11355.1371119330240588730966137278490      
   6.00000000000000000000000000000000000         9.00000000000000000000000000000000000        -11355.1371119330240588730966137278490      
   6.00000000000000000000000000000000000         9.00000000000000000000000000000000000        -11355.1371119330240588730966137278490      
   6.00000000000000000000000000000000000         9.00000000000000000000000000000000000        -11355.1371119330240588730966137278490      
   6.00000000000000000000000000000000000         9.00000000000000000000000000000000000        -11355.1371119330240588730966137278490      
   6.00000000000000000000000000000000000         9.00000000000000000000000000000000000        -11355.1371119330240588730966137278490      
   6.00000000000000000000000000000000000         9.00000000000000000000000000000000000        -11355.1371119330240588730966137278490      
   6.00000000000000000000000000000000000         9.00000000000000000000000000000000000        -11355.1371119330240588730966137278490      
   6.00000000000000000000000000000000000         9.00000000000000000000000000000001695        -11355.1371119330240588730966137278490      
   6.00000000000000000000000000000000000         9.00000000000000000000000000005763153        -11355.1371119330240588730966137278490      
   6.00000000000000000000000000000000000         9.00000000000000000000000008084961616        -11355.1371119330240588730966137278490      
   6.00000000000000000000000000000000000         9.00000000000000000000005157708281794        -11355.1371119330240588730966137278490      
   6.00000000000000000000000000000000000         9.00000000000000000001630116052818521        -11355.1371119330240588730966137278490      
   6.00000000000000000000000000000000000         9.00000000000000000275507564989940824        -11355.1371119330240588730966137278490      
   6.00000000000000000000000000000000000         9.00000000000000026654151746566828832        -11355.1371119330240588730966137278490      
   6.00000000000000000000000000000000000         9.00000000000001568413812254050408348        -11355.1371119330240588730966137278490      
   6.00000000000000000000000000000000000         9.00000000000059252092672575591735872        -11355.1371119330240588730966137278490      
   6.00000000000000000000000000000000000         9.00000000001508075304329058722183770        -11355.1371119330240588730966137278490      
   6.00000000000000000000000000000000000         9.00000000026994277245657188440905130        -10851.4895571223340586573473201785545      
   6.00000000000000000000000000000000000         9.00000000353080929890348740632023229        -9670.32989627486349367000620429422973      
   6.00000000000000000000000000000000000         9.00000003491783743752778079460866184        -8617.58893995956283144341479226883702      
   6.00000000000000000000000000000000000         9.00000026915117325820243204219165936        -7679.30127451272566992920817370520960      
   6.00000000000000000000000000000000000         9.00000166146176297018278949252094892        -6843.02021181631325964550184923349571      
   6.00000000000000000000000000000000000         9.00000841431827729997355517758144714        -6097.65262903611932876648343473545431      
   6.00000000000000000000000000000000000         9.00003572158309021617464924362835686        -5433.31176876728557582729770343040022      
   6.00000000000000000000000000000000077         9.00012958586869958845812984615775724        -4841.18604559092132972667478096172070      
   6.00000000000000000000000000000405524         9.00040862570794764354571517138522369        -4313.42211711236937269868654584375386      
   6.00000000000000000000000000741005860         9.00113724273679094442347772711890576        -3843.02066692802020342084226414654054      
   6.00000000000000000000000598311674976         9.00283164441847002558905936692826301        -3423.74351657750687553965121346229118      
   6.00000000000000000000233285790777957         9.00638468514586541281229464433206873        -3050.03083566922243115712832811639632      
   6.00000000000000000047542776337472346         9.01317774241583101711744073450312063        -2716.92735542641974895752161445311543      
   6.00000000000000005434478384458209653         9.02513735356518359955305597149901702        -2420.01661161683771859236054518280843      
   6.00000000000000371037366175932342301         9.04469901012384719762117208169671497        -2155.36234885993929750056153592354104      
   6.00000000000016003073526047014068175         9.07466131931648350352190003388353429        -1919.45631084622721272211396392564557      
   6.00000000000458361081917821668991642         9.11794366832880749906148856906656375        -1709.17172197563588349328422080034641      
   6.00000000009115158325674600676464605         9.17728828812209643649246711679400713        -1521.72183769954155263390259832329205      
   6.00000000130949516170940501322277520         9.25496330498868091909529818565819041        -1354.62300573415956552014070523855162      
   6.00000001407939441016505873952516131         9.35252245970368262316045440575727758        -1205.66174003551302900308291920955531      
   6.00000011692074161951208676795847559         9.47066141703091757069778466782981902        -1072.86536484890536869135623654841906      
   6.00000077130351419516038199865757075         9.60918652534553346941350176206522586        -954.475837227827109405276073032638032      
   6.00000414435817616814686807940126407         9.76708838632026379353467995306731257        -848.926402500582001120307538003625435      
   6.00001854715120341199099072063974366         9.94269829449766725681447930351223299        -754.820777499880101146423573961989419      
   6.00007052142606636183400248199304077         10.1339062764741916550197448332624640        -670.914590668504079766078029574706714      
   6.00023189198183512516368448228479937         10.3384349627992456491232987777143397        -596.098836895495026341428037727307304      
   6.00066993236317048571280240696159409         10.5541850646345164487381803318994414        -529.385129380515921845537503161036392      
   6.00172452928285368303905189464536074         10.7796788525630174067968505752530947        -469.892552709791426169132165218958446      
   6.00400547029410323374774160861445952         11.0146100584387965726443718684935637        -416.835942310051719511649270277130469      
   6.00848860168906108622572520169051966         11.2604569125692632021613675097517527        -369.515436353561518599571783942027913      
   6.01657855750121339221485287414870349         11.5210471384105337041348594611653932        -327.307166485268952154585982490896999      
   6.03010529040532958830829167125598725         11.8029155141169975842296230897908062        -289.654971719515137702005064349457231      
   6.05123449338015135186843349366788126         12.1152999331031785132166671426403233        -256.063033564077385955416937628851056      
   6.08229430443677302448595626286814839         12.4696897593626807864523143169155391        -226.089338870976374619255011094214935      
   6.12554394115400408089547441670666404         12.8789472513993558873932275151574937        -199.339880764058018289894636197934029      
   6.18292553840913734797148749470391812         13.3561267398913417984328485677877250        -175.463509620657763404973814062196338      
   6.25584376162146867688093783712903943         13.9131801441455782671540849807881957        -154.147348825016093337829576515153922      
   6.34500928083370773351757655892409056         14.5597467327085208076290442098617739        -135.112696810718923875041039999626582      
   6.45036646943417676043469580359861737         15.3021888917283836480961437317848478        -118.111348759753218889934355840249341      
   6.57110881059129643603574115588546825         16.1429760982254953844876651686391150        -102.922286462740683243939413840652591      
   6.70577264218547324956731640012194124         17.0804582166736268990109529442133122        -89.3486995650584583876846927409865761      
   6.85239358673853213012649381726681336         18.1090201308253690453201070993462442        -77.2153121792283932673696627620753142      
   7.00870930202110693269904002052501259         19.2195754946379337313030409577895530        -66.3659940998487307573796814559893687      
   7.17239310083728454640102378887330313         20.4003330201879916920990814610523738        -56.6616364348284825248195207787280546      
   7.34130117428497320481284191892145452         21.6377472297545712794947534975449069        -47.9782695168523982739096677241114021      
   7.51371031823799884164306784278294218         22.9175447960752317181329152777883426        -40.2053986677205468235778557925757381      
   7.68851655980896057357732828061748310         24.2257034177360996078912542817187884        -33.2445322271017226706988601235792179      
   7.86536377063636805729078212049437342         25.5492633907608849301077405883383771        -27.0078768299101822835600975955466772      
   8.04467947484183368379010672349103981         26.8768800823721464354406169626540718        -21.4171771463188934968676261581285386      
   8.22761338808363580046797605019420736         28.1990756550163393899945358518517943        -16.4026808352829468618462088387174305      
   8.41590308844514534648050756618235048         29.5082075084947584871671669164165828        -11.9022142201488430497253029651746197      
   8.61173551386113825577526947978855802         30.7982221421762268597247002241556467        -7.86036065813892559387167205095033115      
   8.81774145926409326313877638965805030         32.0642950881859040806035510520499692        -4.22774224640528437694912509121019282      
   9.03735297631180757075190660108818618         33.3024706857933254146792511095879826       -0.960415235123698728268155042383117245      
   9.27584281374968090325060121460885608         34.5094210931846527026894065299836277         1.98060426484342927221174830063684203      
   9.54238852336031401188085276733341752         35.6824531597868850578921914686105334         4.62967282628636136870117090049456287      
   9.85338825294323663534245472277206924         36.8198978542133370382075524850804446         7.01672382193033832921760237552553194      
   10.2369636292723530818169990983876333         37.9219865197440995819245496434345166         9.16740568288513475997993651627628140      
   10.7381562632375814481314974058495040         38.9922099124174687316521077677291930         11.1032870936742000831199799592802409      
   11.4238728479474930355368340559258444         40.0389631929047188845607631613808845         12.8423291033261011453508702845206096      
   12.3863110232109092886958351144512902         41.0770633698506832243370351737896881         14.3998224332720618190586668590104785      
   13.7435411344097865052096083283227944         42.1285960706602441429061570536419070         15.7898171974302953953678654038627818      
   15.6362078751718720064438928183719007         43.2226022673413328254316240064526671         17.0267100101784448143736064608704188      
   18.2199427124861823644290159471948156         44.3933678701128781863681680470664248         18.1263320108893724412313953063062370      
   21.6539289075774671379440235588249179         45.6774468865414662144349611573708746         19.1059928092840824567156187620394584      
   26.0869277668887574402534309095705113         47.1098944121132577457245516529863084         19.9835266584535421338693022133443787      
   31.6427132790623749744718675568474243         48.7203873690218299608800955650035929         20.7759437951489332599636698628080991      
   38.4070813711590938130933173964729262         50.5299153459933143249828148400484866         21.4983388317047669248729500861810347      
   46.4183375784252079046021201068775827         52.5485560604744504367884384693588532         22.1633573839002796094197003009977838      
   55.6625109094683779904036110679029801         54.7745863911569833897976877168622415         22.7811705024682585555093375075510518      
   66.0736874145771272503224492005916209         57.1949085386924539349487151877350601         23.3597575979740146977912906285093512      
   77.5390281521782786855350468722405349         59.7865588607479877003098116206673213         23.9053103789523224319822188059438495      
   89.9074103547793971479470074256966657         62.5189466149887415937784730455125834         24.4226382396010358684055416042049927      
   103.000297262520291757717733280494251         65.3564410004046751767836342833494004         24.9155178037172829752070075266337875      
   116.623401004606787365002127014303305         68.2609661922726803874621052788138992         25.3869692417678710430164985936324715      
   130.577889481131494942418334218675376         71.1943461832146314397292206939792690         25.8394626413338357140636052523504891      
   144.670209168870493217487836234658025         74.1202368030763726771422758730794578         26.2750661444972591555601914444132492      
   158.719960122968108014750575023749067         77.0055712351350988281031297218998659         26.6955493716434723763340163217809447      
