   10.0000000000000000000000000000000000         9.00000000000000000000000000000000000        -11355.1371119330240588730966137278490      
   10.0000000000000000000000000000000000         9.00000000000000000000000000000000000        -11355.1371119330240588730966137278490      
   10.0000000000000000000000000000000000         9.00000000000000000000000000000000000        -11355.1371119330240588730966137278490      
   10.0000000000000000000000000000000000         9.00000000000000000000000000000000000        -11355.1371119330240588730966137278490      
   10.0000000000000000000000000000000000         9.00000000000000000000000000000000000        -11355.1371119330240588730966137278490      
   10.0000000000000000000000000000000000         9.00000000000000000000000000000000000        -11355.1371119330240588730966137278490      
   10.0000000000000000000000000000000000         9.00000000000000000000000000000000000        -11355.1371119330240588730966137278490      
   10.0000000000000000000000000000000000         9.00000000000000000000000000000000000        -11355.1371119330240588730966137278490      
   10.0000000000000000000000000000000000         9.00000000000000000000000000000000000        -11355.1371119330240588730966137278490      
   10.0000000000000000000000000000000000         9.00000000000000000000000000000000000        -11355.1371119330240588730966137278490      
   10.0000000000000000000000000000000000         9.00000000000000000000000000000000000        -11355.1371119330240588730966137278490      
   10.0000000000000000000000000000000000         9.00000000000000000000000000000000000        -11355.1371119330240588730966137278490      
   10.0000000000000000000000000000000000         9.00000000000000000000000000000000000        -11355.1371119330240588730966137278490      
   10.0000000000000000000000000000000000         9.00000000000000000000000000000000000        -11355.1371119330240588730966137278490      
   10.0000000000000000000000000000000000         9.00000000000000000000000000000000000        -11355.1371119330240588730966137278490      
   10.0000000000000000000000000000000000         9.00000000000000000000000000000000000        -11355.1371119330240588730966137278490      
   10.0000000000000000000000000000000000         9.00000000000000000000000000000000000        -11355.1371119330240588730966137278490      
   10.0000000000000000000000000000000000         9.00000000000000000000000000000000000        -11355.1371119330240588730966137278490      
   10.0000000000000000000000000000000000         9.00000000000000000000000000000000000        -11355.1371119330240588730966137278490      
   10.0000000000000000000000000000000000         9.00000000000000000000000000000000000        -11355.1371119330240588730966137278490      
   10.0000000000000000000000000000000000         9.00000000000000000000000000000000000        -11355.1371119330240588730966137278490      
   10.0000000000000000000000000000000000         9.00000000000000000000000000000000000        -11355.1371119330240588730966137278490      
   10.0000000000000000000000000000000000         9.00000000000000000000000000000000000        -11355.1371119330240588730966137278490      
   10.0000000000000000000000000000000000         9.00000000000000000000000000000000000        -11355.1371119330240588730966137278490      
   10.0000000000000000000000000000000000         9.00000000000000000000000000000000000        -11355.1371119330240588730966137278490      
   10.0000000000000000000000000000000000         9.00000000000000000000000000000000000        -10944.3271019870129589221890575759890      
   10.0000000000000000000000000000000000         9.00000000000000000000000000000000000        -9753.06439604508704807703705347894708      
   10.0000000000000000000000000000000000         9.00000000000000000000000000000000000        -8691.31909131451005399318912033614468      
   10.0000000000000000000000000000000000         9.00000000000000000000000000000000000        -7745.00629191819249168129862365558740      
   10.0000000000000000000000000000000000         9.00000000000000000000000000000000000        -6901.57282119216223307125776675636896      
   10.0000000000000000000000000000000000         9.00000000000000000000000000000000000        -6149.83064865809547694920889692196923      
   10.0000000000000000000000000000000000         9.00000000000000000000000000000000000        -5479.80843165631719775012089377062274      
   10.0000000000000000000000000000000000         9.00000000000000000000000000000000000        -4882.61920168693899165562351474965990      
   10.0000000000000000000000000000000000         9.00000000000000000000000000000000000        -4350.34243973727027355557734171735665      
   10.0000000000000000000000000000000000         9.00000000000000000000000000000000000        -3875.91897580674439155394580949563236      
   10.0000000000000000000000000000000000         9.00000000000000000000000000000000000        -3453.05731800991072418411197752085983      
   10.0000000000000000000000000000000000         9.00000000000000000000000000000000000        -3076.15016830160055759485528552463495      
   10.0000000000000000000000000000000000         9.00000000000000000000000000000000000        -2740.20001703866175814936569675033269      
   10.0000000000000000000000000000000000         9.00000000000000000000000000000000000        -2440.75282906330254689146576144539731      
   10.0000000000000000000000000000000000         9.00000000000000000000000000000000000        -2173.83894136266031552516502710036559      
   10.0000000000000000000000000000000000         9.00000000000000000000000000000000000        -1935.92038805244643365814485764773783      
   10.0000000000000000000000000000000000         9.00000000000000000000000000000000000        -1723.84395371920347286836575903929483      
   10.0000000000000000000000000000000000         9.00000000000000000000000000000000000        -1534.79933216754971378508799786436742      
   10.0000000000000000000000000000000000         9.00000000000000000000000000000000000        -1366.28183536440812185965518432133079      
   10.0000000000000000000000000000000000         9.00000000000000000000000000000000000        -1216.05915775056642419596780696863153      
   10.0000000000000000000000000000000000         9.00000000000000000000000000000000000        -1082.14175490217550714423108362354783      
   10.0000000000000000000000000000000000         9.00000000000000000000000000000000000        -962.756443485021085920263859175190214      
   10.0000000000000000000000000000000000         9.00000000000000000000000000000000000        -856.322872189001556372427041822260333      
   10.0000000000000000000000000000000000         9.00000000000000000000000000000000000        -761.432551426407970001785968115552006      
   10.0000000000000000000000000000000000         9.00000000000000000000000000000000000        -676.830163530843114001329858386978037      
   10.0000000000000000000000000000000000         9.00000000000000000000000000000000000        -601.396905454474608249672947364886155      
   10.0000000000000000000000000000000000         9.00000000000000000000000000000000000        -534.135642931334950190312123011098395      
   10.0000000000000000000000000000000000         9.00000000000000000000000000000000000        -474.157679111435299441410361070351149      
   10.0000000000000000000000000000000000         9.00000000000000000000000000000000000        -420.670962093506597491953719728468826      
   10.0000000000000000000000000000000000         9.00000000000000000000000000000000000        -372.969574877492179152338542467644419      
   10.0000000000000000000000000000000000         9.00000000000000000000000000000000000        -330.424368274846982275903135231515249      
   10.0000000000000000000000000000000000         9.00000000000000000000000000000000000        -292.474612481054135477525441993240171      
   10.0000000000000000000000000000000000         9.00000000000000000000000000000000000        -258.620556531798425393524459077158510      
   10.0000000000000000000000000000000000         9.00000000000000000000000000000000000        -228.416796911300674128282441508013014      
   10.0000000000000000000000000000000000         9.00000000000000000000000000000000000        -201.466367318274620852200344034857869      
   10.0000000000000000000000000000000000         9.00000000000000000000000000000000000        -177.415471164291402526046303050943051      
   10.0000000000000000000000000000000000         9.00000000000000000000000000000000000        -155.948786908005276307616369151446804      
   10.0000000000000000000000000000000000         9.00000000000000000000000000000000000        -136.785283929878070259836568995302026      
   10.0000000000000000000000000000000000         9.00000000000000000000000000000000000        -119.674493426602080927841263602346378      
   10.0000000000000000000000000000000000         9.00000000000000000000000000000000000        -104.393184842256081022020501828424459      
   10.0000000000000000000000000000000000         9.00000000000000000000000000000000000        -90.7424037344551591773948054552641343      
   10.0000000000000000000000000000000000         9.00000000000000000000000000000000000        -78.5448317697778869155460589717763505      
   10.0000000000000000000000000000000000         9.00000000000000000000000000000000000        -67.6424338172141038213103531978313725      
   10.0000000000000000000000000000000000         9.00000000000000000000000000000000000        -57.8943609179929150447942217885085437      
   10.0000000000000000000000000000000000         9.00000000000000000000000000000000000        -49.1750813054745993052965867769991654      
   10.0000000000000000000000000000000000         9.00000000000000000000000000000000000        -41.3727146748759185906788716361379837      
   10.0000000000000000000000000000000000         9.00000000000000000000000000000000000        -34.3875475996001226452907651621072090      
   10.0000000000000000000000000000000000         9.00000000000000000000000000000000000        -28.1307103946483274309485649293805037      
   10.0000000000000000000000000000000000         9.00000000000000000000000000000000000        -22.5229978698936270965508767565402766      
   10.0000000000000000000000000000000000         9.00000000000000000000000000000000000        -17.4938183253303551231373349918058485      
   10.0000000000000000000000000000000000         9.00000000000000000000000000000000000        -12.9802568421040052960417702295409313      
   10.0000000000000000000000000000000000         9.00000000000000000000000000000000000        -8.92624043976289047675197686706143607      
   10.0000000000000000000000000000000000         9.00000000000000000000000000000000000        -5.28179402187548932889985453680128634      
   10.0000000000000000000000000000000000         9.00000000000000000000000000000000000        -2.00237723686388406292362874123474080      
   10.0000000000000000000000000000000000         9.00000000000000000000000000000000000        0.951706545400551404136605044732767084      
   10.0000000000000000000000000000000000         9.00000000000000000000000000000000000         3.61583698376070337620403318177623547      
   10.0000000000000000000000000000000000         9.00000000000000000000000000000000000         6.02154623235114613749905061037782417      
   10.0000000000000000000000000000000000         9.00000000000000000000000000000000000         8.19693735312569688172905466464434672      
   10.0000000000000000000000000000000000         9.00000000000000000000000000000000000         10.1670572264151259543806092425918787      
   10.0000000000000000000000000000000000         9.00000000000000000000000000000000000         11.9542289078115560844147094586360612      
   10.0000000000000000000000000000000000         9.00000000000000000000000000000000000         13.5783478415534784083293031346040842      
   10.0000000000000000000000000000000000         9.00000000000000000000000000000000000         15.0571458609830357739662018216048343      
   10.0000000000000000000000000000000000         9.00000000000000000000000000000000000         16.4064264792012442228417964376513587      
   10.0000000000000000000000000000000000         9.00000000000000000000000000000000000         17.6402745920851932399454336172356168      
   10.0000000000000000000000000000000000         9.00000000000000000000000000000000000         18.7712433762988549533472211570385445      
   10.0000000000000000000000000000000000         9.00000000000000000000000000000000000         19.8105208623205531642610167097766539      
   10.0000000000000000000000000000000000         9.00000000000000000000000000000000000         20.7680783928099628982518513958317089      
   10.0000000000000000000000000000000000         9.00000000000000000000000000000000000         21.6528029362669725591380954577563950      
   10.0000000000000000000000000000000000         9.00000000000000000000000000000000000         22.4726150117042727320298883136923990      
   10.0000000000000000000000000000000000         9.00000000000000000000000000000000000         23.2345737891224300688232665288178324      
   10.0000000000000000000000000000000000         9.00000000000000000000000000000000000         23.9449707604068951909848470436963145      
   10.0000000000000000000000000000000000         9.00000000000000000000000000000000000         24.6094132236028368123658504185962583      
   10.0000000000000000000000000000000000         9.00000000000000000000000000000000000         25.2328986883534070666030866902742685      
   10.0000000000000000000000000000000000         9.00000000000000000000000000000000000         25.8198811898163977326527333084829066      
   10.0000000000000000000000000000000000         9.00000000000000000000000000000000000         26.3743303910046714188107807257316485      
   10.0000000000000000000000000000000000         9.00000000000000000000000000000000000         26.8997842578025167554695475780879842      
