   1.00000000000000000000000000000000000         2.00000000000000000000000000000000000        -11355.1371119330240588730966137278490      
   1.00000000000000000000000000000000000         2.00000000000000000000000000000000000        -11355.1371119330240588730966137278490      
   1.00000000000000000000000000000000000         2.00000000000000000000000000000000000        -11355.1371119330240588730966137278490      
   1.00000000000000000000000000000000000         2.00000000000000000000000000000000000        -11355.1371119330240588730966137278490      
   1.00000000000000000000000000000000000         2.00000000000000000000000000000000000        -11355.1371119330240588730966137278490      
   1.00000000000000000000000000000000000         2.00000000000000000000000000000000000        -11355.1371119330240588730966137278490      
   1.00000000000000000000000000000000000         2.00000000000000000000000000000000000        -11355.1371119330240588730966137278490      
   1.00000000000000000000000000000000000         2.00000000000000000000000000000000000        -11355.1371119330240588730966137278490      
   1.00000000000000000000000000000000000         2.00000000000000000000000000000000000        -11355.1371119330240588730966137278490      
   1.00000000000000000000000000000000000         2.00000000000000000000000000000000000        -11355.1371119330240588730966137278490      
   1.00000000000000000000000000000000000         2.00000000000000000000000000000000000        -11355.1371119330240588730966137278490      
   1.00000000000000000000000000000000000         2.00000000000000000000000000000000000        -11355.1371119330240588730966137278490      
   1.00000000000000000000000000000000000         2.00000000000000000000000000000000000        -11355.1371119330240588730966137278490      
   1.00000000000000000000000000000000000         2.00000000000000000000000000000000000        -11355.1371119330240588730966137278490      
   1.00000000000000000000000000000000000         2.00000000000000000000000000000000000        -11355.1371119330240588730966137278490      
   1.00000000000000000000000000000000000         2.00000000000000000000000000000000000        -11355.1371119330240588730966137278490      
   1.00000000000000000000000000000000000         2.00000000000000000000000000000000000        -11355.1371119330240588730966137278490      
   1.00000000000000000000000000000000000         2.00000000000000000000000000000000000        -11355.1371119330240588730966137278490      
   1.00000000000000000000000000000000000         2.00000000000000000000000000000000000        -11355.1371119330240588730966137278490      
   1.00000000000000000000000000000000000         2.00000000000000000000000000000000000        -11355.1371119330240588730966137278490      
   1.00000000000000000000000000000000000         2.00000000000000000000000000000000000        -11355.1371119330240588730966137278490      
   1.00000000000000000000000000000000000         2.00000000000000000000000000000000000        -11355.1371119330240588730966137278490      
   1.00000000000000000000000000000000000         2.00000000000000000000000000000000000        -11355.1371119330240588730966137278490      
   1.00000000000000000000000000000000000         2.00000000000000000000000000000000000        -11355.1371119330240588730966137278490      
   1.00000000000000000000000000000000000         2.00000000000000000000000000000000000        -11355.1371119330240588730966137278490      
   1.00000000000000000000000000000000000         2.00000000000000000000000000000000000        -11355.1371119330240588730966137278490      
   1.00000000000000000000000000000000000         2.00000000000000000000000000000000000        -11355.1371119330240588730966137278490      
   1.00000000000000000000000000000000000         2.00000000000000000000000000000000000        -10360.8868411278269073652762589661991      
   1.00000000000000000000000000000000000         2.00000000000000000000000000000000000        -9232.92327825430101885639541661197959      
   1.00000000000000000000000000000000000         2.00000000000000000000000000000000000        -8227.59339416649772027423091472911849      
   1.00000000000000000000000000000000000         2.00000000000000000000000000000000000        -7331.56089134326208733133747183151117      
   1.00000000000000000000000000000000000         2.00000000000000000000000000000000000        -6532.93978210763404873363130419036971      
   1.00000000000000000000000000000000000         2.00000000000000000000000000000000000        -5821.13666879187680223084222182161263      
   1.00000000000000000000000000000000000         2.00000000000000000000000000000000000        -5186.71017578659609089522092301952090      
   1.00000000000000000000000000000000000         2.00000000000000000000000000000000000        -4621.24566822264621984373305509305331      
   1.00000000000000000000000000000000000         2.00000000000000000000000000000000000        -4117.24359487884816145327665263797715      
   1.00000000000000000000000000000000000         2.00000000000000000000000000000000000        -3668.01997369374403043634710609188161      
   1.00000000000000000000000000000000000         2.00000000000000000000000000000000000        -3267.61769938459036015995277579700029      
   1.00000000000000000000000000000000000         2.00000000000000000000000000000000000        -2910.72749627958054457104117288698100      
   1.00000000000000000000000000000000000         2.00000000000000000000000000000000000        -2592.61746745540627398183986725117208      
   1.00000000000000000000000000000000000         2.00000000000000000000000000000000000        -2309.07030534001683325823583907803857      
   1.00000000000000000000000000000000000         2.00000000000000000000000000000000000        -2056.32733060342347391718088269440261      
   1.00000000000000000000000000000000000         2.00000000000000000000000000000000000        -1831.03861676662980578479906706612527      
   1.00000000000000000000000000000000000         2.00000000000000000000000000000000000        -1630.21853871255122112777216196238209      
   1.00000000000000000000000000000000000         2.00000000000000000000000000000000000        -1451.20615525467038946489244782088455      
   1.00000000000000000000000000000000000         2.00000000000000000000000000000000000        -1291.62990006418501806236273903130427      
   1.00000000000000000000000000000000000         2.00000000000000000000000000000000000        -1149.37611242570366070917109858284877      
   1.00000000000000000000000000000000000         2.00000000000000000000000000000000000        -1022.56099024373724726005549589319846      
   1.00000000000000000000000000000000000         2.00000000000000000000000000000000000        -909.505593133422828269715387619123539      
   1.00000000000000000000000000000000000         2.00000000000000000000000000000000000        -808.713563901680668272046913392185323      
   1.00000000000000000000000000000000000         2.00000000000000000000000000000000000        -718.851272796395274838305545063772584      
   1.00000000000000000000000000000000000         2.00000000000000000000000000000000000        -638.730121049870640839082904261005149      
   1.00000000000000000000000000000000000         2.00000000000000000000000000000000000        -567.290768895333086049351971985478775      
   1.00000000000000000000000000000000000         2.00000000000000000000000000000000000        -503.589078771843184776337818066617594      
   1.00000000000000000000000000000000000         2.00000000000000000000000000000000000        -446.783587192486367531737007235318780      
   1.00000000000000000000000000000000000         2.00000000000000000000000000000000000        -396.124339035144731553239342951159176      
   1.00000000000000000000000000000000000         2.00000000000000000000000000000000000        -350.942936093672488312094364257896983      
   1.00000000000000000000000000000000000         2.00000000000000000000000000000000000        -310.643667839795291145002907189757565      
   1.00000000000000000000000000000000000         2.00000000000000000000000000000000000        -274.695606706332479446659722860103638      
   1.00000000000000000000000000000000000         2.00000000000000000000000000000000000        -242.625563000953222248287568257870739      
   1.00000000000000000000000000000000000         2.00000000000000000000000000000000000        -214.011805966452448036475141401905376      
   1.00000000000000000000000000000000000         2.00000000000000000000000000000000000        -188.478467669831281962917621724889831      
   1.00000000000000000000000000000000000         2.00000000000000000000000000000000000        -165.690555463190085010227416123410071      
   1.00000000000000000000000000000000000         2.00000000000000000000000000000000000        -145.349506834820396405072701574383770      
   1.00000000000000000000000000000000000         2.00000000000000000000000000000000000        -127.189227666070483099332706121582014      
   1.00000000000000000000000000000000000         2.00000000000000000000000000000000000        -110.972561324060115819627711203972023      
   1.00000000000000000000000000000000000         2.00000000000000000000000000000000000        -96.4881417372501499448565231204744438      
   1.00000000000000000000000000000000000         2.00000000000000000000000000000000000        -83.5475886960916784604929388128574277      
   1.00000000000000000000000000000000000         2.00000000000000000000000000000000000        -71.9830081620984064220069039467979531      
   1.00000000000000000000000000000000000         2.00000000000000000000000000000000000        -61.6447644159623602827880324854521513      
   1.00000000000000000000000000000000000         2.00000000000000000000000000000000000        -52.3994944824719907999618716139588752      
   1.00000000000000000000000000000000000         2.00000000000000000000000000000000000        -44.1283384848576972605875834950301417      
   1.00000000000000000000000000000000000         2.00000000000000000000000000000000000        -36.7253624464421116421624662288255243      
   1.00000000000000000000000000000000000         2.00000000000000000000000000000000000        -30.0961526111312913754090267982874101      
   1.00000000000000000000000000000000000         2.00000000000000000000000000000000000        -24.1565626302337795114969216765055399      
   1.00000000000000000000000000000000000         2.00000000000000000000000000000000000        -18.8315969915377857741951312094375872      
   1.00000000000000000000000000000000000         2.00000000000000000000000000000000000        -14.0544158744287313106286093014593816      
   1.00000000000000000000000000000000000         2.00000000000000000000000000000000000        -9.76544822607918145446743955599345075      
   1.00000000000000000000000000000000000         2.00000000000000000000000000000000000        -5.91160128977107014518109708437606447      
   1.00000000000000000000000000000000000         2.00000000000000000000000000000000000        -2.44555609627131428589185758550077916      
   1.00000000000000000000000000000000000         2.00000000000000000000000000000000000        0.674860430140593274741409138747741081      
   1.00000000000000000000000000000000000         2.00000000000000000000000000000000000         3.48723508276454002154918514510125459      
   1.00000000000000000000000000000000000         2.00000000000000000000000000000000000         6.02506712639048985627022974390129006      
   1.00000000000000000000000000000000000         2.00000000000000000000000000000000000         8.31821281218928885623772523745587946      
   1.00000000000000000000000000000000000         2.00000000000000000000000000000000000         10.3932815520261103262637488213880462      
   1.00000000000000000000000000000000000         2.00000000000000000000000000000000000         12.2739890091889771936862723518010362      
   1.00000000000000000000000000000000000         2.00000000000000000000000000000000000         13.9814717908318039206154151988027606      
   1.00000000000000000000000000000000000         2.00000000000000000000000000000000000         15.5345679179094812085037976682164953      
   1.00000000000000000000000000000000000         2.00000000000000000000000000000000000         16.9500667942706385518044251934744148      
   1.00000000000000000000000000000000000         2.00000000000000000000000000000000000         18.2429319918460733051783363782609862      
   1.00000000000000000000000000000000000         2.00000000000000000000000000000000000         19.4264998081569403929129765040623031      
   1.00000000000000000000000000000000000         2.00000000000000000000000000000000000         20.5126562308801998863024293546071541      
   1.00000000000000000000000000000000000         2.00000000000000000000000000000000000         21.5119946576835885875969651198796341      
   1.00000000000000000000000000000000000         2.00000000000000000000000000000000000         22.4339564641765007537243331015854250      
   1.00000000000000000000000000000000000         2.00000000000000000000000000000000000         23.2869562852280820795675676524156020      
   1.00000000000000000000000000000000000         2.00000000000000000000000000000000000         24.0784936720595115927497707377743896      
   1.00000000000000000000000000000000000         2.00000000000000000000000000000000000         24.8152526067322471785584469672242044      
   1.00000000000000000000000000000000000         2.00000000000000000000000000000000000         25.5031901945290323036265879804227916      
   1.00000000000000000000000000000000000         2.00000000000000000000000000000000000         26.1476157111216735740072462662365165      
   1.00000000000000000000000000000000000         2.00000000000000000000000000000000000         26.7532610534334792993881942547760321      
   1.00000000000000000000000000000000000         2.00000000000000000000000000000000000         27.3243435290365001949035449658528774      
