   5.00000000000000000000000000000000000         4.00000000000000000000000000000000000        -11355.1371119330240588730966137278490      
   5.00000000000000000000000000000000000         4.00000000000000000000000000000000000        -11355.1371119330240588730966137278490      
   5.00000000000000000000000000000000000         4.00000000000000000000000000000000000        -11355.1371119330240588730966137278490      
   5.00000000000000000000000000000000000         4.00000000000000000000000000000000000        -11355.1371119330240588730966137278490      
   5.00000000000000000000000000000000000         4.00000000000000000000000000000000000        -11355.1371119330240588730966137278490      
   5.00000000000000000000000000000000000         4.00000000000000000000000000000000000        -11355.1371119330240588730966137278490      
   5.00000000000000000000000000000000000         4.00000000000000000000000000000000000        -11355.1371119330240588730966137278490      
   5.00000000000000000000000000000000000         4.00000000000000000000000000000000000        -11355.1371119330240588730966137278490      
   5.00000000000000000000000000000000000         4.00000000000000000000000000000000000        -11355.1371119330240588730966137278490      
   5.00000000000000000000000000000000000         4.00000000000000000000000000000000000        -11355.1371119330240588730966137278490      
   5.00000000000000000000000000000000000         4.00000000000000000000000000000000000        -11355.1371119330240588730966137278490      
   5.00000000000000000000000000000000000         4.00000000000000000000000000000000000        -11355.1371119330240588730966137278490      
   5.00000000000000000000000000000000000         4.00000000000000000000000000000000000        -11355.1371119330240588730966137278490      
   5.00000000000000000000000000000000000         4.00000000000000000000000000000000000        -11355.1371119330240588730966137278490      
   5.00000000000000000000000000000000000         4.00000000000000000000000000000000000        -11355.1371119330240588730966137278490      
   5.00000000000000000000000000000000000         4.00000000000000000000000000000000000        -11355.1371119330240588730966137278490      
   5.00000000000000000000000000000000000         4.00000000000000000000000000000000000        -11355.1371119330240588730966137278490      
   5.00000000000000000000000000000000000         4.00000000000000000000000000000000000        -11355.1371119330240588730966137278490      
   5.00000000000000000000000000000000000         4.00000000000000000000000000000000000        -11355.1371119330240588730966137278490      
   5.00000000000000000000000000000000000         4.00000000000000000000000000000000000        -11355.1371119330240588730966137278490      
   5.00000000000000000000000000000000000         4.00000000000000000000000000000000000        -11355.1371119330240588730966137278490      
   5.00000000000000000000000000000000000         4.00000000000000000000000000000000000        -11355.1371119330240588730966137278490      
   5.00000000000000000000000000000000000         4.00000000000000000000000000000000000        -11355.1371119330240588730966137278490      
   5.00000000000000000000000000000000000         4.00000000000000000000000000000000000        -11355.1371119330240588730966137278490      
   5.00000000000000000000000000000000000         4.00000000000000000000000000000000000        -11355.1371119330240588730966137278490      
   5.00000000000000000000000000000000000         4.00000000000000000000000000000000000        -11355.1371119330240588730966137278490      
   5.00000000000000000000000000000000000         4.00000000000000000000000000000000000        -11355.1371119330240588730966137278490      
   5.00000000000000000000000000000000000         4.00000000000000000000000000000000000        -11355.1371119330240588730966137278490      
   5.00000000000000000000000000000000000         4.00000000000000000000000000000000000        -11355.1371119330240588730966137278490      
   5.00000000000000000000000000000000000         4.00000000000000000000000000000000000        -11355.1371119330240588730966137278490      
   5.00000000000000000000000000000007627         4.00000000000000000000000000000000000        -11355.1371119330240588730966137278490      
   5.00000000000000000000000000018466818         4.00000000000000000000000000000000000        -11355.1371119330240588730966137278490      
   5.00000000000000000000000019159992102         4.00000000000000000000000000000000000        -11355.1371119330240588730966137278490      
   5.00000000000000000000009341393037625         4.00000000000000000000000000000000000        -11355.1371119330240588730966137278490      
   5.00000000000000000002323318294522101         4.00000000000000000000000000000000000        -11355.1371119330240588730966137278490      
   5.00000000000000000317158219093525146         4.00000000000000000000000000000000000        -10595.4304657217564372773782893728201      
   5.00000000000000025365638138533722239         4.00000000000000000000000000000000000        -9441.80974549568747621471756825257410      
   5.00000000000001259706678256143115118         4.00000000000000000000000000000000000        -8413.61289584758503985042163961662939      
   5.00000000000040912130053363283910187         4.00000000000000000000000000000000000        -7497.20018851646082747596216026702488      
   5.00000000000910021293758533452037474         4.00000000000000000000000000000000000        -6680.41520289382117034573330727034796      
   5.00000000014445891216852230634041802         4.00000000000000000000000000000000000        -5952.42351770801995308668235957632440      
   5.00000000169770767362119557118693272         4.00000000000000000000000000000000000        -5303.56894483680351162805393650534326      
   5.00000001526184689535651776784395551         4.00000000000000000000000000000000000        -4725.24539755930577662548304029763531      
   5.00000010805191999129554416047381406         4.00000000000000000000000000000000000        -4209.78269302344929813272374351958840      
   5.00000061832729746943768409194092642         4.00000000000000000000000000000000000        -3750.34477362233345420370836933474972      
   5.00000292696542290929326605055451526         4.00000000000000000000000000000000000        -3340.83899681655228766962451956112207      
   5.00001170009768301929117868500554987         4.00000000000000000000000000000000000        -2975.83528991422917383383164659480566      
   5.00004022714900505921969965670456324         4.00000000000000000000000000000000000        -2650.49409736071817334548506310444553      
   5.00012092710660319036535899964889919         4.00000000000000000000000000000000000        -2360.50216484256423350712191982590798      
   5.00032251174746156324015562845506258         4.00000000000000000000000000000000000        -2102.01530836904009397839625334534739      
   5.00077310402732801794624326783958593         4.00000000000000000000000000000000000        -1871.60740872335443142905775013747072      
   5.00168515223568906298330099874021888         4.00000000000000000000000000000000000        -1666.22495357007246977178204303359246      
   5.00337473388779297003172844986506793         4.00000000000000000000000000000000000        -1483.14652245503501338606378034520078      
   5.00626673260982868849064201871703866         4.00000000000000000000000000000000000        -1319.94667530230901822790061670258566      
   5.01087954846630409588298245508079027         4.00000000000000000000000000000000000        -1174.46376390936715382796513979750101      
   5.01778801950753582556218081977488157         4.00000000000000000000000000000000000        -1044.77123906872010436126068352339104      
   5.02756922636218915180216861132969200         4.00000000000000000000000000000000000        -929.152073632229310889898982861565903      
   5.04074055520339326845070012962540055         4.00000000000000000000000000000000000        -826.075964239192932607778908392480979      
   5.05770124835395107225969113433492301         4.00000000000000000000000000000000000        -734.179011757603295453694353031565947      
   5.07868739273981085509354115061001699         4.00000000000000000000000000000059935        -652.245613131993878391854434834513486      
   5.10374673405378935717972929356011945         4.00000000000000000000000000142159283        -579.192325873242866677036551843026870      
   5.13273525581822310695652318635873855         4.00000000000000000000000145318962023        -514.053491544744949940825852812012040      
   5.16533344277360354728219252059735095         4.00000000000000000000070221174451433        -455.968426947029124692113145422855357      
   5.20107739435984340766087884850545280         4.00000000000000000017411973515412665        -404.170011805351096260989046917213706      
   5.23939872990155121111454975887435979         4.00000000000000002383098116411231063        -357.974519982269991229226768507074458      
   5.27966734481317533927892263683343088         4.00000000000000192084393806036610856        -316.772557779867303141056259330893007      
   5.32123210881704989144593262248595166         4.00000000000009658025370136869893236        -280.020987874293889254861358485413224      
   5.36345606925269004980111886183785308         4.00000000000318803151754240463588538        -247.235730905837122775272363415184225      
   5.40574424276128862282885960036009467         4.00000000007229556831221790608263485        -217.985348797584260138290405821112178      
   5.44756338949612120972800880525888571         4.00000000117270194778362236671524518        -191.885324582837792430226735513887811      
   5.48845414332815432956511651138347413         4.00000001410443441217018824622724012        -168.592962996073135936839184654432641      
   5.52803651223939935310845130810893034         4.00000012987343275309811445059397998        -147.802844444702916219200596633303992      
   5.56601017887930422365635755581475500         4.00000094206931174802935919736827274        -129.242772333099533602368707536135125      
   5.60215154332609586196361570221811431         4.00000552220844146013201384432735203        -112.670160101824424809574714155889560      
   5.63631073240749002742048986374744759         4.00002676067316757336674069710978903        -97.8688097294624692818316655896706533      
   5.66841477973988344501495559402108047         4.00010941326806723259836548773980254        -84.6460377575022751415775207115663938      
   5.69848814371481652828016573442105051         4.00038435068638934438435299932212747        -72.8301083232279367828419886742753749      
   5.72670665019473720423279378882629420         4.00117903880918176398101029955371505        -62.2679359964146457883067109238291447      
   5.75350065382782560483366957048477975         4.00320464819347468319625983933555071        -52.8230257618932066089354371998054079      
   5.77971176845841785879072279890565892         4.00781850162571631999142728707823664        -44.3736244595571243096247238897930344      
   5.80678368677203677820263348813937522         4.01732196772344564898613458704052705        -36.8110672985966409902109767001887292      
   5.83693911666942276560244777955540932         4.03521312377498746946443034250672355        -30.0383127492818310313452544213728580      
   5.87327635881183680252563928542399397         4.06629312619696131929647337993561383        -23.9686657813586204765488305995728195      
   5.91972367499059773113414870437221692         4.11654198922936659310072711849789425        -18.5246892872993769910757172430322444      
   5.98082009832911864509291696480674648         4.19273267399407189332772393616699020        -13.6372938915552771151279435371170033      
   6.06133753731531272265930818484251971         4.30182312239620342315376358329711947        -9.24497780238048859985187635762848221      
   6.16580327953516771682872667330744372         4.45022724595080059820631172190082592        -5.29316749740439611961605670705028822      
   6.29800838529272413631346576364736391         4.64309662627605688853469683702625686        -1.73359928015282662849917404684674063      
   6.46058873604780104448115765034434666         4.88373774746088164635078567942791003         1.47630745508196330188006385385639313      
   6.65474456385002851016870157140124105         5.17325231511364614094856969101580404         4.37410241564154646154201677689754982      
   6.88013081886414938065669683661406889         5.51043632065505229603729921278115342         6.99296186268183114167616671201561091      
   7.13491602074843086909344775785843482         5.89192335009759465358021573878526785         9.36230901072372171375624052260994900      
   7.41597998795284203808644556607957453         6.31252073983614159214605286819409688         11.5083575463872751243424665696157871      
   7.71920528557642239853641635475447980         6.76566826892705196281271488073714624         13.4545583748227091341061014672080292      
   8.03981341578390274008385099848745428         7.24394701590398136469741063843169393         15.2219523301369439831976299625000701      
   8.37270199441218489517142688918221407         7.73957618344223184238721640141167808         16.8294461894970043274823405322962464      
   8.71274965773503455206499654435767697         8.24485244016393351799861406365421413         18.2940335732699842112661085403934795      
   9.05506770546436416525775834485701019         8.75250465537079239318742460820112677         19.6309794455317268934057123862149419      
   9.39518892309670569400264427969378687         9.25595333181010457998706449868281786         20.8539813354348687212785835050588251      
   9.72919315906714327040937434657286050         9.74947672838685815512903972747276779         21.9753150731081973153744907803614315      
   10.0537755338755292605273301076338904         10.2282940956534685232296725737064182         23.0059689988613445879806035491253113      
