   6.00000000000000000000000000000000000         9.00000000000000000000000000000000000        -11355.1371119330240588730966137278490      
   6.00000000000000000000000000000000000         9.00000000000000000000000000000000000        -11355.1371119330240588730966137278490      
   6.00000000000000000000000000000000000         9.00000000000000000000000000000000000        -11355.1371119330240588730966137278490      
   6.00000000000000000000000000000000000         9.00000000000000000000000000000000000        -11355.1371119330240588730966137278490      
   6.00000000000000000000000000000000000         9.00000000000000000000000000000000000        -11355.1371119330240588730966137278490      
   6.00000000000000000000000000000000000         9.00000000000000000000000000000000000        -11355.1371119330240588730966137278490      
   6.00000000000000000000000000000000000         9.00000000000000000000000000000000000        -11355.1371119330240588730966137278490      
   6.00000000000000000000000000000000000         9.00000000000000000000000000000000000        -11355.1371119330240588730966137278490      
   6.00000000000000000000000000000000000         9.00000000000000000000000000000000000        -11355.1371119330240588730966137278490      
   6.00000000000000000000000000000000000         9.00000000000000000000000000000000000        -11355.1371119330240588730966137278490      
   6.00000000000000000000000000000000000         9.00000000000000000000000000000000000        -11355.1371119330240588730966137278490      
   6.00000000000000000000000000000000000         9.00000000000000000000000000000000000        -11355.1371119330240588730966137278490      
   6.00000000000000000000000000000000000         9.00000000000000000000000000000000000        -11355.1371119330240588730966137278490      
   6.00000000000000000000000000000000000         9.00000000000000000000000000000000000        -11355.1371119330240588730966137278490      
   6.00000000000000000000000000000000000         9.00000000000000000000000000000000000        -11355.1371119330240588730966137278490      
   6.00000000000000000000000000000000000         9.00000000000000000000000000000000000        -11355.1371119330240588730966137278490      
   6.00000000000000000000000000000000000         9.00000000000000000000000000000000000        -11355.1371119330240588730966137278490      
   6.00000000000000000000000000000000000         9.00000000000000000000000000000000000        -11355.1371119330240588730966137278490      
   6.00000000000000000000000000000000000         9.00000000000000000000000000000000000        -11355.1371119330240588730966137278490      
   6.00000000000000000000000000000000000         9.00000000000000000000000000000000000        -11355.1371119330240588730966137278490      
   6.00000000000000000000000000000000000         9.00000000000000000000000000000000000        -11355.1371119330240588730966137278490      
   6.00000000000000000000000000000000000         9.00000000000000000000000000000000000        -11355.1371119330240588730966137278490      
   6.00000000000000000000000000000000000         9.00000000000000000000000000000000000        -11355.1371119330240588730966137278490      
   6.00000000000000000000000000000000000         9.00000000000000000000000000000000000        -11355.1371119330240588730966137278490      
   6.00000000000000000000000000000000000         9.00000000000000000000000000000000000        -11196.6983731582196626393371756766097      
   6.00000000000000000000000000000000000         9.00000000000000000000000000000000000        -9977.96627692316040561105569694342517      
   6.00000000000000000000000000000000000         9.00000000000000000000000000000000000        -8891.73885232386631362017100095060289      
   6.00000000000000000000000000000000000         9.00000000000000000000000000000000000        -7923.60634062705182684577905279048011      
   6.00000000000000000000000000000000000         9.00000000000000000000000000000000000        -7060.72603084339525745736430609638626      
   6.00000000000000000000000000000000000         9.00000000000000000000000000000000000        -6291.65184475548308800493515332287413      
   6.00000000000000000000000000000000000         9.00000000000000000000000000000000000        -5606.18245441409329133023450173650448      
   6.00000000000000000000000000000000000         9.00000000000000000000000000000000000        -4995.22591671427173734541008360579085      
   6.00000000000000000000000000000000000         9.00000000000000000000000000000000000        -4450.67902883426941841381394035908201      
   6.00000000000000000000000000000000000         9.00000000000000000000000000000000000        -3965.31980365731451752300206905806667      
   6.00000000000000000000000000000000000         9.00000000000000000000000000000000000        -3532.71163839039432873442222435726946      
   6.00000000000000000000000000000000000         9.00000000000000000000000000000000000        -3147.11790475584199118277240337236127      
   6.00000000000000000000000000000000000         9.00000000000000000000000000000000000        -2803.42582741946234228119616097564951      
   6.00000000000000000000000000000000000         9.00000000000000000000000000000000000        -2497.07864056818686905249206961088828      
   6.00000000000000000000000000000000000         9.00000000000000000000000000000000000        -2224.01512239626247958892312791817620      
   6.00000000000000000000000000000000000         9.00000000000000000000000000000000000        -1980.61570515934250666865095569877029      
   6.00000000000000000000000000000000000         9.00000000000000000000000000000000000        -1763.65444570963933792686941931026919      
   6.00000000000000000000000000000000000         9.00000000000000000000000000000000000        -1570.25621919032113574276520014153104      
   6.00000000000000000000000000000000000         9.00000000000000000000000000000000000        -1397.85856787548487403086640981062680      
   6.00000000000000000000000000000000000         9.00000000000000000000000000000000000        -1244.17769891299141662892442169455485      
   6.00000000000000000000000000000000000         9.00000000000000000000000000000000000        -1107.17817978086861604051295678558891      
   6.00000000000000000000000000000000000         9.00000000000000000000000000000000000        -985.045929334400860198232784873618288      
   6.00000000000000000000000000000000000         9.00000000000000000000000000000000000        -876.164146051509620859692291235682613      
   6.00000000000000000000000000000000000         9.00000000000000000000000000000000000        -779.091854058866342042801072381020596      
   6.00000000000000000000000000000000000         9.00000000000000000000000000000000000        -692.544782257538854964507573672958592      
   6.00000000000000000000000000000000000         9.00000000000000000000000000000000000        -615.378322825785807879812634356955253      
   6.00000000000000000000000000000000000         9.00000000000000000000000000000000000        -546.572342968684998072890545159666262      
   6.00000000000000000000000000000000000         9.00000000000000000000000000000000000        -485.217648375741012534956079307942024      
   6.00000000000000000000000000000000000         9.00000000000000000000000000000000000        -430.503918764778950502344440944620128      
   6.00000000000000000000000000000000000         9.00000000000000000000000000000000000        -381.708955424121630273811229775866567      
   6.00000000000000000000000000000000000         9.00000000000000000000000000000000000        -338.189098074467781255501221267134829      
   6.00000000000000000000000000000000000         9.00000000000000000000000000000000000        -299.370683888050717360884215129992003      
   6.00000000000000000000000000000000000         9.00000000000000000000000000000000000        -264.742435331450922331274566851668347      
   6.00000000000000000000000000000000000         9.00000000000000000000000000000000000        -233.848675823361544868952133676540813      
   6.00000000000000000000000000000000000         9.00000000000000000000000000000000000        -206.283283183207275783143215468617593      
   6.00000000000000000000000000000000000         9.00000000000000000000000000000000000        -181.684300636553448351663974208025004      
   6.00000000000000000000000000000000000         9.00000000000000000000000000000000000        -159.729133868621301338033796530522873      
   6.00000000000000000000000000000000000         9.00000000000000000000000000000000000        -140.130270393727650980171350574997139      
   6.00000000000000000000000000000000000         9.00000000000000000000000000000000000        -122.631464439282194669529447503254674      
   6.00000000000000000000000000000000000         9.00000000000000000000000000000000000        -107.004336720071018789883224652995474      
   6.00000000000000000000000000000000000         9.00000000000000000000000000000000000        -93.0453439838969085915900541234469043      
   6.00000000000000000000000000000000000         9.00000000000000000000000000000000000        -80.5730781162883028679100128935978696      
   6.00000000000000000000000000000000000         9.00000000000000000000000000000000000        -69.4258589650373487946039394911522875      
   6.00000000000000000000000000000000000         9.00000000000000000000000000000000000        -59.4595889428111907734627935670341057      
   6.00000000000000000000000000000000000         9.00000000000000000000000000000000000        -50.5458409397166119261814196575759055      
   6.00000000000000000000000000000000000         9.00000000000000000000000000000000000        -42.5701541735794770782599016873235903      
   6.00000000000000000000000000000000000         9.00000000000000000000000000000000000        -35.4305153649075659581156687289427025      
   6.00000000000000000000000000000000000         9.00000000000000000000000000000000000        -29.0360050826513372648701981051182801      
   6.00000000000000000000000000000000000         9.00000000000000000000000000000000000        -23.3055912985933009221570102301341025      
   6.00000000000000000000000000000000000         9.00000000000000000000000000000000000        -18.1670541415657387598516650746067527      
   6.00000000000000000000000000000000000         9.00000000000000000000000000000000000        -13.5560275836385237185686401850815915      
   6.00000000000000000000000000000000000         9.00000000000000000000000000000000000        -9.41514534203498718965491553271531792      
   6.00000000000000000000000000000000000         9.00000000000000000000000000000000000        -5.69327966341317754724192666623096072      
   6.00000000000000000000000000000000000         9.00000000000000000000000000000000000        -2.34486288964240966155765931006622058      
   6.00000000000000000000000000000000000         9.00000000000000000000000000000000000        0.670717197334847386475256549378095278      
   6.00000000000000000000000000000000000         9.00000000000000000000000000000000000         3.38965627496206026907520471408934707      
   6.00000000000000000000000000000000000         9.00000000000000000000000000000000000         5.84421377471710510989024652049154905      
   6.00000000000000000000000000000000000         9.00000000000000000000000000000000000         8.06314094516830028512851515469608959      
   6.00000000000000000000000000000000000         9.00000000000000000000000000000000000         10.0720623635746760556447295005223763      
   6.00000000000000000000000000000000000         9.00000000000000000000000000000000000         11.8938159584576237830613758242002647      
   6.00000000000000000000000000000000000         9.00000000000000000000000000000000000         13.5487560550368649423427169158071112      
   6.00000000000000000000000000000000000         9.00000000000000000000000000000000000         15.0550234647595556541627450774440083      
   6.00000000000000000000000000000000000         9.00000000000000000000000000000000000         16.4287862028464812009453764563405383      
   6.00000000000000000000000000000000000         9.00000000000000000000000000000000000         17.6844540280309271425115150874043791      
   6.00000000000000000000000000000000000         9.00000000000000000000000000000000000         18.8348696513022151666916765170021755      
   6.00000000000000000000000000000000000         9.00000000000000000000000000000000000         19.8914791508777587909358523526793982      
   6.00000000000000000000000000000000000         9.00000000000000000000000000000000000         20.8644838547067800424022996871694775      
   6.00000000000000000000000000000000000         9.00000000000000000000000000000000000         21.7629757058942330511788707882039004      
   6.00000000000000000000000000000000000         9.00000000000000000000000000000000000         22.5950579072618668249022136143543288      
   6.00000000000000000000000000000000000         9.00000000000000000000000000000000000         23.3679524459264531805847721685590457      
   6.00000000000000000000000000000000000         9.00000000000000000000000000000000000         24.0880959246810048241650986961635536      
   6.00000000000000000000000000000000000         9.00000000000000000000000000000000000         24.7612249718031886165084952000521711      
   6.00000000000000000000000000000000000         9.00000000000000000000000000000000000         25.3924523626271997202018181253525999      
   6.00000000000000000000000000000000000         9.00000000000000000000000000000000000         25.9863348629661066482222688996210701      
   6.00000000000000000000000000000000000         9.00000000000000000000000000000000000         26.5469336946256624924775845242174870      
   6.00000000000000000000000000000000000         9.00000000000000000000000000000000000         27.0778684253502139201896033793406023      
   6.00000000000000000000000000000000000         9.00000000000000000000000000000000000         27.5823649982875485437231315986328121      
