   17.0000000000000000000000000000000000         16.0000000000000000000000000000000000        -11355.1371119330240588730966137278490      
   17.0000000000000000000000000000000000         16.0000000000000000000000000000000000        -11355.1371119330240588730966137278490      
   17.0000000000000000000000000000000000         16.0000000000000000000000000000000000        -11355.1371119330240588730966137278490      
   17.0000000000000000000000000000000000         16.0000000000000000000000000000000000        -11355.1371119330240588730966137278490      
   17.0000000000000000000000000000000000         16.0000000000000000000000000000000000        -11355.1371119330240588730966137278490      
   17.0000000000000000000000000000000000         16.0000000000000000000000000000000000        -11355.1371119330240588730966137278490      
   17.0000000000000000000000000000000000         16.0000000000000000000000000000000000        -11285.6676069580540536914702034244067      
   17.0000000000000000000000000000000000         16.0000000000000000000000000000000000        -10057.8742857628213750299155036831569      
   17.0000000000000000000000000000000000         16.0000000000000000000000000000000000        -8963.57103591713181003138382707779832      
   17.0000000000000000000000000000000000         16.0000000000000000000000000000000000        -7988.24093739326317129258496924405919      
   17.0000000000000000000000000000000000         16.0000000000000000000000000000000000        -7118.94577159769550012453015013587508      
   17.0000000000000000000000000000000000         16.0000000000000000000000000000000000        -6344.15433907117466372149737795959866      
   17.0000000000000000000000000000000000         16.0000000000000000000000000000000000        -5653.58944747783307705733741151652084      
   17.0000000000000000000000000000000000         16.0000000000000000000000000000000000        -5038.09153950694781539830934799461678      
   17.0000000000000000000000000000000000         16.0000000000000000000000000000000000        -4489.49715111244726477070469898505618      
   17.0000000000000000000000000000000000         16.0000000000000000000000000000000000        -4000.53058730484899718018687002214723      
   17.0000000000000000000000000000000000         16.0000000000000000000000000000000000        -3564.70737809920180686014040777694354      
   17.0000000000000000000000000000000000         16.0000000000000000000000000000000000        -3176.24823353811781691223595469543483      
   17.0000000000000000000000000000000000         16.0000000000000000000000000000000000        -2830.00235602532814782290541974187004      
   17.0000000000000000000000000000000000         16.0000000000000000000000000000000000        -2521.37909237102111927127807843349845      
   17.0000000000000000000000000000000000         16.0000000000000000000000000000000000        -2246.28701861313039978431946459641308      
   17.0000000000000000000000000000000000         16.0000000000000000000000000000000000        -2001.07964930716148535239927941461654      
   17.0000000000000000000000000000000000         16.0000000000000000000000000000000000        -1782.50705087981760121284954352619807      
   17.0000000000000000000000000000000000         16.0000000000000000000000000000000000        -1587.67271698502564101799471562602832      
   17.0000000000000000000000000000000000         16.0000000000000000000000000000000000        -1413.99513362453760134262712538187013      
   17.0000000000000000000000000000000000         16.0000000000000000000000000000000000        -1259.17352402560955281962617607196521      
   17.0000000000000000000000000000000000         16.0000000000000000000000000000000000        -1121.15731873109713695796544957885848      
   17.0000000000000000000000000000000000         16.0000000000000000000000000000000000        -998.118945788612038952357955566081636      
   17.0000000000000000000000000000000000         16.0000000000000000000000000000000000        -888.429579981081252313052763866892864      
   17.0000000000000000000000000000000000         16.0000000000000000000000000000000000        -790.637529305732558299720854044867930      
   17.0000000000000000000000000000000000         16.0000000000000000000000000000000000        -703.448971903213961043463348095397511      
   17.0000000000000000000000000000000000         16.0000000000000000000000000000000000        -625.710787827600047263708046839117901      
   17.0000000000000000000000000000000000         16.0000000000000000000000000000000000        -556.395257845304058457840026156158606      
   17.0000000000000000000000000000000000         16.0000000000000000000000000000000000        -494.586426225253702152485195765315197      
   17.0000000000000000000000000000000000         16.0000000000000000000000000000000000        -439.467946562841816950272706825707652      
   17.0000000000000000000000000000000000         16.0000000000000000000000000000000000        -390.312249359120160051768899890764858      
   17.0000000000000000000000000000000000         16.0000000000000000000000000000000000        -346.470887615593610880312229627592462      
   17.0000000000000000000000000000000000         16.0000000000000000000000000000000000        -307.365932336523381746069760280789781      
   17.0000000000000000000000000000000000         16.0000000000000000000000000000000000        -272.482303762282584697684682746780783      
   17.0000000000000000000000000000000000         16.0000000000000000000000000000000000        -241.360936573890051703069924577291927      
   17.0000000000000000000000000000000000         16.0000000000000000000000000000000000        -213.592688375139149614922039154931402      
   17.0000000000000000000000000000000000         16.0000000000000000000000000000000000        -188.812910621580428032277996598099381      
   17.0000000000000000000000000000000000         16.0000000000000000000000000000000000        -166.696609955884209478870998970606045      
   17.0000000000000000000000000000000000         16.0000000000000000000000000000000000        -146.954135743443183319933492141936949      
   17.0000000000000000000000000000000000         16.0000000000000000000000000000000000        -129.327336584432549212944709078869163      
   17.0000000000000000000000000000000000         16.0000000000000000000000000000000000        -113.586134801577914221192590109226656      
   17.0000000000000000000000000000000000         16.0000000000000000000000000000000000        -99.5254734491648424955744934212638228      
   17.0000000000000000000000000000000000         16.0000000000000000000000000000000000        -86.9625953319545025555617199813344023      
   17.0000000000000000000000000000000000         16.0000000000000000000000000000000000        -75.7346179282395937521791767727634710      
   17.0000000000000000000000000000000000         16.0000000000000000000000000000000000        -65.6963720377428942113939617519089656      
   17.0000000000000000000000000000000000         16.0000000000000000000000000000000000        -56.7184754745292043463161871183099350      
   17.0000000000000000000000000000000000         16.0000000000000000000000000000000000        -48.6856162440059828288886329540298682      
   17.0000000000000000000000000000000000         16.0000000000000000000000000000000000        -41.4950224228145538088498068470820621      
   17.0000000000000000000000000000000000         16.0000000000000000000000000000000000        -35.0550984378476880388622997693457349      
   17.0000000000000000000000000000000000         16.0000000000000000000000000000000000        -29.2842096486446693791890268367329813      
   17.0000000000000000000000000000000000         16.0000000000000000000000000000000000        -24.1095991053106735498866221045867126      
   17.0000000000000000000000000000000000         16.0000000000000000000000000000000000        -19.4664221079961884932889310396174159      
   17.0000000000000000000000000000000000         16.0000000000000000000000000000000000        -15.2968857571273354404126600662852311      
   17.0000000000000000000000000000000000         16.0000000000000000000000000000000000        -11.5494820767414255961221282742323395      
   17.0000000000000000000000000000000000         16.0000000000000000000000000000000000        -8.17830453494034215720862841863145844      
   17.0000000000000000000000000000000000         16.0000000000000000000000000000000000        -5.14243889210342180894181583774341141      
   17.0000000000000000000000000000000000         16.0000000000000000000000000000000000        -2.40542029378571951122538754340822235      
   17.0000000000000000000000000000000000         16.0000000000000000000000000000000000         6.52505957457324835673362579930991810E-0002
   17.0000000000000000000000000000000000         16.0000000000000000000000000000000000         2.29853883995166523891311097951200490      
   17.0000000000000000000000000000000000         16.0000000000000000000000000000000000         4.32025957881455878906401332447077585      
   17.0000000000000000000000000000000000         16.0000000000000000000000000000000000         6.15342058006185242769124926008701274      
   17.0000000000000000000000000000000000         16.0000000000000000000000000000000000         7.81852753826498973970508296753529309      
   17.0000000000000000000000000000000000         16.0000000000000000000000000000000000         9.33385617294785387315838435018021969      
   17.0000000000000000000000000000000000         16.0000000000000000000000000000000000         10.7156947362811748929486627096893105      
   17.0000000000000000000000000000000000         16.0000000000000000000000000000000000         11.9785601482926749864792082504267479      
   17.0000000000000000000000000000000000         16.0000000000000000000000000000000000         13.1353906275758741124390097524386424      
   17.0000000000000000000000000000000000         16.0000000000000000000000000000000000         14.1977173735900264036337892075186443      
   17.0000000000000000000000000000000000         16.0000000000000000000000000000000000         15.1758175786709994450896958568654087      
   17.0000000000000000000000000000000000         16.0000000000000000000000000000000000         16.0788508001295161615404706032910365      
   17.0000000000000000000000000000000000         16.0000000000000000000000000000000000         16.9149805020116481669598219352043015      
   17.0000000000000000000000000000000000         16.0000000000000000000000000000000000         17.6914823793068778893420864470709199      
   17.0000000000000000000000000000000000         16.0000000000000000000000000000000000         18.4148409020001565344538795922198435      
   17.0000000000000000000000000000000000         16.0000000000000000000000000000000000         19.0908353600488719791935307282050479      
   17.0000000000000000000000000000000000         16.0000000000000000000000000000000000         19.7246165510492931030746079460623304      
   17.0000000000000000000000000000000000         16.0000000000000000000000000000000000         20.3207751281912315864179819702744075      
   17.0000000000000000000000000000000000         16.0000000000000000000000000000000000         20.8834025154367537606966872670152023      
   17.0000000000000000000000000000000000         16.0000000000000000000000000000000000         21.4161451982303541299203541351007079      
   17.0000000000000000000000000000000000         16.0000000000000000000000000000000000         21.9222531101453294688516505538928433      
   17.0000000000000000000000000000000000         16.0000000000000000000000000000000000         22.4046227575277528838382520646967204      
   17.0000000000000000000000000000000000         16.0000000000000000000000000000000000         22.8658356543758723783053663378445867      
   17.0000000000000000000000000000000000         16.0000000000000000000000000000000000         23.3081925774624318816201139700582022      
   17.0000000000000000000000000000000000         16.0000000000000000000000000000000000         23.7337440962445757522735213794550166      
   17.0000000000000000000000000000000000         16.0000000000000000000000000000000000         24.1443177826746923050708755563715066      
   17.0000000000000000000000000000000000         16.0000000000000000000000000000000000         24.5415424619698545465019274309744054      
   17.0000000000000000000000000000000000         16.0000000000000000000000000000000000         24.9268698261328346953070060237001376      
   17.0000000000000000000000000000000000         16.0000000000000000000000000000000000         25.3015936970229847473550102125533196      
   17.0000000000000000000000000000000000         16.0000000000000000000000000000000000         25.6668671945862301159265121967133089      
   17.0000000000000000000000000000000000         16.0000000000000000000000000000000000         26.0237180380561575595241269002999821      
   17.0000000000000000000000000000000000         16.0000000000000000000000000000000000         26.3730621831638393706212284135945325      
   17.0000000000000000000000000000000000         16.0000000000000000000000000000000000         26.7157159763138827106151875854378511      
   17.0000000000000000000000000000000000         16.0000000000000000000000000000000000         27.0524069870052358223054380752765023      
   17.0000000000000000000000000000000000         16.0000000000000000000000000000000000         27.3837836622363938262686414284433886      
   17.0000000000000000000000000000000000         16.0000000000000000000000000000000000         27.7104239310030955101946305806938990      
   17.0000000000000000000000000000000000         16.0000000000000000000000000000000000         28.0328428730649677620347623411316181      
   17.0000000000000000000000000000000000         16.0000000000000000000000000000000000         28.3514995537409917498211237822048142      
   17.0000000000000000000000000000000000         16.0000000000000000000000000000000000         28.6668031154273741067010183505308851      
