   10.0000000000000000000000000000000000         9.00000000000000000000000000000000000        -11355.1371119330240588730966137278490      
   10.0000000000000000000000000000000000         9.00000000000000000000000000000000000        -11355.1371119330240588730966137278490      
   10.0000000000000000000000000000000000         9.00000000000000000000000000000000000        -11355.1371119330240588730966137278490      
   10.0000000000000000000000000000000000         9.00000000000000000000000000000000000        -11355.1371119330240588730966137278490      
   10.0000000000000000000000000000000000         9.00000000000000000000000000000000000        -11355.1371119330240588730966137278490      
   10.0000000000000000000000000000000000         9.00000000000000000000000000000000000        -11355.1371119330240588730966137278490      
   10.0000000000000000000000000000000000         9.00000000000000000000000000000000000        -11355.1371119330240588730966137278490      
   10.0000000000000000000000000000000000         9.00000000000000000000000000000000000        -11355.1371119330240588730966137278490      
   10.0000000000000000000000000000000000         9.00000000000000000000000000000000000        -11355.1371119330240588730966137278490      
   10.0000000000000000000000000000000000         9.00000000000000000000000000000000000        -11355.1371119330240588730966137278490      
   10.0000000000000000000000000000000000         9.00000000000000000000000000000000000        -11355.1371119330240588730966137278490      
   10.0000000000000000000000000000000000         9.00000000000000000000000000000000000        -11355.1371119330240588730966137278490      
   10.0000000000000000000000000000000000         9.00000000000000000000000000000000000        -11355.1371119330240588730966137278490      
   10.0000000000000000000000000000000000         9.00000000000000000000000000000000000        -11355.1371119330240588730966137278490      
   10.0000000000000000000000000000000000         9.00000000000000000000000000000000000        -11355.1371119330240588730966137278490      
   10.0000000000000000000000000000000000         9.00000000000000000000000000000000000        -11355.1371119330240588730966137278490      
   10.0000000000000000000000000000000000         9.00000000000000000000000000000000000        -11355.1371119330240588730966137278490      
   10.0000000000000000000000000000000000         9.00000000000000000000000000000000000        -11355.1371119330240588730966137278490      
   10.0000000000000000000000000000000000         9.00000000000000000000000000000000000        -11355.1371119330240588730966137278490      
   10.0000000000000000000000000000000000         9.00000000000000000000000000000000000        -11355.1371119330240588730966137278490      
   10.0000000000000000000000000000000000         9.00000000000000000000000000000000000        -11355.1371119330240588730966137278490      
   10.0000000000000000000000000000000000         9.00000000000000000000000000000000000        -11355.1371119330240588730966137278490      
   10.0000000000000000000000000000000000         9.00000000000000000000000000000000000        -11355.1371119330240588730966137278490      
   10.0000000000000000000000000000000000         9.00000000000000000000000000000000000        -11107.1047593699678538857826167927630      
   10.0000000000000000000000000000000000         9.00000000000000000000000000000000000        -9898.20273688704158867028951740071273      
   10.0000000000000000000000000000000000         9.00000000000000000000000000000000000        -8820.73637474125993355675595538832708      
   10.0000000000000000000000000000000000         9.00000000000000000000000000000000000        -7860.41216817518674048476629980179089      
   10.0000000000000000000000000000000000         9.00000000000000000000000000000000000        -7004.49101766453788765169766111024090      
   10.0000000000000000000000000000000000         9.00000000000000000000000000000000000        -6241.61918880731600010545536359652509      
   10.0000000000000000000000000000000000         9.00000000000000000000000000000000000        -5561.67765516641953712190534207214676      
   10.0000000000000000000000000000000000         9.00000000000000000000000000000000000        -4955.64782493678157797597824896796781      
   10.0000000000000000000000000000000000         9.00000000000000000000000000000000000        -4415.49186971149092007828494981466521      
   10.0000000000000000000000000000000000         9.00000000000000000000000000000000000        -3934.04606738232988481836985959145558      
   10.0000000000000000000000000000000000         9.00000000000000000000000000000000000        -3504.92574389982001281668152713814128      
   10.0000000000000000000000000000000000         9.00000000000000000000000000000000000        -3122.44055252768544712607446660271726      
   10.0000000000000000000000000000000000         9.00000000000000000000000000000000000        -2781.51896639891403317579129044708336      
   10.0000000000000000000000000000000000         9.00000000000000000000000000000000000        -2477.64098243551069289874352011171883      
   10.0000000000000000000000000000000000         9.00000000000000000000000000000000000        -2206.77814365384489560119918800384114      
   10.0000000000000000000000000000000000         9.00000000000000000000000000000000000        -1965.34008398802449204276292029516030      
   10.0000000000000000000000000000000000         9.00000000000000000000000000000000000        -1750.12688631357953899388794914761036      
   10.0000000000000000000000000000000000         9.00000000000000000000000000000000000        -1558.28662149137596218681570821873457      
   10.0000000000000000000000000000000000         9.00000000000000000000000000000000000        -1387.27750500066955264854251231309025      
   10.0000000000000000000000000000000000         9.00000000000000000000000000000000000        -1234.83416900281320135605726772785935      
   10.0000000000000000000000000000000000         9.00000000000000000000000000000000000        -1098.93760228639465691949448762252956      
   10.0000000000000000000000000000000000         9.00000000000000000000000000000000000        -977.788359215140200258493153644672449      
   10.0000000000000000000000000000000000         9.00000000000000000000000000000000000        -869.782682177600204607687773404781779      
   10.0000000000000000000000000000000000         9.00000000000000000000000000000000000        -773.491220698031055161036783807474970      
   10.0000000000000000000000000000000000         9.00000000000000000000000000000000000        -687.640064824004339738277895899669797      
   10.0000000000000000000000000000000000         9.00000000000000000000000000000000000        -611.093841115320320844201642109645696      
   10.0000000000000000000000000000000000         9.00000000000000000000000000000000000        -542.840646928268844406394615918555837      
   10.0000000000000000000000000000000000         9.00000000000000000000000000000000000        -481.978623082343218352349882569486004      
   10.0000000000000000000000000000000000         9.00000000000000000000000000000000000        -427.703986736852322423128528615502878      
   10.0000000000000000000000000000000000         9.00000000000000000000000000000000000        -379.300365680974388757684995554530756      
   10.0000000000000000000000000000000000         9.00000000000000000000000000000000000        -336.129292509761571418064138270547358      
   10.0000000000000000000000000000000000         9.00000000000000000000000000000000000        -297.621732549586284709551408178352949      
   10.0000000000000000000000000000000000         9.00000000000000000000000000000000000        -263.270533113747313175071066524137581      
   10.0000000000000000000000000000000000         9.00000000000000000000000000000000000        -232.623693894445149007914265451948653      
   10.0000000000000000000000000000000000         9.00000000000000000000000000000000000        -205.278369193316739138707808202509340      
   10.0000000000000000000000000000000000         9.00000000000000000000000000000000000        -180.875522403772868643412157392989294      
   10.0000000000000000000000000000000000         9.00000000000000000000000000000000000        -159.095161813366543199072636239582307      
   10.0000000000000000000000000000000000         9.00000000000000000000000000000000000        -139.652094508184355378913388108042716      
   10.0000000000000000000000000000000000         9.00000000000000000000000000000000000        -122.292142036151884285634044478826346      
   10.0000000000000000000000000000000000         9.00000000000000000000000000000000000        -106.788767613404419016933495981651244      
   10.0000000000000000000000000000000000         9.00000000000000000000000000000000000        -92.9400701188007344338251939324662479      
   10.0000000000000000000000000000000000         9.00000000000000000000000000000000000        -80.5661049887134586282730364960285490      
   10.0000000000000000000000000000000000         9.00000000000000000000000000000000000        -69.5064964619976289237404744333875167      
   10.0000000000000000000000000000000000         9.00000000000000000000000000000000000        -59.6183094910788838396233514350048175      
   10.0000000000000000000000000000000000         9.00000000000000000000000000000000000        -50.7741530807143821578954386055723251      
   10.0000000000000000000000000000000000         9.00000000000000000000000000000000000        -42.8604898868841501290357891879179127      
   10.0000000000000000000000000000000000         9.00000000000000000000000000000000000        -35.7761296452171723458030625301569479      
   10.0000000000000000000000000000000000         9.00000000000000000000000000000000000        -29.4308864376627796009465651565979654      
   10.0000000000000000000000000000000000         9.00000000000000000000000000000000000        -23.7443819801518598685724057225476580      
   10.0000000000000000000000000000000000         9.00000000000000000000000000000000000        -18.6449790516022363625760283777984632      
   10.0000000000000000000000000000000000         9.00000000000000000000000000000000000        -14.0688309115191244891619186107481273      
   10.0000000000000000000000000000000000         9.00000000000000000000000000000000000        -9.95903409253976567885862156287669678      
   10.0000000000000000000000000000000000         9.00000000000000000000000000000000000        -6.26487332599403838595856335880316993      
   10.0000000000000000000000000000000000         9.00000000000000000000000000000000000        -2.94114858110199182979085921293228581      
   10.0000000000000000000000000000000000         9.00000000000000000000000000000000000         5.24247119726792965818105506636311713E-0002
   10.0000000000000000000000000000000000         9.00000000000000000000000000000000000         2.75175021388889648556339967026762881      
   10.0000000000000000000000000000000000         9.00000000000000000000000000000000000         5.18882709589135916944937582426032143      
   10.0000000000000000000000000000000000         9.00000000000000000000000000000000000         7.39217464937140809091732467606626830      
   10.0000000000000000000000000000000000         9.00000000000000000000000000000000000         9.38721071953648533969728307763987524      
   10.0000000000000000000000000000000000         9.00000000000000000000000000000000000         11.1965889847730620060193619660094219      
   10.0000000000000000000000000000000000         9.00000000000000000000000000000000000         12.8404995571952606037822162095798914      
   10.0000000000000000000000000000000000         9.00000000000000000000000000000000000         14.3369368931658183237894559918756531      
   10.0000000000000000000000000000000000         9.00000000000000000000000000000000000         15.7019385687992314336947362367917472      
   10.0000000000000000000000000000000000         9.00000000000000000000000000000000000         16.9497980888529360815584725752819910      
   10.0000000000000000000000000000000000         9.00000000000000000000000000000000000         18.0932545528512163891832878968772616      
   10.0000000000000000000000000000000000         9.00000000000000000000000000000000000         19.1436616951960697315212768772946786      
   10.0000000000000000000000000000000000         9.00000000000000000000000000000000000         20.1111385423245976492965735817227657      
   10.0000000000000000000000000000000000         9.00000000000000000000000000000000000         21.0047036860418670632342473577306560      
   10.0000000000000000000000000000000000         9.00000000000000000000000000000000000         21.8323949547547891759236873397876674      
   10.0000000000000000000000000000000000         9.00000000000000000000000000000000000         22.6013760705715816659753491129145972      
   10.0000000000000000000000000000000000         9.00000000000000000000000000000000000         23.3180317075417229927687841282716133      
   10.0000000000000000000000000000000000         9.00000000000000000000000000000000000         23.9880522124014890132511378717107459      
   10.0000000000000000000000000000000000         9.00000000000000000000000000000000000         24.6165091120178918819931677307700887      
   10.0000000000000000000000000000000000         9.00000000000000000000000000000000000         25.2079224094689266770619621840091727      
   10.0000000000000000000000000000000000         9.00000000000000000000000000000000000         25.7663205617382239291512531990207594      
   10.0000000000000000000000000000000000         9.00000000000000000000000000000000000         26.2952939348916757875014361496331454      
   10.0000000000000000000000000000000000         9.00000000000000000000000000000000000         26.7980424460537521953420578036844026      
   10.0000000000000000000000000000000000         9.00000000000000000000000000000000000         27.2774180243635872269408767275169896      
