   9.00000000000000000000000000000000000         6.00000000000000000000000000000000000        -11355.1371119330240588730966137278490      
   9.00000000000000000000000000000000000         6.00000000000000000000000000000000000        -11355.1371119330240588730966137278490      
   9.00000000000000000000000000000000000         6.00000000000000000000000000000000000        -11355.1371119330240588730966137278490      
   9.00000000000000000000000000000000000         6.00000000000000000000000000000000000        -11355.1371119330240588730966137278490      
   9.00000000000000000000000000000000000         6.00000000000000000000000000000000000        -11355.1371119330240588730966137278490      
   9.00000000000000000000000000000000000         6.00000000000000000000000000000000000        -11355.1371119330240588730966137278490      
   9.00000000000000000000000000000000000         6.00000000000000000000000000000000000        -11355.1371119330240588730966137278490      
   9.00000000000000000000000000000000000         6.00000000000000000000000000000000000        -11355.1371119330240588730966137278490      
   9.00000000000000000000000000000000000         6.00000000000000000000000000000000000        -11355.1371119330240588730966137278490      
   9.00000000000000000000000000000000000         6.00000000000000000000000000000000000        -11355.1371119330240588730966137278490      
   9.00000000000000000000000000000000000         6.00000000000000000000000000000000000        -11355.1371119330240588730966137278490      
   9.00000000000000000000000000000000000         6.00000000000000000000000000000000000        -11355.1371119330240588730966137278490      
   9.00000000000000000000000000000000000         6.00000000000000000000000000000000000        -11355.1371119330240588730966137278490      
   9.00000000000000000000000000000000000         6.00000000000000000000000000000000000        -11355.1371119330240588730966137278490      
   9.00000000000000000000000000000000000         6.00000000000000000000000000000000000        -11355.1371119330240588730966137278490      
   9.00000000000000000000000000000000000         6.00000000000000000000000000000000000        -11355.1371119330240588730966137278490      
   9.00000000000000000000000000000000000         6.00000000000000000000000000000000000        -11355.1371119330240588730966137278490      
   9.00000000000000000000000000000000000         6.00000000000000000000000000000000000        -11355.1371119330240588730966137278490      
   9.00000000000000000000000000000000000         6.00000000000000000000000000000000000        -11355.1371119330240588730966137278490      
   9.00000000000000000000000000000000000         6.00000000000000000000000000000000000        -11355.1371119330240588730966137278490      
   9.00000000000000000000000000000000000         6.00000000000000000000000000000000000        -11355.1371119330240588730966137278490      
   9.00000000000000000000000000000000000         6.00000000000000000000000000000000000        -11355.1371119330240588730966137278490      
   9.00000000000000000000000000000000000         6.00000000000000000000000000000000000        -11355.1371119330240588730966137278490      
   9.00000000000000000000000000000000000         6.00000000000000000000000000000000000        -11355.1371119330240588730966137278490      
   9.00000000000000000000000000000000000         6.00000000000000000000000000000000000        -11355.1371119330240588730966137278490      
   9.00000000000000000000000000000000000         6.00000000000000000000000000000000000        -10868.1267695377189046750879624221844      
   9.00000000000000000000000000000000000         6.00000000000000000000000000000000000        -9685.18341435644115984555728760750865      
   9.00000000000000000000000000000000000         6.00000000000000000000000000000000000        -8630.85273879595553318746027361797071      
   9.00000000000000000000000000000000000         6.00000000000000000000000000000000000        -7691.14823460339573714723257733080342      
   9.00000000000000000000000000000000000         6.00000000000000000000000000000000000        -6853.60441317717931879570912286559231      
   9.00000000000000000000000000000000000         6.00000000000000000000000000000000000        -6107.11139610685040529628760798288113      
   9.00000000000000000000000000000000000         6.00000000000000000000000000000000000        -5441.76749383653835440001648867638575      
   9.00000000000000000000000000000000000         6.00000000000000000000000000000000000        -4848.74781626046434607877419145775558      
   9.00000000000000000000000000000000000         6.00000000000000000000000000000000000        -4320.18717179292579815798884396642268      
   9.00000000000000000000000000000000000         6.00000000000000000000000000000000000        -3849.07570105456364266873866214435163      
   9.00000000000000000000000000000000000         6.00000000000000000000000000000000000        -3429.16586029733847508732720304711074      
   9.00000000000000000000000000000000000         6.00000000000000000000000000000000000        -3054.88952029477855942156180762067602      
   9.00000000000000000000000000000000000         6.00000000000000000000000000000000000        -2721.28408065014103414367055236949612      
   9.00000000000000000000000000000000000         6.00000000000000000000000000000000000        -2423.92661910424592615221471601722802      
   9.00000000000000000000000000000000000         6.00000000000000000000000000000000000        -2158.87520204430645922822684286720822      
   9.00000000000000000000000000000000000         6.00000000000000000000000000000000000        -1922.61657743986547427247395494210502      
   9.00000000000000000000000000000000000         6.00000000000000000000000000000000000        -1712.01955612287774191427709767448171      
   9.00000000000000000000000000000000000         6.00000000000000000000000000000000000        -1524.29346280984872929592986043299334      
   9.00000000000000000000000000000000000         6.00000000000000000000000000000000000        -1356.95110553633727774541156610938831      
   9.00000000000000000000000000000000000         6.00000000000000000000000000000000000        -1207.77577213071649114309765566678292      
   9.00000000000000000000000000000000000         6.00000000000000000000000000000000000        -1074.79181579045140599219643502933017      
   9.00000000000000000000000000000000000         6.00000000000000000000000000000000000        -956.238439449361801369791343509208844      
   9.00000000000000000000000000000000000         6.00000000000000000000000000000000000        -850.546331070351408564529618071605527      
   9.00000000000000000000000000000000000         6.00000000000000000000000000000000000        -756.316839828133598821054824404236062      
   9.00000000000000000000000000000000000         6.00000000000000000000000000000000000        -672.303416862550126846450454919062924      
   9.00000000000000000000000000000000000         6.00000000000000000000000000000000000        -597.395074332555405357056279392139917      
   9.00000000000000000000000000000000000         6.00000000000000000000000000000000000        -530.601643282562370127977143422837247      
   9.00000000000000000000000000000000000         6.00000000000000000000000000000000000        -471.040634701993139156400889662323298      
   9.00000000000000000000000000000000000         6.00000000000000000000000000000000000        -417.925529432277454224870330874537961      
   9.00000000000000000000000000000000000         6.00000000000000000000000000000000000        -370.555341535479408536493288653678889      
   9.00000000000000000000000000000000000         6.00000000000000000000000000000000000        -328.305316636795061638900118705302812      
   9.00000000000000000000000000000000000         6.00000000000000000000000000000000000        -290.618641813577239932871555124006771      
   9.00000000000000000000000000000000000         6.00000000000000000000000000000000000        -256.999057026151657265630405560237375      
   9.00000000000000000000000000000000000         6.00000000000000000000000000000000000        -227.004270048600316327032797886358623      
   9.00000000000000000000000000000000000         6.00000000000000000000000000000000000        -200.240087519644539495181986532704670      
   9.00000000000000000000000000000000000         6.00000000000000000000000000000000000        -176.355184236238610860154673701542318      
   9.00000000000000000000000000000000000         6.00000000000000000000000000000000000        -155.036441281578007484882963936128029      
   9.00000000000000000000000000000000000         6.00000000000000000000000000000000000        -136.004791127313276083596216173327155      
   9.00000000000000000000000000000000000         6.00000000000000000000000000000000000        -119.011514577000300789092362702314664      
   9.00000000000000000000000000000000000         6.00000000000000000000000000000000000        -103.834940413476391989408947619402133      
   9.00000000000000000000000000000000000         6.00000000000000000000000000000000000        -90.2775039564880533348668015170048656      
   9.00000000000000000000000000000000000         6.00000000000000000000000000000000000        -78.1631254994172627331742683263407410      
   9.00000000000000000000000000000000000         6.00000000000000000000000000000000000        -67.3348738385543933131960717439284145      
   9.00000000000000000000000000000000000         6.00000000000000000000000000000000000        -57.6528838913707821993965683385394916      
   9.00000000000000000000000000000000000         6.00000000000000000000000000000000000        -48.9925007718506048624841073513701779      
   9.00000000000000000000000000000000000         6.00000000000000000000000000000000000        -41.2426256958893025740926657600258824      
   9.00000000000000000000000000000000000         6.00000000000000000000000000000000000        -34.3042417679281689117327281244436193      
   9.00000000000000000000000000000000000         6.00000000000000000000000000000000000        -28.0891000869094156751230787097402505      
   9.00000000000000000000000000000000000         6.00000000000000000000000000000000000        -22.5185487369760170425179987923097207      
   9.00000000000000000000000000000000000         6.00000000000000000000000000000000000        -17.5224891243343823342282705315718285      
   9.00000000000000000000000000000000000         6.00000000000000000000000000000000000        -13.0384458115041175050169294980822268      
   9.00000000000000000000000000000000000         6.00000000000000000000000000000000000        -9.01073750622050519496204910130063557      
   9.00000000000000000000000000000000000         6.00000000000000000000000000000000000        -5.38973820451611678878591010627170726      
   9.00000000000000000000000000000000000         6.00000000000000000000000000000000000        -2.13121868379915255547412530023183667      
   9.00000000000000000000000000000000000         6.00000000000000000000000000000000000        0.804240392058255267162979873785554543      
   9.00000000000000000000000000000000000         6.00000000000000000000000000000000000         3.45177154336067827011773519555377801      
   9.00000000000000000000000000000000000         6.00000000000000000000000000000000000         5.84268666178856874709693021074716847      
   9.00000000000000000000000000000000000         6.00000000000000000000000000000000000         8.00489250017687202667762902567930481      
   9.00000000000000000000000000000000000         6.00000000000000000000000000000000000         9.96326097816999969558003841143251793      
   9.00000000000000000000000000000000000         6.00000000000000000000000000000000000         11.7399592174842207150004039583757613      
   9.00000000000000000000000000000000000         6.00000000000000000000000000000000000         13.3547436861448847199066426072674805      
   9.00000000000000000000000000000000000         6.00000000000000000000000000000000000         14.8252223548137939195279199649858622      
   9.00000000000000000000000000000000000         6.00000000000000000000000000000000000         16.1670883438619110009777636618791221      
   9.00000000000000000000000000000000000         6.00000000000000000000000000000000000         17.3943281615421022518097380410699902      
   9.00000000000000000000000000000000000         6.00000000000000000000000000000000000         18.5194072964559501249530081784389084      
   9.00000000000000000000000000000000000         6.00000000000000000000000000000000000         19.5534356270139104932441763762253297      
   9.00000000000000000000000000000000000         6.00000000000000000000000000000000000         20.5063148427718539989321941784355361      
   9.00000000000000000000000000000000000         6.00000000000000000000000000000000000         21.3868698338355594620451831585578888      
   9.00000000000000000000000000000000000         6.00000000000000000000000000000000000         22.2029657917907294647577151889529212      
   9.00000000000000000000000000000000000         6.00000000000000000000000000000000000         22.9616125760167230750387120536787004      
   9.00000000000000000000000000000000000         6.00000000000000000000000000000000000         23.6690577302615796974118701956796528      
   9.00000000000000000000000000000000000         6.00000000000000000000000000000000000         24.3308693837517710678693822740098057      
   9.00000000000000000000000000000000000         6.00000000000000000000000000000000000         24.9520101368840400479390202121646934      
   9.00000000000000000000000000000000000         6.00000000000000000000000000000000000         25.5369029119175666107222227314206650      
   9.00000000000000000000000000000000000         6.00000000000000000000000000000000000         26.0894896424651375324379572874743927      
   9.00000000000000000000000000000000000         6.00000000000000000000000000000000000         26.6132835805572099721854568583032055      
