   4.00000000000000000000000000000000000         1.00000000000000000000000000000000000        -11355.1371119330240588730966137278490      
   4.00000000000000000000000000000000000         1.00000000000000000000000000000000000        -11355.1371119330240588730966137278490      
   4.00000000000000000000000000000000000         1.00000000000000000000000000000000000        -11355.1371119330240588730966137278490      
   4.00000000000000000000000000000000000         1.00000000000000000000000000000000000        -11355.1371119330240588730966137278490      
   4.00000000000000000000000000000000000         1.00000000000000000000000000000000000        -11355.1371119330240588730966137278490      
   4.00000000000000000000000000000000000         1.00000000000000000000000000000000000        -11355.1371119330240588730966137278490      
   4.00000000000000000000000000000000000         1.00000000000000000000000000000000000        -11355.1371119330240588730966137278490      
   4.00000000000000000000000000000000000         1.00000000000000000000000000000000000        -11355.1371119330240588730966137278490      
   4.00000000000000000000000000000000000         1.00000000000000000000000000000000000        -11355.1371119330240588730966137278490      
   4.00000000000000000000000000000000000         1.00000000000000000000000000000000000        -11355.1371119330240588730966137278490      
   4.00000000000000000000000000000000000         1.00000000000000000000000000000000000        -11355.1371119330240588730966137278490      
   4.00000000000000000000000000000000000         1.00000000000000000000000000000000000        -11355.1371119330240588730966137278490      
   4.00000000000000000000000000000000000         1.00000000000000000000000000000000000        -11355.1371119330240588730966137278490      
   4.00000000000000000000000000000000000         1.00000000000000000000000000000000000        -11355.1371119330240588730966137278490      
   4.00000000000000000000000000000000000         1.00000000000000000000000000000000000        -11355.1371119330240588730966137278490      
   4.00000000000000000000000000000000000         1.00000000000000000000000000000000000        -11355.1371119330240588730966137278490      
   4.00000000000000000000000000000000000         1.00000000000000000000000000000000000        -11355.1371119330240588730966137278490      
   4.00000000000000000000000000000000000         1.00000000000000000000000000000000000        -11355.1371119330240588730966137278490      
   4.00000000000000000000000000000000000         1.00000000000000000000000000000000000        -11355.1371119330240588730966137278490      
   4.00000000000000000000000000000000000         1.00000000000000000000000000000000000        -11355.1371119330240588730966137278490      
   4.00000000000000000000000000000000000         1.00000000000000000000000000000000000        -11355.1371119330240588730966137278490      
   4.00000000000000000000000000000000000         1.00000000000000000000000000000000000        -11355.1371119330240588730966137278490      
   4.00000000000000000000000000000000000         1.00000000000000000000000000000000000        -11355.1371119330240588730966137278490      
   4.00000000000000000000000000000000000         1.00000000000000000000000000000000000        -11355.1371119330240588730966137278490      
   4.00000000000000000000000000000000000         1.00000000000000000000000000000000000        -10714.4846310241615299564205006515304      
   4.00000000000000000000000000000000000         1.00000000000000000000000000000000000        -9548.38767902656556964414881532420051      
   4.00000000000000000000000000000000000         1.00000000000000000000000000000000000        -8509.07137610771565085217801046143365      
   4.00000000000000000000000000000000000         1.00000000000000000000000000000000000        -7582.74844561750332252779830056441283      
   4.00000000000000000000000000000000000         1.00000000000000000000000000000000000        -6757.13096430720994324637612610848569      
   4.00000000000000000000000000000000000         1.00000000000000000000000000000000000        -6021.26730905369956173319817127075242      
   4.00000000000000000000000000000000000         1.00000000000000000000000000000000000        -5365.39683547439004127470336063023812      
   4.00000000000000000000000000000000000         1.00000000000000000000000000000000000        -4780.82036010651517910725386724305266      
   4.00000000000000000000000000000000000         1.00000000000000000000000000000000000        -4259.78472752788703204067230068457135      
   4.00000000000000000000000000000000000         1.00000000000000000000000000000000000        -3795.37993069498385981367300481442420      
   4.00000000000000000000000000000000000         1.00000000000000000000000000000000000        -3381.44741934775612204097724463783803      
   4.00000000000000000000000000000000000         1.00000000000000000000000000000000000        -3012.49837978939084335946328513850332      
   4.00000000000000000000000000000000000         1.00000000000000000000000000000000000        -2683.64090166336210756948385638769379      
   4.00000000000000000000000000000000000         1.00000000000000000000000000000000000        -2390.51506527515000629367727430010085      
   4.00000000000000000000000000000000000         1.00000000000000000000000000000000000        -2129.23508810682587796094931911281606      
   4.00000000000000000000000000000000000         1.00000000000000000000000000000000000        -1896.33776284390209508683481989907397      
   4.00000000000000000000000000000000000         1.00000000000000000000000000000000000        -1688.73650271838991018879598258437450      
   4.00000000000000000000000000000000000         1.00000000000000000000000000000000000        -1503.68038437768814651654495163779929      
   4.00000000000000000000000000000000000         1.00000000000000000000000000000000000        -1338.71764480305697684982985720858503      
   4.00000000000000000000000000000000000         1.00000000000000000000000000000000000        -1191.66314790396290625638249597391854      
   4.00000000000000000000000000000000000         1.00000000000000000000000000000000000        -1060.56938908976805227295251890562367      
   4.00000000000000000000000000000000000         1.00000000000000000000000000000000000        -943.700653067046626102273326334238499      
   4.00000000000000000000000000000000000         1.00000000000000000000000000000000000        -839.509981952199804083624221809308525      
   4.00000000000000000000000000000000000         1.00000000000000000000000000000000000        -746.618648080216741111734226780956408      
   4.00000000000000000000000000000000000         1.00000000000000000000000000000000000        -663.797859126225573044139985296711056      
   4.00000000000000000000000000000000000         1.00000000000000000000000000000000000        -589.952452777912704753370165774285780      
   4.00000000000000000000000000000000000         1.00000000000000000000000000000000000        -524.106364597019922568068660671582324      
   4.00000000000000000000000000000000000         1.00000000000000000000000000000000000        -465.389676237270606211871687294210873      
   4.00000000000000000000000000000000000         1.00000000000000000000000000000000000        -413.027072156445961365761506599711721      
   4.00000000000000000000000000000000000         1.00000000000000000000000000000000000        -366.327551650193814003609552974044959      
   4.00000000000000000000000000000000000         1.00000000000000000000000000000000000        -324.675259692509210086887952917734335      
   4.00000000000000000000000000000000000         1.00000000000000000000000000000000000        -287.521314913710852079284532929148896      
   4.00000000000000000000000000000000000         1.00000000000000000000000000000000000        -254.376526278146148360834566015415433      
   4.00000000000000000000000000000000000         1.00000000000000000000000000000000000        -224.804901816363108093801883768004675      
   4.00000000000000000000000000000000000         1.00000000000000000000000000000000000        -198.417863276568865121077064210624257      
   4.00000000000000000000000000000000000         1.00000000000000000000000000000000000        -174.869089927314656694213590250598031      
   4.00000000000000000000000000000000000         1.00000000000000000000000000000000000        -153.849923091801608064957682480476038      
   4.00000000000000000000000000000000000         1.00000000000000000000000000000000000        -135.085270434769601558280555347166568      
   4.00000000000000000000000000000000000         1.00000000000000000000000000000000000        -118.329955654344654452157021865593128      
   4.00000000000000000000000000000000000         1.00000000000000000000000000000000000        -103.365465141473417253360261703474484      
   4.00000000000000000000000000000000000         1.00000000000000000000000000000000000        -89.9970484370921017155652399579930024      
   4.00000000000000000000000000000000000         1.00000000000000000000000000000000000        -78.0511340118581289590452966622025271      
   4.00000000000000000000000000000000000         1.00000000000000000000000000000000000        -67.3730260774116166177283621710575076      
   4.00000000000000000000000000000000000         1.00000000000000000000000000000000000        -57.8248518672514801810873386295703072      
   4.00000000000000000000000000000000000         1.00000000000000000000000000000000000        -49.2837321488905332348758904424937845      
   4.00000000000000000000000000000000000         1.00000000000000000000000000000000000        -41.6401506910974162663468844515992658      
   4.00000000000000000000000000000000000         1.00000000000000000000000000000000000        -34.7965010500463079083647099026769364      
   4.00000000000000000000000000000000000         1.00000000000000000000000000000000000        -28.6657913911095461332929885262877902      
   4.00000000000000000000000000000000000         1.00000000000000000000000000000000000        -23.1704901600652515092299464181858974      
   4.00000000000000000000000000000000000         1.00000000000000000000000000000000000        -18.2414972864782066335627270169672227      
   4.00000000000000000000000000000000000         1.00000000000000000000000000000000000        -13.8172272677479161024385429726841737      
   4.00000000000000000000000000000000000         1.00000000000000000000000000000000000        -9.84279196690625016222617693517363684      
   4.00000000000000000000000000000000000         1.00000000000000000000000000000000000        -6.26927228038794965092915620514830195      
   4.00000000000000000000000000000000000         1.00000000000000000000000000000000000        -3.05306901124781548477386394175523778      
   4.00000000000000000000000000000000000         1.00000000000000000000000000000000000       -0.155324334306561048049357947365197999      
   4.00000000000000000000000000000000000         1.00000000000000000000000000000000000         2.45859382358068993408901348728941420      
   4.00000000000000000000000000000000000         1.00000000000000000000000000000000000         4.81955133009382493646662830295359995      
   4.00000000000000000000000000000000000         1.00000000000000000000000000000000000         6.95505741875885572658636505493651435      
   4.00000000000000000000000000000000000         1.00000000000000000000000000000000000         8.88962971976318057665074244174589858      
   4.00000000000000000000000000000000000         1.00000000000000000000000000000000000         10.6451195940121344359824424966097323      
   4.00000000000000000000000000000000000         1.00000000000000000000000000000000000         12.2410020874120961292139687098098700      
   4.00000000000000000000000000000000000         1.00000000000000000000000000000000000         13.6946343528973235443179870780409103      
   4.00000000000000000000000000000000000         1.00000000000000000000000000000000000         15.0214859693038049179017045658073852      
   4.00000000000000000000000000000000000         1.00000000000000000000000000000000000         16.2353442132816487010178309586081263      
   4.00000000000000000000000000000000000         1.00000000000000000000000000000000000         17.3484970080795735350909998159677568      
   4.00000000000000000000000000000000000         1.00000000000000000000000000000000000         18.3718959768207153713959244537091980      
   4.00000000000000000000000000000000000         1.00000000000000000000000000000000000         19.3153017638876563466461659472534215      
   4.00000000000000000000000000000000000         1.00000000000000000000000000000000000         20.1874135527431626636053621235443156      
   4.00000000000000000000000000000000000         1.00000000000000000000000000000000000         20.9959844988094222654636903730065182      
   4.00000000000000000000000000000000000         1.00000000000000000000000000000000000         21.7479246091299568924824363517803670      
   4.00000000000000000000000000000000000         1.00000000000000000000000000000000000         22.4493924339648160850468787948606617      
   4.00000000000000000000000000000000000         1.00000000000000000000000000000000000         23.1058767870108128185201394372637069      
   4.00000000000000000000000000000000000         1.00000000000000000000000000000000000         23.7222695786244730091018655489182337      
   4.00000000000000000000000000000000000         1.00000000000000000000000000000000000         24.3029307285003165651694188139095357      
   4.00000000000000000000000000000000000         1.00000000000000000000000000000000000         24.8517460191562721482938934520005260      
   4.00000000000000000000000000000000000         1.00000000000000000000000000000000000         25.3721786579068273859597546341179752      
   4.00000000000000000000000000000000000         1.00000000000000000000000000000000000         25.8673152315199710256495401543363858      
