   9.00000000000000000000000000000000000         10.0000000000000000000000000000000000        -11355.1371119330240588730966137278490      
   9.00000000000000000000000000000000000         10.0000000000000000000000000000000000        -11355.1371119330240588730966137278490      
   9.00000000000000000000000000000000000         10.0000000000000000000000000000000000        -11355.1371119330240588730966137278490      
   9.00000000000000000000000000000000000         10.0000000000000000000000000000000000        -11355.1371119330240588730966137278490      
   9.00000000000000000000000000000000000         10.0000000000000000000000000000000000        -11355.1371119330240588730966137278490      
   9.00000000000000000000000000000000000         10.0000000000000000000000000000000000        -11355.1371119330240588730966137278490      
   9.00000000000000000000000000000000000         10.0000000000000000000000000000000000        -11355.1371119330240588730966137278490      
   9.00000000000000000000000000000000000         10.0000000000000000000000000000000000        -11355.1371119330240588730966137278490      
   9.00000000000000000000000000000000000         10.0000000000000000000000000000000000        -11355.1371119330240588730966137278490      
   9.00000000000000000000000000000000000         10.0000000000000000000000000000000000        -11355.1371119330240588730966137278490      
   9.00000000000000000000000000000000000         10.0000000000000000000000000000000000        -11355.1371119330240588730966137278490      
   9.00000000000000000000000000000000000         10.0000000000000000000000000000000000        -11355.1371119330240588730966137278490      
   9.00000000000000000000000000000000000         10.0000000000000000000000000000000000        -11355.1371119330240588730966137278490      
   9.00000000000000000000000000000001695         10.0000000000000000000000000000000000        -11355.1371119330240588730966137278490      
   9.00000000000000000000000000005763153         10.0000000000000000000000000000000000        -11355.1371119330240588730966137278490      
   9.00000000000000000000000008084961616         10.0000000000000000000000000000000000        -11355.1371119330240588730966137278490      
   9.00000000000000000000005157708281794         10.0000000000000000000000000000000216        -11355.1371119330240588730966137278490      
   9.00000000000000000001630116052818521         10.0000000000000000000000000000713873        -11355.1371119330240588730966137278490      
   9.00000000000000000275507564989940824         10.0000000000000000000000000954964012        -11355.1371119330240588730966137278490      
   9.00000000000000026654151746566828832         10.0000000000000000000000583933521747        -11355.1371119330240588730966137278490      
   9.00000000000001568413812254050408348         10.0000000000000000000177714959937908        -11355.1371119330240588730966137278490      
   9.00000000000059252092672575591735872         10.0000000000000000029041659902529964        -11355.1371119330240588730966137278490      
   9.00000000001508075304329058722183770         10.0000000000000002726621547340844714        -11355.1371119330240588730966137278490      
   9.00000000026994277245657188440905130         10.0000000000000156210249389790047980        -11188.3857142046326184091803222493605      
   9.00000000353080929890348740632023229         10.0000000000005762410401311833086314        -9970.62154842173761654769027513124002      
   9.00000003491783743752778079460866184         10.0000000000143582267819900864593634        -8885.25679274914634010022944504481286      
   9.00000026915117325820243204219165936         10.0000000002521918076094624222078136        -7917.89313556544974885159953698918125      
   9.00000166146176297018278949252094892         10.0000000032434951814335796213218198        -7055.69806821912546390252792482657224      
   9.00000841431827729997355517758144714         10.0000000315991865752534844425886720        -6287.23460570620519480832023869985637      
   9.00003572158309021617464924362835686         10.0000002403582703961939806104315796        -5602.30952567103101102699169354977470      
   9.00012958586869958845812984615775724         10.0000014665610556168399662247570213        -4991.83811266334071355834159417817068      
   9.00040862570794764354571517138522369         10.0000073536663162142065326527827846        -4447.72361384929090800208430809701422      
   9.00113724273679094442347772711890576         10.0000309668240800721514942761384568        -3962.74980731497975160836833119881416      
   9.00283164441847002558905936692826301         10.0001116762378580012736272187054772        -3530.48525688667356448693902275860359      
   9.00638468514586541281229464433206873         10.0003510307374074904750762405588853        -3145.19798038193386616737495193880966      
   9.01317774241583101711744073450312063         10.0009771200237719674630343725130012        -2801.77939427195077165605107691082152      
   9.02513735356518359955305597149901702         10.0024432702304408554453650651065596        -2495.67651999085975747926488225488800      
   9.04469901012384719762117208169671497         10.0055584694532730992853509444834173        -2222.83154817793104063450762787422082      
   9.07466131931648350352190003388353429         10.0116357750496072908094315777670349        -1979.62795846576682686947857513369364      
   9.11794366832880749906148856906656375         10.0226341871267487974952932947225567        -1762.84248437980669955137677426115198      
   9.17728828812209643649246711679400713         10.0412614871455160820141094511913305        -1569.60229516425004102253616443971149      
   9.25496330498868091909529818565819041         10.0710022252948922952895883689223755        -1397.34683839825144943522157088726489      
   9.35252245970368262316045440575727758         10.1160388626177659801910452081225993        -1243.79384882471851148829737027524214      
   9.47066141703091757069778466782981902         10.1810476330380289956898852628120792        -1106.90908018875951805699962073877583      
   9.60918652534553346941350176206522586         10.2708743474311823608289958360366477        -984.879359370290388400918657895584028      
   9.76708838632026379353467995306731257         10.3901256305901277007443013480040909        -876.088598074855269568701109250815100      
   9.94269829449766725681447930351223299         10.5427422785117171702960729017100567        -779.096429776072732011618824756529476      
   10.1339062764741916550197448332624640         10.7316492419683088059080203310511025        -692.619171058446340146715403903831066      
   10.3384349627992456491232987777143397         10.9585989248178016295642606560430720        -615.512838361546830364279870791362053      
   10.5541850646345164487381803318994414         11.2243354483772311510017425493295774        -546.757983412495940982531114273786286      
   10.7796788525630174067968505752530947         11.5291914709391369660492647019040651        -485.446142583421221754358477083585952      
   11.0146100584387965726443718684935637         11.8741627334003063636263012835916856        -430.767726009355029445464869419866235      
   11.2604569125692632021613675097517527         12.2623763430531692576191289139511640        -382.001200395731988787285015725917586      
   11.5210471384105337041348594611653932         12.7006991114621484382348581292767413        -338.503443563381738186780725987511925      
   11.8029155141169975842296230897908062         13.2010847253822796692529674412146595        -299.701167092974936830044987603633137      
   12.1152999331031785132166671426403233         13.7812108291555984668245708691903612        -265.083313927792924937094993462571586      
   12.4696897593626807864523143169155391         14.4640573263924008573904916994867138        -234.194338865967519924181599658956953      
   12.8789472513993558873932275151574937         15.2763109331210287580641599608330133        -206.628272034733985348930069065074106      
   13.3561267398913417984328485677877250         16.2457734387699940754564991911914836        -182.023454013462016715237167805262802      
   13.9131801441455782671540849807881957         17.3982024728201469468495072698438351        -160.057827028883210514192249582131550      
   14.5597467327085208076290442098617739         18.7541444561159806917625086276685263        -140.444680392110336511961598416976562      
   15.3021888917283836480961437317848478         20.3263007856529040791559448455193874        -122.928781166771762834264790925781539      
   16.1429760982254953844876651686391150         22.1178242154735575360836797925547856        -107.282859969185240241715604396028978      
   17.0804582166736268990109529442133122         24.1217307818800421774972255527643896        -93.3044482510664769984173974721514020      
   18.1090201308253690453201070993462442         26.3213981844487631515083380783015575        -80.8130677350623403984856315025669123      
   19.2195754946379337313030409577895530         28.6919539699342098860750583581157014        -69.6477599193632533690448620630086679      
   20.4003330201879916920990814610523738         31.2022607847420374139309735523433958        -59.6649265313342999612692303915597586      
   21.6377472297545712794947534975449069         33.8171819745753587310103640038326012        -50.7364406097252238784973904703331506      
   22.9175447960752317181329152777883426         36.4998432827311678383567373485757543        -42.7479855397739415236463250480958533      
   24.2257034177360996078912542817187884         39.2136728623673918007871522324552043        -35.5975837161854475599516269574216906      
   25.5492633907608849301077405883383771         41.9240805817054966770815582512898848        -29.1942839757977248406286225778203332      
   26.8768800823721464354406169626540718         44.5997121728556516376734530663704338        -23.4569847045931810507860585336317002      
   28.1990756550163393899945358518517943         47.2132742733689334348018780552475485        -18.3133760245858246341700116346098897      
   29.5082075084947584871671669164165828         49.7419689160600536405058755591334577        -13.6989891254677561426609285837640742      
   30.7982221421762268597247002241556467         52.1676009416519589255727115380120915        -9.55634366026320102706068511160914784      
   32.0642950881859040806035510520499692         54.4764320569219884697798436056885132        -5.83418558492671373319306113298203143      
   33.3024706857933254146792511095879826         56.6588547559710955903591006043764800        -2.48680851019389949657442481604280895      
   34.5094210931846527026894065299836277         58.7089519476733825161749397725370298        0.526547814441779257778377264036889990      
   35.6824531597868850578921914686105334         60.6239971632124761224791021407186123         3.24222750792117806332373805555369667      
   36.8198978542133370382075524850804446         62.4039381000753069313909101746057877         5.69262199158104340242900427996492693      
   37.9219865197440995819245496434345166         64.0508946193027445165301804026244858         7.90657204591531768239652104667116607      
   38.9922099124174687316521077677291930         65.5686920867790720006747892984934511         9.90971574050765860951819686316528212      
   40.0389631929047188845607631613808845         66.9624425534249644818546906157089878         11.7247931797236195794620206335709360      
   41.0770633698506832243370351737896881         68.2381797681406235298524528209975970         13.3719227289789329616458463284122598      
   42.1285960706602441429061570536419070         69.4025492639520133884556435689226579         14.8688647243145612364360634106797442      
   43.2226022673413328254316240064526671         70.4625514974332291263833786249357514         16.2312857706167193730534812417965392      
   44.3933678701128781863681680470664248         71.4253339637095212294803195307604253         17.4730294539644175747052145351967246      
   45.6774468865414662144349611573708746         72.2980270722294233989114140504145230         18.6063894653151155566312547656471611      
   47.1098944121132577457245516529863084         73.0876181024165920209891769636247820         19.6423719918561256880589306844652375      
   48.7203873690218299608800955650035929         73.8008575559966357857682453255922457         20.5909292476362609138923765274955037      
   50.5299153459933143249828148400484866         74.4441925205812250828850767734790785         21.4611474142039707195593849350464436      
   52.5485560604744504367884384693588532         75.0237221333233501214004462310869215         22.2613797890420649102814843939310387      
   54.7745863911569833897976877168622415         75.5451707945849496436559557925092366         22.9993266801411780641120273157688606      
   57.1949085386924539349487151877350601         76.0138753676147215171578242881606062         23.6820733039776761121849035985053446      
   59.7865588607479877003098116206673213         76.4347831706209144188999888547363304         24.3161022554194021385477782372298257      
   62.5189466149887415937784730455125834         76.8124580976771577520003227626322048         24.9072970293558237795487225477643782      
   65.3564410004046751767836342833494004         77.1510926814062935159175968004354036         25.4609489563640061868349207329767383      
   68.2609661922726803874621052788138992         77.4545243280459966826282607878357625         25.9817742337153005200447931089054888      
   71.1943461832146314397292206939792690         77.7262543142240059583725349871461716         26.4739426395578914562907324167912854      
   74.1202368030763726771422758730794578         77.9694684377024600652251757920409514         26.9411161249814806687202638098279093      
   77.0055712351350988281031297218998659         78.1870584664455301038123705619476809         27.3864939030079682085616776875359528      
