   5.00000000000000000000000000000000000         4.00000000000000000000000000000000000        -11355.1371119330240588730966137278490      
   5.00000000000000000000000000000000000         4.00000000000000000000000000000000000        -11355.1371119330240588730966137278490      
   5.00000000000000000000000000000000000         4.00000000000000000000000000000000000        -11355.1371119330240588730966137278490      
   5.00000000000000000000000000000000000         4.00000000000000000000000000000000000        -11355.1371119330240588730966137278490      
   5.00000000000000000000000000000000000         4.00000000000000000000000000000000000        -11355.1371119330240588730966137278490      
   5.00000000000000000000000000000000000         4.00000000000000000000000000000000000        -11355.1371119330240588730966137278490      
   5.00000000000000000000000000000000000         4.00000000000000000000000000000000000        -11355.1371119330240588730966137278490      
   5.00000000000000000000000000000000000         4.00000000000000000000000000000000000        -11355.1371119330240588730966137278490      
   5.00000000000000000000000000000000000         4.00000000000000000000000000000000000        -11355.1371119330240588730966137278490      
   5.00000000000000000000000000000000000         4.00000000000000000000000000000000000        -11355.1371119330240588730966137278490      
   5.00000000000000000000000000000000000         4.00000000000000000000000000000000000        -11355.1371119330240588730966137278490      
   5.00000000000000000000000000000000000         4.00000000000000000000000000000000000        -11355.1371119330240588730966137278490      
   5.00000000000000000000000000000000000         4.00000000000000000000000000000000000        -11355.1371119330240588730966137278490      
   5.00000000000000000000000000000000000         4.00000000000000000000000000000000000        -11355.1371119330240588730966137278490      
   5.00000000000000000000000000000000000         4.00000000000000000000000000000000000        -11355.1371119330240588730966137278490      
   5.00000000000000000000000000000000000         4.00000000000000000000000000000000000        -11355.1371119330240588730966137278490      
   5.00000000000000000000000000000000000         4.00000000000000000000000000000000000        -11355.1371119330240588730966137278490      
   5.00000000000000000000000000000000000         4.00000000000000000000000000000000000        -11355.1371119330240588730966137278490      
   5.00000000000000000000000000000000000         4.00000000000000000000000000000000000        -11355.1371119330240588730966137278490      
   5.00000000000000000000000000000000000         4.00000000000000000000000000000000000        -11355.1371119330240588730966137278490      
   5.00000000000000000000000000000000000         4.00000000000000000000000000000000000        -11355.1371119330240588730966137278490      
   5.00000000000000000000000000000000000         4.00000000000000000000000000000000000        -11355.1371119330240588730966137278490      
   5.00000000000000000000000000000000000         4.00000000000000000000000000000000000        -11355.1371119330240588730966137278490      
   5.00000000000000000000000000000000000         4.00000000000000000000000000000000000        -11355.1371119330240588730966137278490      
   5.00000000000000000000000000000000000         4.00000000000000000000000000000000000        -11355.1371119330240588730966137278490      
   5.00000000000000000000000000000000000         4.00000000000000000000000000000000000        -11355.1371119330240588730966137278490      
   5.00000000000000000000000000000000000         4.00000000000000000000000000000000000        -11355.1371119330240588730966137278490      
   5.00000000000000000000000000000000000         4.00000000000000000000000000000000000        -10778.0228782253820133720911451878641      
   5.00000000000000000000000000000000000         4.00000000000000000000000000000000000        -9604.79580840437794301166635551778192      
   5.00000000000000000000000000000000000         4.00000000000000000000000000000000000        -8559.12478128641140639555204778605090      
   5.00000000000000000000000000000000000         4.00000000000000000000000000000000000        -7627.13819689215517770830022572685061      
   5.00000000000000000000000000000000000         4.00000000000000000000000000000000000        -6796.47297872661782184242239653651762      
   5.00000000000000000000000000000000000         4.00000000000000000000000000000000000        -6056.11052326541896373872985930844962      
   5.00000000000000000000000000000000000         4.00000000000000000000000000000000000        -5396.23048978053079928921743450867504      
   5.00000000000000000000000000000000000         4.00000000000000000000000000000000000        -4808.08049038530551851755507678254386      
   5.00000000000000000000000000000000000         4.00000000000000000000000000000000000        -4283.85995116485783035043799515321115      
   5.00000000000000000000000000000000000         4.00000000000000000000000000000000000        -3816.61660329956459506419553895808943      
   5.00000000000000000000000000000000000         4.00000000000000000000000000000000000        -3400.15423068177870169594420982292097      
   5.00000000000000000000000000000000000         4.00000000000000000000000000000000000        -3028.95044989268023742000275547383675      
   5.00000000000000000000000000000000000         4.00000000000000000000000000000000000        -2698.08343152951171398045019995942505      
   5.00000000000000000000000000000000000         4.00000000000000000000000000000000000        -2403.16659051973126750086239675304467      
   5.00000000000000000000000000000000000         4.00000000000000000000000000000000000        -2140.29037880223247761189650190525278      
   5.00000000000000000000000000000000000         4.00000000000000000000000000000000000        -1905.97040799987528126424357258880866      
   5.00000000000000000000000000000000000         4.00000000000000000000000000000000000        -1697.10121370271127813776482320699696      
   5.00000000000000000000000000000000000         4.00000000000000000000000000000000000        -1510.91504784203299793227799405516455      
   5.00000000000000000000000000000000000         4.00000000000000000000000000000000000        -1344.94515235508704536291253092769548      
   5.00000000000000000000000000000000000         4.00000000000000000000000000000000000        -1196.99302680429547615497371860760427      
   5.00000000000000000000000000000000000         4.00000000000000000000000000000000000        -1065.09925561217949741940215900595593      
   5.00000000000000000000000000000000000         4.00000000000000000000000000000000000        -947.517507807117260243907656000294832      
   5.00000000000000000000000000000000000         4.00000000000000000000000000000000000        -842.691364272358776442844201188469802      
   5.00000000000000000000000000000000000         4.00000000000000000000000000000000000        -749.233665009971323434666994943897765      
   5.00000000000000000000000000000000000         4.00000000000000000000000000000000000        -665.908102370455757708627187986211138      
   5.00000000000000000000000000000000000         4.00000000000000000000000000000000000        -591.612816001374041758805910224753612      
   5.00000000000000000000000000000000000         4.00000000000000000000000000000000000        -525.365771829923395174402643706124127      
   5.00000000000000000000000000000000000         4.00000000000000000000000000000000000        -466.291731067439036957784383894859091      
   5.00000000000000000000000000000000000         4.00000000000000000000000000000000000        -413.610636322432438001620651693273832      
   5.00000000000000000000000000000000000         4.00000000000000000000000000000000000        -366.627260712941284333544382035108924      
   5.00000000000000000000000000000000000         4.00000000000000000000000000000000000        -324.721982628200864857267225082940869      
   5.00000000000000000000000000000000000         4.00000000000000000000000000000000000        -287.342563726329188290221055609380459      
   5.00000000000000000000000000000000000         4.00000000000000000000000000000000000        -253.996821067050505806813776019287247      
   5.00000000000000000000000000000000000         4.00000000000000000000000000000000000        -224.246096143110631019402971659997178      
   5.00000000000000000000000000000000000         4.00000000000000000000000000000000000        -197.699434148398921891054358136566041      
   5.00000000000000000000000000000000000         4.00000000000000000000000000000000000        -174.008396245201372116837041166269641      
   5.00000000000000000000000000000000000         4.00000000000000000000000000000000000        -152.862435992523141664737142189436474      
   5.00000000000000000000000000000000000         4.00000000000000000000000000000000000        -133.984778583493483504736435235601240      
   5.00000000000000000000000000000000000         4.00000000000000000000000000000000000        -117.128748211837058108347864884202361      
   5.00000000000000000000000000000000000         4.00000000000000000000000000000000000        -102.074494833796071048101959613541213      
   5.00000000000000000000000000000000000         4.00000000000000000000000000000000000        -88.6260768916226430350927796147244037      
   5.00000000000000000000000000000000000         4.00000000000000000000000000000000000        -76.6088612881545891780913052755062844      
   5.00000000000000000000000000000000000         4.00000000000000000000000000000000000        -65.8672061117169106585329357556718038      
   5.00000000000000000000000000000000000         4.00000000000000000000000000000000000        -56.2623953625163352182631910925626077      
   5.00000000000000000000000000000000000         4.00000000000000000000000000000000000        -47.6707982756029485062071863581419452      
   5.00000000000000000000000000000000000         4.00000000000000000000000000000000000        -39.9822288157329467717730345433442211      
   5.00000000000000000000000000000000000         4.00000000000000000000000000000000000        -33.0984835756260519738806838528292778      
   5.00000000000000000000000000000000000         4.00000000000000000000000000000000000        -26.9320386764157860127668338330507830      
   5.00000000000000000000000000000000000         4.00000000000000000000000000000000000        -21.4048883789532959776984365742402623      
   5.00000000000000000000000000000000000         4.00000000000000000000000000000000000        -16.4475099950423504714387855697717833      
   5.00000000000000000000000000000000000         4.00000000000000000000000000000000000        -11.9979413636064783843590458359029944      
   5.00000000000000000000000000000000000         4.00000000000000000000000000000000000        -8.00095865045748058820240484989495268      
   5.00000000000000000000000000000000000         4.00000000000000000000000000000000000        -4.40734356156778220040965285223364248      
   5.00000000000000000000000000000000000         4.00000000000000000000000000000000000        -1.17323024621196458221654837765264611      
   5.00000000000000000000000000000000000         4.00000000000000000000000000000000000         1.74047677622103647007033701334242171      
   5.00000000000000000000000000000000000         4.00000000000000000000000000000000000         4.36862138950262158694409274902412506      
   5.00000000000000000000000000000000000         4.00000000000000000000000000000000000         6.74225823773227477160610668535940229      
   5.00000000000000000000000000000000000         4.00000000000000000000000000000000000         8.88906480159707072705820141939491314      
   5.00000000000000000000000000000000000         4.00000000000000000000000000000000000         10.8337086617245434061490824931867947      
   5.00000000000000000000000000000000000         4.00000000000000000000000000000000000         12.5981748224904722516256970589048742      
   5.00000000000000000000000000000000000         4.00000000000000000000000000000000000         14.2020574396696451923786390974385885      
   5.00000000000000000000000000000000000         4.00000000000000000000000000000000000         15.6628198229782807175308105700123725      
   5.00000000000000000000000000000000000         4.00000000000000000000000000000000000         16.9960261635838787089386715606478102      
   5.00000000000000000000000000000000000         4.00000000000000000000000000000000000         18.2155480614657663924176700656107216      
   5.00000000000000000000000000000000000         4.00000000000000000000000000000000000         19.3337485931189352030752945777047648      
   5.00000000000000000000000000000000000         4.00000000000000000000000000000000000         20.3616463620677655159707337978365568      
   5.00000000000000000000000000000000000         4.00000000000000000000000000000000000         21.3090617090402851352119929055400287      
   5.00000000000000000000000000000000000         4.00000000000000000000000000000000000         22.1847470219231418707754019461698694      
   5.00000000000000000000000000000000000         4.00000000000000000000000000000000000         22.9965028746312210137342657107029120      
   5.00000000000000000000000000000000000         4.00000000000000000000000000000000000         23.7512815359841457038122548498017538      
   5.00000000000000000000000000000000000         4.00000000000000000000000000000000000         24.4552792220895630519722528618406296      
   5.00000000000000000000000000000000000         4.00000000000000000000000000000000000         25.1140183163662929710399409990934177      
   5.00000000000000000000000000000000000         4.00000000000000000000000000000000000         25.7324206482170929492712402375115354      
   5.00000000000000000000000000000000000         4.00000000000000000000000000000000000         26.3148728027145048505425747236216262      
