   10.0000000000000000000000000000000000         9.00000000000000000000000000000000000        -2811.71416045646481829025436992891025      
   10.0000000000000000000000000000000000         9.00000000000000000000000000000000000        -2505.64799482962849924177327610408150      
   10.0000000000000000000000000000000000         9.00000000000000000000000000000000000        -2232.83493708762099979784538819073369      
   10.0000000000000000000000000000000000         9.00000000000000000000000000000000000        -1989.65874294382983633255266146722458      
   10.0000000000000000000000000000000000         9.00000000000000000000000000000000000        -1772.89643128529083546323310940123463      
   10.0000000000000000000000000000000000         9.00000000000000000000000000000000000        -1579.67551717148733438521235015406808      
   10.0000000000000000000000000000000000         9.00000000000000000000000000000000000        -1407.43589570440880114854290519421259      
   10.0000000000000000000000000000000000         9.00000000000000000000000000000000000        -1253.89587099198255223263514738374289      
   10.0000000000000000000000000000000000         9.00000000000000000000000000000000000        -1117.02187942986289505930933709668916      
   10.0000000000000000000000000000000000         9.00000000000000000000000000000000000        -995.001505547922090200046574581238928      
   10.0000000000000000000000000000000000         9.00000000000000000000000000000000000        -886.219432358120676441812359357125181      
   10.0000000000000000000000000000000000         9.00000000000000000000000000000000000        -789.236007079485107770867477988138974      
   10.0000000000000000000000000000000000         9.00000000000000000000000000000000000        -702.768137820385855625140922001979917      
   10.0000000000000000000000000000000000         9.00000000000000000000000000000000000        -625.672267728696300520164585885018062      
   10.0000000000000000000000000000000000         9.00000000000000000000000000000000000        -556.929200687149319928418010706144911      
   10.0000000000000000000000000000000000         9.00000000000000000000000000000000000        -495.630577200088319975857614624981868      
   10.0000000000000000000000000000000000         9.00000000000000000000000000000000000        -440.966821014846665424222471802538405      
   10.0000000000000000000000000000000000         9.00000000000000000000000000000000000        -392.216396536744415411158327651062978      
   10.0000000000000000000000000000000000         9.00000000000000000000000000000000000        -348.736234490126182672816923765611409      
   10.0000000000000000000000000000000000         9.00000000000000000000000000000000000        -309.953198779779115104471154852644554      
   10.0000000000000000000000000000000000         9.00000000000000000000000000000000000        -275.356481323166446567338215825139931      
   10.0000000000000000000000000000000000         9.00000000000000000000000000000000000        -244.490823937520984523038082404005064      
   10.0000000000000000000000000000000000         9.00000000000000000000000000000000000        -216.950477340358404439193269574018290      
   10.0000000000000000000000000000000000         9.00000000000000000000000000000000000        -192.373817103017457953211972863015209      
   10.0000000000000000000000000000000000         9.00000000000000000000000000000000000        -170.438545114201727726827993617764433      
   10.0000000000000000000000000000000000         9.00000000000000000000000000000000000        -150.857412879859547479573893654395762      
   10.0000000000000000000000000000000000         9.00000000000000000000000000000000000        -133.374409910189864016454925119758235      
   10.0000000000000000000000000000000000         9.00000000000000000000000000000000000        -117.761366615985408985412125300059270      
   10.0000000000000000000000000000000000         9.00000000000000000000000000000000000        -103.814926636811613128627520232701796      
   10.0000000000000000000000000000000000         9.00000000000000000000000000000000000        -91.3538484256557025032492199425049039      
   10.0000000000000000000000000000000000         9.00000000000000000000000000000000000        -80.2166002837137309879737743814415220      
   10.0000000000000000000000000000000000         9.00000000000000000000000000000000000        -70.2592169328883439814272622058909311      
   10.0000000000000000000000000000000000         9.00000000000000000000000000000000000        -61.3533891840165886274025825686230823      
   10.0000000000000000000000000000000000         9.00000000000000000000000000000000000        -53.3847613518858029774529249182747799      
   10.0000000000000000000000000000000000         9.00000000000000000000000000000000000        -46.2514138247692747788262433617355279      
   10.0000000000000000000000000000000000         9.00000000000000000000000000000000000        -39.8625106531013446441181797149672460      
   10.0000000000000000000000000000000000         9.00000000000000000000000000000000000        -34.1370942116153490495026413940709085      
   10.0000000000000000000000000000000000         9.00000000000000000000000000000000000        -29.0030109408432939087442029402713999      
   10.0000000000000000000000000000000000         9.00000000000000000000000000000000000        -24.3959539132196404954580385130741846      
   10.0000000000000000000000000000000000         9.00000000000000000000000000000000000        -20.2586095192231035991714375831255461      
   10.0000000000000000000000000000000000         9.00000000000000000000000000000000000        -16.5398969506000066060061196417230915      
   10.0000000000000000000000000000000000         9.00000000000000000000000000000000000        -13.1942903890736302621240822609575621      
   10.0000000000000000000000000000000000         9.00000000000000000000000000000000000        -10.1812149063955421142875769393069644      
   10.0000000000000000000000000000000000         9.00000000000000000000000000000000000        -7.46450805969961732623742322955464511      
   10.0000000000000000000000000000000000         9.00000000000000000000000000000000000        -5.01194003785621416414700126637757545      
   10.0000000000000000000000000000000000         9.00000000000000000000000000000000000        -2.79478599146016599996956723138871688      
   10.0000000000000000000000000000000000         9.00000000000000000000000000000000000       -0.787444871531367514205646339272947118      
   10.0000000000000000000000000000000000         9.00000000000000000000000000000000000         1.03290028085090812835065768134889857      
   10.0000000000000000000000000000000000         9.00000000000000000000000000000000000         2.68658510173011785348114222673665117      
   10.0000000000000000000000000000000000         9.00000000000000000000000000000000000         4.19173374580753905547099629440833334      
   10.0000000000000000000000000000000000         9.00000000000000000000000000000000000         5.56449938296356634645056488916666040      
   10.0000000000000000000000000000000000         9.00000000000000000000000000000000000         6.81927854100793518655724014537373053      
   10.0000000000000000000000000000000000         9.00000000000000000000000000000000000         7.96890213885694086141173214775248424      
   10.0000000000000000000000000000000000         9.00000000000000000000000000000000000         9.02480574503184956585872195143930889      
   10.0000000000000000000000000000000000         9.00000000000000000000000000000000000         9.99718132070533252517341414574522588      
   10.0000000000000000000000000000000000         9.00000000000000000000000000000000000         10.8951124608339556780962445490740425      
   10.0000000000000000000000000000000000         9.00000000000000000000000000000000000         11.7266949279443853770098224198156800      
   10.0000000000000000000000000000000000         9.00000000000000000000000000000000000         12.4991440779834210305376903038476067      
   10.0000000000000000000000000000000000         9.00000000000000000000000000000000000         13.2188906037076165113183307852193224      
   10.0000000000000000000000000000000000         9.00000000000000000000000000000000000         13.8916658660691003403990149168661771      
   10.0000000000000000000000000000000000         9.00000000000000000000000000000000000         14.5225779458932401791675707496584132      
   10.0000000000000000000000000000000000         9.00000000000000000000000000000000000         15.1161794250077079530077985263869590      
   10.0000000000000000000000000000000000         9.00000000000000000000000000000000000         15.6765277962373469072434730972040065      
   10.0000000000000000000000000000000000         9.00000000000000000000000000000000000         16.2072393038687695255005125068312319      
   10.0000000000000000000000000000000000         9.00000000000000000000000000000000000         16.7115369290149399811615787418009308      
   10.0000000000000000000000000000000000         9.00000000000000000000000000000000000         17.1922931566163749370313461839518051      
   10.0000000000000000000000000000000000         9.00000000000000000000000000000000000         17.6520680915710849250597623118153765      
   10.0000000000000000000000000000000000         9.00000000000000000000000000000000000         18.0931434297711426287674167525295459      
   10.0000000000000000000000000000000000         9.00000000000000000000000000000000000         18.5175527348208937407324892457203174      
   10.0000000000000000000000000000000000         9.00000000000000000000000000000000000         18.9271084221904660003834986911394751      
   10.0000000000000000000000000000000000         9.00000000000000000000000000000000000         19.3234258088678988689334795892672968      
   10.0000000000000000000000000000000000         9.00000000000000000000000000000000000         19.7079445476341658923961711535400001      
   10.0000000000000000000000000000000000         9.00000000000000000000000000000000000         20.0819477303808965993336443924298615      
   10.0000000000000000000000000000000000         9.00000000000000000000000000000000000         20.4465789139602176092303674114505360      
   10.0000000000000000000000000000000000         9.00000000000000000000000000000000000         20.8028572944893960446138606695331195      
   10.0000000000000000000000000000000000         9.00000000000000000000000000000000000         21.1516912314640884993581677485179906      
   10.0000000000000000000000000000000000         9.00000000000000000000000000000000000         21.4938903011369616087015495742441481      
   10.0000000000000000000000000000000000         9.00000000000000000000000000000000000         21.8301760391026953135063604012993284      
   10.0000000000000000000000000000000000         9.00000000000000000000000000000000000         22.1611915146369450010364484880884929      
   10.0000000000000000000000000000000000         9.00000000000000000000000000000000000         22.4875098638349235233965409399051678      
   10.0000000000000000000000000000000000         9.00000000000000000000000000000000000         22.8096418947791676467254205618363829      
   10.0000000000000000000000000000000000         9.00000000000000000000000000000000000         23.1280428656524445635614673781612279      
   10.0000000000000000000000000000000000         9.00000000000000000000000000000000000         23.4431185257372385984370588738949281      
   10.0000000000000000000000000000000000         9.00000000000000000000000000000000000         23.7552304994622109997147868535096406      
   10.0000000000000000000000000000000000         9.00000000000000000000000000000000000         24.0647010849386581847329175156585980      
   10.0000000000000000000000000000000000         9.00000000000000000000000000000000000         24.3718175306606318197719182985256787      
   10.0000000000000000000000000000000000         9.00000000000000000000000000000000000         24.6768358471179329580267839499640246      
   10.0000000000000000000000000000000000         9.00000000000000000000000000000000000         24.9799842038997688678495734326874355      
   10.0000000000000000000000000000000000         9.00000000000000000000000000000000000         25.2814659573665741184981047206585029      
   10.0000000000000000000000000000000000         9.00000000000000000000000000000000000         25.5814623490653614839152297038524089      
   10.0000000000000000000000000000000000         9.00000000000000000000000000000000000         25.8801349106949349102222518323171807      
   10.0000000000000000000000000000000000         9.00000000000000000000000000000000000         26.1776276075333917520205450273964416      
   10.0000000000000000000000000000000000         9.00000000000000000000000000000000000         26.4740687487698949621663163899374241      
   10.0000000000000000000000000000000000         9.00000000000000000000000000000000000         26.7695726900896572026080127304914806      
   10.0000000000000000000000000000000000         9.00000000000000000000000000000000000         27.0642413511044051855983860949517276      
   10.0000000000000000000000000000000000         9.00000000000000000000000000000000000         27.3581655677637045705248408415022044      
   10.0000000000000000000000000000000000         9.00000000000000000000000000000000000         27.6514262976928220209112030627268144      
   10.0000000000000000000000000000000000         9.00000000000000000000000000000000000         27.9440956944512255308437081840843242      
   10.0000000000000000000000000000000000         9.00000000000000000000000000000000000         28.2362380649664806390487410314152291      
   10.0000000000000000000000000000000000         9.00000000000000000000000000000000000         28.5279107228481086307367743152488886      
   10.0000000000000000000000000000000000         9.00000000000000000000000000000000000         28.8191647489043631825216863160940004      
