   16.0000000000000000000000000000000000         17.0000000000000000000000000000000000        -11355.1371119330240588730966137278490      
   16.0000000000000000000000000000000000         17.0000000000000000000000000000000000        -11355.1371119330240588730966137278490      
   16.0000000000000000000000000000000000         17.0000000000000000000000000000000000        -11355.1371119330240588730966137278490      
   16.0000000000000000000000000000000000         17.0000000000000000000000000000000000        -11355.1371119330240588730966137278490      
   16.0000000000000000000000000000000000         17.0000000000000000000000000000000000        -11355.1371119330240588730966137278490      
   16.0000000000000000000000000000000000         17.0000000000000000000000000000000000        -11355.1371119330240588730966137278490      
   16.0000000000000000000000000000000000         17.0000000000000000000000000000000000        -11355.1371119330240588730966137278490      
   16.0000000000000000000000000000000000         17.0000000000000000000000000000000000        -11355.1371119330240588730966137278490      
   16.0000000000000000000000000000000000         17.0000000000000000000000000000000000        -10311.0642501849340912062245987033724      
   16.0000000000000000000000000000000000         17.0000000000000000000000000000000000        -9189.18234299680106413238316752387973      
   16.0000000000000000000000000000000000         17.0000000000000000000000000000000000        -8189.27274024401058046533677157199294      
   16.0000000000000000000000000000000000         17.0000000000000000000000000000000000        -7298.07106824555394945720896331303817      
   16.0000000000000000000000000000000000         17.0000000000000000000000000000000000        -6503.75544151447561200534036307152982      
   16.0000000000000000000000000000000000         17.0000000000000000000000000000000000        -5795.78959352001671495567352488120186      
   16.0000000000000000000000000000000000         17.0000000000000000000000000000000000        -5164.78306683221124603196694683556778      
   16.0000000000000000000000000000000000         17.0000000000000000000000000000000000        -4602.36660745709699577942796398626073      
   16.0000000000000000000000000000000000         17.0000000000000000000000000000000000        -4101.08110992107554837418549795718244      
   16.0000000000000000000000000000000000         17.0000000000000000000000000000000000        -3654.27863947316375946335785351667134      
   16.0000000000000000000000000000000000         17.0000000000000000000000000000000000        -3256.03421802989597366388588855252509      
   16.0000000000000000000000000000000000         17.0000000000000000000000000000000000        -2901.06720331596154399109972506866968      
   16.0000000000000000000000000000000000         17.0000000000000000000000000000000000        -2584.67121794954113977892125056620258      
   16.0000000000000000000000000000000000         17.0000000000000000000000000000000000        -2302.65169867387684148758543199779735      
   16.0000000000000000000000000000000000         17.0000000000000000000000000000000000        -2051.27023705132181440265122993329024      
   16.0000000000000000000000000000000000         17.0000000000000000000000000000000000        -1827.19497305469620715446785687546243      
   16.0000000000000000000000000000000000         17.0000000000000000000000000000000000        -1627.45638330904565033006871541935758      
   16.0000000000000000000000000000000000         17.0000000000000000000000000000000000        -1449.40787732063197600545740026980602      
   16.0000000000000000000000000000000000         17.0000000000000000000000000000000000        -1290.69067882905518924381673166753422      
   16.0000000000000000000000000000000000         17.0000000000000000000000000000000000        -1149.20252627938618652152513821264258      
   16.0000000000000000000000000000000000         17.0000000000000000000000000000000000        -1023.06977708859189771389174999177736      
   16.0000000000000000000000000000000000         17.0000000000000000000000000000000000        -910.622545546816764867055582835177231      
   16.0000000000000000000000000000000000         17.0000000000000000000000000000000000        -810.372544448575886360898919201336447      
   16.0000000000000000000000000000000000         17.0000000000000000000000000000000000        -720.993336425768393120634114336789160      
   16.0000000000000000000000000000000000         17.0000000000000000000000000000000000        -641.302732929698729235995230273986890      
   16.0000000000000000000000000000000000         17.0000000000000000000000000000000000        -570.247107307291009391576522416300844      
   16.0000000000000000000000000000000000         17.0000000000000000000000000000000000        -506.887413815548632359753840573086069      
   16.0000000000000000000000000000000000         17.0000000000000000000000000000000000        -450.386727055075377195047918249503426      
   16.0000000000000000000000000000000000         17.0000000000000000000000000000000000        -399.999136478511402315071647607943571      
   16.0000000000000000000000000000000000         17.0000000000000000000000000000000000        -355.059848610758393284536859125240759      
   16.0000000000000000000000000000000000         17.0000000000000000000000000000000000        -314.976365643469784565137638590173545      
   16.0000000000000000000000000000000000         17.0000000000000000000000000000000000        -279.220623349114511458406998203136312      
   16.0000000000000000000000000000000000         17.0000000000000000000000000000000000        -247.321983989510640897737126714237600      
   16.0000000000000000000000000000000000         17.0000000000000000000000000000000000        -218.860991238982380929151520818744661      
   16.0000000000000000000000000000000000         17.0000000000000000000000000000000000        -193.463804253765048081206076573642598      
   16.0000000000000000000000000000000000         17.0000000000000000000000000000000000        -170.797237031140657216935715229207593      
   16.0000000000000000000000000000000000         17.0000000000000000000000000000000000        -150.564337233613771395043777044945135      
   16.0000000000000000000000000000000000         17.0000000000000000000000000000000000        -132.500445811810573823130621491337967      
   16.0000000000000000000000000000000000         17.0000000000000000000000000000000000        -116.369685139691065007514530592458590      
   16.0000000000000000000000000000000000         17.0000000000000000000000000000000000        -101.961829061762334595833347208317782      
   16.0000000000000000000000000000000000         17.0000000000000000000000000000000000        -89.0895133197210755756179843475791583      
   16.0000000000000000000000000000000000         17.0000000000000000000000000000000000        -77.5857493425817321514823435932671406      
   16.0000000000000000000000000000000000         17.0000000000000000000000000000000000        -67.3017084097958141614146531912310797      
   16.0000000000000000000000000000000000         17.0000000000000000000000000000000000        -58.1047467845532346979361486661242168      
   16.0000000000000000000000000000000000         17.0000000000000000000000000000000000        -49.8766456119844381700202362211921403      
   16.0000000000000000000000000000000000         17.0000000000000000000000000000000000        -42.5120422267818360461263413967715384      
   16.0000000000000000000000000000000000         17.0000000000000000000000000000000000        -35.9170320546457682034920491737980624      
   16.0000000000000000000000000000000000         17.0000000000000000000000000000000000        -30.0079225556366125475694329027878125      
   16.0000000000000000000000000000000000         17.0000000000000000000000000000000000        -24.7101226750183849201197817999797636      
   16.0000000000000000000000000000000000         17.0000000000000000000000000000000000        -19.9571530652812538776142789130575671      
   16.0000000000000000000000000000000000         17.0000000000000000000000000000000000        -15.6897639455905628662223328208988533      
   16.0000000000000000000000000000000000         17.0000000000000000000000000000000000        -11.8551488931932054160972447435431432      
   16.0000000000000000000000000000000000         17.0000000000000000000000000000000000        -8.40624413427098822057823355600127582      
   16.0000000000000000000000000000000000         17.0000000000000000000000000000000000        -5.30110403625633208426764892779999181      
   16.0000000000000000000000000000000000         17.0000000000000000000000000000000000        -2.50234451477276866002108046463779807      
   16.0000000000000000000000000000000000         17.0000000000000000000000000000000000         2.33530304515005658579797084576972866E-0002
   16.0000000000000000000000000000000000         17.0000000000000000000000000000000000         2.30568383316601928749919756553593466      
   16.0000000000000000000000000000000000         17.0000000000000000000000000000000000         4.37111379830816918414253715954863627      
   16.0000000000000000000000000000000000         17.0000000000000000000000000000000000         6.24323068848195020515617028808857462      
   16.0000000000000000000000000000000000         17.0000000000000000000000000000000000         7.94305711923665338577631266515464065      
   16.0000000000000000000000000000000000         17.0000000000000000000000000000000000         9.48932951640260942724987298988049708      
   16.0000000000000000000000000000000000         17.0000000000000000000000000000000000         10.8987467370783739091154611039636876      
   16.0000000000000000000000000000000000         17.0000000000000000000000000000000000         12.1861916533187958475742541828192833      
   16.0000000000000000000000000000000000         17.0000000000000000000000000000000000         13.3649286388048839333741286739819651      
   16.0000000000000000000000000000000000         17.0000000000000000000000000000000000         14.4467795790235937256177439571271583      
   16.0000000000000000000000000000000000         17.0000000000000000000000000000000000         15.4422807405056840774591574782212122      
   16.0000000000000000000000000000000000         17.0000000000000000000000000000000000         16.3608225806811210011746107391705494      
   16.0000000000000000000000000000000000         17.0000000000000000000000000000000000         17.2107743535438667062188964049235659      
   16.0000000000000000000000000000000000         17.0000000000000000000000000000000000         17.9995951645675196084158855538563647      
   16.0000000000000000000000000000000000         17.0000000000000000000000000000000000         18.7339329485030628521184598812005684      
   16.0000000000000000000000000000000000         17.0000000000000000000000000000000000         19.4197126834339620927096785290684359      
   16.0000000000000000000000000000000000         17.0000000000000000000000000000000000         20.0622150116355279771742113754559966      
   16.0000000000000000000000000000000000         17.0000000000000000000000000000000000         20.6661463104895798361781365328621745      
   16.0000000000000000000000000000000000         17.0000000000000000000000000000000000         21.2357011432528755892612190343342887      
   16.0000000000000000000000000000000000         17.0000000000000000000000000000000000         21.7746179183630620711378999193025079      
   16.0000000000000000000000000000000000         17.0000000000000000000000000000000000         22.2862284958473191331778299752640447      
   16.0000000000000000000000000000000000         17.0000000000000000000000000000000000         22.7735023990806011447939757996238598      
   16.0000000000000000000000000000000000         17.0000000000000000000000000000000000         23.2390862185566462739103337976771195      
   16.0000000000000000000000000000000000         17.0000000000000000000000000000000000         23.6853387305358545154637211491831004      
   16.0000000000000000000000000000000000         17.0000000000000000000000000000000000         24.1143621965731549729777594255417064      
   16.0000000000000000000000000000000000         17.0000000000000000000000000000000000         24.5280302592515807165771394966662796      
   16.0000000000000000000000000000000000         17.0000000000000000000000000000000000         24.9280128042809873042157223467265892      
   16.0000000000000000000000000000000000         17.0000000000000000000000000000000000         25.3157981188668596375136256932641395      
   16.0000000000000000000000000000000000         17.0000000000000000000000000000000000         25.6927126403772985855456371810323951      
   16.0000000000000000000000000000000000         17.0000000000000000000000000000000000         26.0599385573609997042220227479989133      
   16.0000000000000000000000000000000000         17.0000000000000000000000000000000000         26.4185294964710388788581881387603056      
   16.0000000000000000000000000000000000         17.0000000000000000000000000000000000         26.7694245034504127106817575035072315      
   16.0000000000000000000000000000000000         17.0000000000000000000000000000000000         27.1134605036985174206382101087345228      
   16.0000000000000000000000000000000000         17.0000000000000000000000000000000000         27.4513834077627128503099330622797982      
   16.0000000000000000000000000000000000         17.0000000000000000000000000000000000         27.7838580091180973141322145336662085      
   16.0000000000000000000000000000000000         17.0000000000000000000000000000000000         28.1114768055730173776433604371049852      
   16.0000000000000000000000000000000000         17.0000000000000000000000000000000000         28.4347678613550041055418377603957297      
   16.0000000000000000000000000000000000         17.0000000000000000000000000000000000         28.7542018142022394308942543147883389      
