   6.00000000000000000000000000000000000         9.00000000000000000000000000000000000        -11355.1371119330240588730966137278490      
   6.00000000000000000000000000000000000         9.00000000000000000000000000000000000        -11355.1371119330240588730966137278490      
   6.00000000000000000000000000000000000         9.00000000000000000000000000000000000        -11355.1371119330240588730966137278490      
   6.00000000000000000000000000000000000         9.00000000000000000000000000000000000        -11355.1371119330240588730966137278490      
   6.00000000000000000000000000000000000         9.00000000000000000000000000000000000        -11355.1371119330240588730966137278490      
   6.00000000000000000000000000000000000         9.00000000000000000000000000000000000        -11355.1371119330240588730966137278490      
   6.00000000000000000000000000000000000         9.00000000000000000000000000000000000        -11355.1371119330240588730966137278490      
   6.00000000000000000000000000000000000         9.00000000000000000000000000000000000        -11355.1371119330240588730966137278490      
   6.00000000000000000000000000000000000         9.00000000000000000000000000000000000        -11355.1371119330240588730966137278490      
   6.00000000000000000000000000000000000         9.00000000000000000000000000000000000        -11355.1371119330240588730966137278490      
   6.00000000000000000000000000000000000         9.00000000000000000000000000000000000        -11355.1371119330240588730966137278490      
   6.00000000000000000000000000000000000         9.00000000000000000000000000000000000        -11355.1371119330240588730966137278490      
   6.00000000000000000000000000000000000         9.00000000000000000000000000000000000        -10864.5613004334746247292534110965142      
   6.00000000000000000000000000000000000         9.00000000000000000000000000000000000        -9682.32440522133081311849899072591005      
   6.00000000000000000000000000000000000         9.00000000000000000000000000000000000        -8628.62336277108974135222814742138386      
   6.00000000000000000000000000000000000         9.00000000000000000000000000000000000        -7689.48001967871547288273869638683504      
   6.00000000000000000000000000000000000         9.00000000000000000000000000000000000        -6852.43633360948357074139394725465027      
   6.00000000000000000000000000000000000         9.00000000000000000000000000000000000        -6106.38906264526096303413858996341596      
   6.00000000000000000000000000000000000         9.00000000000000000000000000000000000        -5441.44243201018562125203611414387828      
   6.00000000000000000000000000000000000         9.00000000000000000000000000000000000        -4848.77682315171025708621984126816906      
   6.00000000000000000000000000000000000         9.00000000000000000000000000000000000        -4320.53174276089531298476120400277745      
   6.00000000000000000000000000000000000         9.00000000000000000000000000000000000        -3849.70151880195437865090189703858832      
   6.00000000000000000000000000000000000         9.00000000000000000000000000000000000        -3430.04233950073546902089929519931657      
   6.00000000000000000000000000000000000         9.00000000000000000000000000000000000        -3055.98940175599510133746937703230855      
   6.00000000000000000000000000000000000         9.00000000000000000000000000000000000        -2722.58306958322044508693541978201209      
   6.00000000000000000000000000000000000         9.00000000000000000000000000000000000        -2425.40306275841255745782484602760283      
   6.00000000000000000000000000000000000         9.00000000000000000000000000000000000        -2160.50980238511833783730437942544403      
   6.00000000000000000000000000000000000         9.00000000000000000000000000000000000        -1924.39213507602205436387978458549837      
   6.00000000000000000000000000000000000         9.00000000000000000000000000000000000        -1713.92074208074708264330464291291953      
   6.00000000000000000000000000000000000         9.00000000000000000000000000000000000        -1526.30661512730073593627183058622183      
   6.00000000000000000000000000000000000         9.00000000000000000000000000000000000        -1359.06404797680675566785244626170584      
   6.00000000000000000000000000000000000         9.00000000000000000000000000000000000        -1209.97765261194177221898430956996417      
   6.00000000000000000000000000000000000         9.00000000000000000000000000000000000        -1077.07296238393607392292886879140419      
   6.00000000000000000000000000000000000         9.00000000000000000000000000000000000        -958.590232039759862622401402715689718      
   6.00000000000000000000000000000000000         9.00000000000000000000000000000000000        -852.961086971773925306322294346586196      
   6.00000000000000000000000000000000000         9.00000000000000000000000000000000000        -758.787711839574668319921325204479406      
   6.00000000000000000000000000000000000         9.00000000000000000000000000000000000        -674.824302409689647966334826252608882      
   6.00000000000000000000000000000000000         9.00000000000000000000000000000000000        -599.960534490305557056157266484833779      
   6.00000000000000000000000000000000000         9.00000000000000000000000000000000000        -533.206830603836192738494994864227136      
   6.00000000000000000000000000000000000         9.00000000000000000000000000000000000        -473.681228895026826182461343538004700      
   6.00000000000000000000000000000000000         9.00000000000000000000000000000000000        -420.597680032983501632863455772813582      
   6.00000000000000000000000000000000000         9.00000000000000000000000000000000000        -373.255616814127578060025501037741911      
   6.00000000000000000000000000000000000         9.00000000000000000000000000000000000        -331.030658061043856957573216815163794      
   6.00000000000000000000000000000000000         9.00000000000000000000000000000000000        -293.366323463607990049778200959810670      
   6.00000000000000000000000000000000000         9.00000000000000000000000000000000000        -259.766649423368694285272781196129026      
   6.00000000000000000000000000000000000         9.00000000000000000000000000000000000        -229.789607917926075382909699782036122      
   6.00000000000000000000000000000000000         9.00000000000000000000000000000000000        -203.041241057634823281405629083167910      
   6.00000000000000000000000000000000000         9.00000000000000000000000000000000000        -179.170433503763364794611145560521884      
   6.00000000000000000000000000000000000         9.00000000000000000000000000000000000        -157.864253381274037483101607354611825      
   6.00000000000000000000000000000000000         9.00000000000000000000000000000000000        -138.843799862967572672946302083290058      
   6.00000000000000000000000000000000000         9.00000000000000000000000000000000000        -121.860502324956344506652339612186486      
   6.00000000000000000000000000000000000         9.00000000000000000000000000000000000        -106.692821965508016022313501904360088      
   6.00000000000000000000000000000000000         9.00000000000000000000000000000000000        -93.1433121197456160532559337878523368      
   6.00000000000000000000000000000000000         9.00000000000000000000000000000000000        -81.0359982623661647837511631416288918      
   6.00000000000000000000000000000000000         9.00000000000000000000000000000000000        -70.2140429326057409126912282660665349      
   6.00000000000000000000000000000000000         9.00000000000000000000000000000000000        -60.5376645964239850745991073132038746      
   6.00000000000000000000000000000000000         9.00000000000000000000000000000000000        -51.8822828304736528997884333793646991      
   6.00000000000000000000000000000000000         9.00000000000000000000000000000000000        -44.1368652155734136693186533639353444      
   6.00000000000000000000000000000000000         9.00000000000000000000000000000000000        -37.2024540039646470981004021632226765      
   6.00000000000000000000000000000000000         9.00000000000000000000000000000000000        -30.9908530101218803030450129919484443      
   6.00000000000000000000000000000000000         9.00000000000000000000000000000000000        -25.4234573009557177086332001767773357      
   6.00000000000000000000000000000000000         9.00000000000000000000000000000000000        -20.4302101561082952118973806646181892      
   6.00000000000000000000000000000000000         9.00000000000000000000000000000000000        -15.9486734578380929622001282037083743      
   6.00000000000000000000000000000000000         9.00000000000000000000000000000000000        -11.9231991751326761319686025795210741      
   6.00000000000000000000000000000000000         9.00000000000000000000000000000000000        -8.30419094814691641606603656450092069      
   6.00000000000000000000000000000000000         9.00000000000000000000000000000000000        -5.04744597464082438637770438443964287      
   6.00000000000000000000000000000000000         9.00000000000000000000000000000000000        -2.11356846564986903677527327590082403      
   6.00000000000000000000000000000000000         9.00000000000000000000000000000000000        0.532553112699106951356199115015765498      
   6.00000000000000000000000000000000000         9.00000000000000000000000000000000000         2.92221194790986982195917697425876622      
   6.00000000000000000000000000000000000         9.00000000000000000000000000000000000         5.08329812270234644242673154004293271      
   6.00000000000000000000000000000000000         9.00000000000000000000000000000000000         7.04066869946529939850815182580527906      
   6.00000000000000000000000000000000000         9.00000000000000000000000000000000000         8.81647755837196238639405963523991503      
   6.00000000000000000000000000000000000         9.00000000000000000000000000000000000         10.4304693659100325227518404855426736      
   6.00000000000000000000000000000000000         9.00000000000000000000000000000000000         11.9002415746098077891543415888170139      
   6.00000000000000000000000000000000000         9.00000000000000000000000000000000000         13.2414779305476803157123591150252392      
   6.00000000000000000000000000000000000         9.00000000000000000000000000000000000         14.4681565871276860389735952489634958      
   6.00000000000000000000000000000000000         9.00000000000000000000000000000000000         15.5927355866845493959066866809994045      
   6.00000000000000000000000000000000000         9.00000000000000000000000000000000000         16.6263181711364034584056887211943287      
   6.00000000000000000000000000000000000         9.00000000000000000000000000000000000         17.5788001152591102549795378799175885      
   6.00000000000000000000000000000000000         9.00000000000000000000000000000000000         18.4590010376052170739371008356970041      
   6.00000000000000000000000000000000000         9.00000000000000000000000000000000000         19.2747814314836634728303061558661040      
   6.00000000000000000000000000000000000         9.00000000000000000000000000000000000         20.0331469689302358619559121457340021      
   6.00000000000000000000000000000000000         9.00000000000000000000000000000000000         20.7403414617190862263776614304769885      
   6.00000000000000000000000000000000000         9.00000000000000000000000000000000000         21.4019297129514580488528380315477034      
   6.00000000000000000000000000000000000         9.00000000000000000000000000000000000         22.0228713586118641598951186717017116      
   6.00000000000000000000000000000000000         9.00000000000000000000000000000000000         22.6075866789243035023159759283598299      
   6.00000000000000000000000000000000000         9.00000000000000000000000000000000000         23.1600152527852291767282430778656953      
   6.00000000000000000000000000000000000         9.00000000000000000000000000000000000         23.6836682335819569149934143556093578      
   6.00000000000000000000000000000000000         9.00000000000000000000000000000000000         24.1816749400648633415057361801856427      
   6.00000000000000000000000000000000000         9.00000000000000000000000000000000000         24.6568243805059411430045156754160509      
   6.00000000000000000000000000000000000         9.00000000000000000000000000000000000         25.1116022611440665780646817426442761      
   6.00000000000000000000000000000000000         9.00000000000000000000000000000000000         25.5482239699965630163052965622397247      
   6.00000000000000000000000000000000000         9.00000000000000000000000000000000000         25.9686639737122001693930986859219999      
   6.00000000000000000000000000000000000         9.00000000000000000000000000000000000         26.3746820175440078354853728349014247      
   6.00000000000000000000000000000000000         9.00000000000000000000000000000000000         26.7678464760996252275931986261742348      
   6.00000000000000000000000000000000000         9.00000000000000000000000000000000000         27.1495551647194559393713462782200510      
   6.00000000000000000000000000000000000         9.00000000000000000000000000000000000         27.5210538876369724145166794600756368      
   6.00000000000000000000000000000000000         9.00000000000000000000000000000000000         27.8834529690439879602186037027471204      
   6.00000000000000000000000000000000000         9.00000000000000000000000000000000000         28.2377419864180887793280126572714363      
   6.00000000000000000000000000000000000         9.00000000000000000000000000000000000         28.5848029016145296006757929915013656      
   6.00000000000000000000000000000000000         9.00000000000000000000000000000000000         28.9254217639642043800171375621702674      
