   5.00000000000000000000000000000000000         4.00000000000000000000000000000000000        -11355.1371119330240588730966137278490      
   5.00000000000000000000000000000000000         4.00000000000000000000000000000000000        -11355.1371119330240588730966137278490      
   5.00000000000000000000000000000000000         4.00000000000000000000000000000000000        -11355.1371119330240588730966137278490      
   5.00000000000000000000000000000000000         4.00000000000000000000000000000000000        -11355.1371119330240588730966137278490      
   5.00000000000000000000000000000000000         4.00000000000000000000000000000000000        -11355.1371119330240588730966137278490      
   5.00000000000000000000000000000000000         4.00000000000000000000000000000000000        -11355.1371119330240588730966137278490      
   5.00000000000000000000000000000000000         4.00000000000000000000000000000000000        -11355.1371119330240588730966137278490      
   5.00000000000000000000000000000000000         4.00000000000000000000000000000000000        -11355.1371119330240588730966137278490      
   5.00000000000000000000000000000000000         4.00000000000000000000000000000000000        -11355.1371119330240588730966137278490      
   5.00000000000000000000000000000000000         4.00000000000000000000000000000000000        -11355.1371119330240588730966137278490      
   5.00000000000000000000000000000000000         4.00000000000000000000000000000000000        -11355.1371119330240588730966137278490      
   5.00000000000000000000000000000000000         4.00000000000000000000000000000000000        -11355.1371119330240588730966137278490      
   5.00000000000000000000000000000000000         4.00000000000000000000000000000000000        -11355.1371119330240588730966137278490      
   5.00000000000000000000000000000000000         4.00000000000000000000000000000000000        -11355.1371119330240588730966137278490      
   5.00000000000000000000000000000000000         4.00000000000000000000000000000000000        -11355.1371119330240588730966137278490      
   5.00000000000000000000000000000000000         4.00000000000000000000000000000000000        -11355.1371119330240588730966137278490      
   5.00000000000000000000000000000000000         4.00000000000000000000000000000000000        -11355.1371119330240588730966137278490      
   5.00000000000000000000000000000000000         4.00000000000000000000000000000000000        -11355.1371119330240588730966137278490      
   5.00000000000000000000000000000000000         4.00000000000000000000000000000000000        -11355.1371119330240588730966137278490      
   5.00000000000000000000000000000000000         4.00000000000000000000000000000000000        -11355.1371119330240588730966137278490      
   5.00000000000000000000000000000000000         4.00000000000000000000000000000000000        -11355.1371119330240588730966137278490      
   5.00000000000000000000000000000000000         4.00000000000000000000000000000000000        -11355.1371119330240588730966137278490      
   5.00000000000000000000000000000000000         4.00000000000000000000000000000000000        -11355.1371119330240588730966137278490      
   5.00000000000000000000000000000000000         4.00000000000000000000000000000000000        -11355.1371119330240588730966137278490      
   5.00000000000000000000000000000000000         4.00000000000000000000000000000000000        -11355.1371119330240588730966137278490      
   5.00000000000000000000000000000000000         4.00000000000000000000000000000000000        -11355.1371119330240588730966137278490      
   5.00000000000000000000000000000000000         4.00000000000000000000000000000000000        -11355.1371119330240588730966137278490      
   5.00000000000000000000000000000000000         4.00000000000000000000000000000000000        -11355.1371119330240588730966137278490      
   5.00000000000000000000000000000000000         4.00000000000000000000000000000000000        -11355.1371119330240588730966137278490      
   5.00000000000000000000000000000000000         4.00000000000000000000000000000000000        -11355.1371119330240588730966137278490      
   5.00000000000000000000000000000000000         4.00000000000000000000000000000000000        -11355.1371119330240588730966137278490      
   5.00000000000000000000000000000000000         4.00000000000000000000000000000000000        -11355.1371119330240588730966137278490      
   5.00000000000000000000000000000000000         4.00000000000000000000000000000000000        -11355.1371119330240588730966137278490      
   5.00000000000000000000000000000000000         4.00000000000000000000000000000000000        -11355.1371119330240588730966137278490      
   5.00000000000000000000000000000000000         4.00000000000000000000000000000000000        -11355.1371119330240588730966137278490      
   5.00000000000000000000000000000000000         4.00000000000000000000000000000000000        -11355.1371119330240588730966137278490      
   5.00000000000000000000000000000000000         4.00000000000000000000000000000000000        -11355.1371119330240588730966137278490      
   5.00000000000000000000000000000000000         4.00000000000000000000000000000000000        -10551.4135219045216669196969651491546      
   5.00000000000000000000000000000000000         4.00000000000000000000000000000000000        -9402.51700203261403584525190435952172      
   5.00000000000000000000000000000000000         4.00000000000000000000000000000000000        -8378.53060038208965529221956495770253      
   5.00000000000000000000000000000000000         4.00000000000000000000000000000000000        -7465.87045877877015838190966256192504      
   5.00000000000000000000000000000000000         4.00000000000000000000000000000000000        -6652.42995088144332794406799603856983      
   5.00000000000000000000000000000000000         4.00000000000000000000000000000000000        -5927.41903460586906021269610977782190      
   5.00000000000000000000000000000000000         4.00000000000000000000000000000000000        -5281.22107482196576779235750968991757      
   5.00000000000000000000000000000000000         4.00000000000000000000000000000000000        -4705.26523644835830193850199935338841      
   5.00000000000000000000000000000000000         4.00000000000000000000000000000000000        -4191.91275467818144412256047918303781      
   5.00000000000000000000000000000000000         4.00000000000000000000000000000000000        -3734.35557321113352884408941484180175      
   5.00000000000000000000000000000000000         4.00000000000000000000000000000000000        -3326.52600548270333994502182026273856      
   5.00000000000000000000000000000000000         4.00000000000000000000000000000000000        -2963.01622014996873255779982787661797      
   5.00000000000000000000000000000000000         4.00000000000000000000000000000000000        -2639.00648245528127213938444877325178      
   5.00000000000000000000000000000000000         4.00000000000000000000000000000000000        -2350.20119927433097074966547500385186      
   5.00000000000000000000000000000000000         4.00000000000000000000000000000000000        -2092.77191920523568465537722671649270      
   5.00000000000000000000000000000000000         4.00000000000000000000000000000000000        -1863.30653134446850002715139576447251      
   5.00000000000000000000000000000000000         4.00000000000000000000000000000000000        -1658.76398864824467282526731798574643      
   5.00000000000000000000000000000000000         4.00000000000000000000000000000000000        -1476.43395508588219640575071709721197      
   5.00000000000000000000000000000000000         4.00000000000000000000000000000000000        -1313.90084112737804023866271730480734      
   5.00000000000000000000000000000000000         4.00000000000000000000000000000000000        -1169.01175033797094991951322243361288      
   5.00000000000000000000000000000000000         4.00000000000000000000000000000000000        -1039.84791175047516137964250061556443      
   5.00000000000000000000000000000000000         4.00000000000000000000000000000000000        -924.699218940322568132745970497949115      
   5.00000000000000000000000000000000000         4.00000000000000000000000000000000000        -822.041537952308299937990712519114991      
   5.00000000000000000000000000000000000         4.00000000000000000000000000000000000        -730.516482969014520107507698240885294      
   5.00000000000000000000000000000000000         4.00000000000000000000000000000000000        -648.913391356320006924271507549897844      
   5.00000000000000000000000000000000000         4.00000000000000000000000000000000000        -576.153258905800750011682294885170926      
   5.00000000000000000000000000000000000         4.00000000000000000000000000000000000        -511.274422104448590630196410837728457      
   5.00000000000000000000000000000000000         4.00000000000000000000000000000000000        -453.419797444126013905358835765423593      
   5.00000000000000000000000000000000000         4.00000000000000000000000000000000000        -401.825508444146497984312659709736584      
   5.00000000000000000000000000000000000         4.00000000000000000000000000000000000        -355.810749474479876317013529236961010      
   5.00000000000000000000000000000000000         4.00000000000000000000000000000000000        -314.768751878675027287654745740402615      
   5.00000000000000000000000000000000000         4.00000000000000000000000000000000000        -278.158732522439736409480522463138608      
   5.00000000000000000000000000000000000         4.00000000000000000000000000000000000        -245.498717930009160228186960514150046      
   5.00000000000000000000000000000000000         4.00000000000000000000000000000000000        -216.359148788952299949763039098558056      
   5.00000000000000000000000000000000000         4.00000000000000000000000000000000000        -190.357179959080941200882190231170084      
   5.00000000000000000000000000000000000         4.00000000000000000000000000000000000        -167.151600350042392598607583097316082      
   5.00000000000000000000000000000000000         4.00000000000000000000000000000000000        -146.438305257458179738967151280791507      
   5.00000000000000000000000000000000000         4.00000000000000000000000000000000000        -127.946261078260101957563467153286070      
   5.00000000000000000000000000000000000         4.00000000000000000000000000000000000        -111.433908859447856201402643135393618      
   5.00000000000000000000000000000000000         4.00000000000000000000000000000000000        -96.6859589575453170300356696096221869      
   5.00000000000000000000000000000000000         4.00000000000000000000000000000000000        -83.5105342758339080365965733891653398      
   5.00000000000000000000000000000000000         4.00000000000000000000000000000000000        -71.7366241718568185724548963387518084      
   5.00000000000000000000000000000000000         4.00000000000000000000000000000000000        -61.2118152500935616135273465022164134      
   5.00000000000000000000000000000000000         4.00000000000000000000000000000000000        -51.8002689288023534910270210357414476      
   5.00000000000000000000000000000000000         4.00000000000000000000000000000000000        -43.3809189445710720332513779279908286      
   5.00000000000000000000000000000000000         4.00000000000000000000000000000000000        -35.8458648765573162025404326228659423      
   5.00000000000000000000000000000000000         4.00000000000000000000000000000000000        -29.0989403734602701249398201794698021      
   5.00000000000000000000000000000000000         4.00000000000000000000000000000000000        -23.0544370844661823130040386335873245      
   5.00000000000000000000000000000000000         4.00000000000000000000000000000000000        -17.6359673615064005814473969893666208      
   5.00000000000000000000000000000000000         4.00000000000000000000000000000000000        -12.7754506415779082752654599034371425      
   5.00000000000000000000000000000000000         4.00000000000000000000000000000000000        -8.41221005903559323287755751512919353      
   5.00000000000000000000000000000000000         4.00000000000000000000000000000000000        -4.49216730045023400560811114875085711      
   5.00000000000000000000000000000000000         4.00000000000000000000000000000000000       -0.967125018245346248026730915200016145      
   5.00000000000000000000000000000000000         4.00000000000000000000000000000000000         2.20587271882216991926768526501117596      
   5.00000000000000000000000000000000000         4.00000000000000000000000000000000000         5.06511042477113593360779419040192196      
   5.00000000000000000000000000000000000         4.00000000000000000000000000000000000         7.64470920863682093328727894243939083      
   5.00000000000000000000000000000000000         4.00000000000000000000000000000000000         9.97507954085707235870334616274380642      
   5.00000000000000000000000000000000000         4.00000000000000000000000000000000000         12.0833247817387102762957386141463397      
   5.00000000000000000000000000000000000         4.00000000000000000000000000000000000         13.9936008265817649913638450545875786      
   5.00000000000000000000000000000000000         4.00000000000000000000000000000000000         15.7274366397338490479525664458167153      
   5.00000000000000000000000000000000000         4.00000000000000000000000000000000000         17.3040199308668200867485001065144088      
   5.00000000000000000000000000000000000         4.00000000000000000000000000000000000         18.7404517642263591726146918502077321      
   5.00000000000000000000000000000000000         4.00000000000000000000000000000000000         20.0519734793645150079594708725132579      
   5.00000000000000000000000000000000000         4.00000000000000000000000000000000000         21.2521689344554659596615274578127463      
