   6.00000000000000000000000000000000000         9.00000000000000000000000000000000000        -11355.1371119330240588730966137278490      
   6.00000000000000000000000000000000000         9.00000000000000000000000000000000000        -11355.1371119330240588730966137278490      
   6.00000000000000000000000000000000000         9.00000000000000000000000000000000000        -11355.1371119330240588730966137278490      
   6.00000000000000000000000000000000000         9.00000000000000000000000000000000000        -11355.1371119330240588730966137278490      
   6.00000000000000000000000000000000000         9.00000000000000000000000000000000000        -11355.1371119330240588730966137278490      
   6.00000000000000000000000000000000000         9.00000000000000000000000000000000000        -11355.1371119330240588730966137278490      
   6.00000000000000000000000000000000000         9.00000000000000000000000000000000000        -11355.1371119330240588730966137278490      
   6.00000000000000000000000000000000000         9.00000000000000000000000000000000000        -11355.1371119330240588730966137278490      
   6.00000000000000000000000000000000000         9.00000000000000000000000000000000000        -11355.1371119330240588730966137278490      
   6.00000000000000000000000000000000000         9.00000000000000000000000000000000000        -11355.1371119330240588730966137278490      
   6.00000000000000000000000000000000000         9.00000000000000000000000000000000000        -11355.1371119330240588730966137278490      
   6.00000000000000000000000000000000000         9.00000000000000000000000000000000000        -11355.1371119330240588730966137278490      
   6.00000000000000000000000000000000000         9.00000000000000000000000000000000000        -11355.1371119330240588730966137278490      
   6.00000000000000000000000000000000000         9.00000000000000000000000000000000000        -11355.1371119330240588730966137278490      
   6.00000000000000000000000000000000000         9.00000000000000000000000000000000000        -11355.1371119330240588730966137278490      
   6.00000000000000000000000000000000000         9.00000000000000000000000000000000000        -11355.1371119330240588730966137278490      
   6.00000000000000000000000000000000000         9.00000000000000000000000000000000000        -10230.7683044319307915395933313357735      
   6.00000000000000000000000000000000000         9.00000000000000000000000000000000000        -9117.33060096799247982120519731219902      
   6.00000000000000000000000000000000000         9.00000000000000000000000000000000000        -8124.94690270618300401147399204425603      
   6.00000000000000000000000000000000000         9.00000000000000000000000000000000000        -7240.45270014561816488088645317216063      
   6.00000000000000000000000000000000000         9.00000000000000000000000000000000000        -6452.11511184356431373699151685321667      
   6.00000000000000000000000000000000000         9.00000000000000000000000000000000000        -5749.47719620717307245204429271090014      
   6.00000000000000000000000000000000000         9.00000000000000000000000000000000000        -5123.21919423180854073288925261326927      
   6.00000000000000000000000000000000000         9.00000000000000000000000000000000000        -4565.03486196140854998766677198287993      
   6.00000000000000000000000000000000000         9.00000000000000000000000000000000000        -4067.52125167776493867274448053387450      
   6.00000000000000000000000000000000000         9.00000000000000000000000000000000000        -3624.08047928206961196731759308824438      
   6.00000000000000000000000000000000000         9.00000000000000000000000000000000000        -3228.83217438156213317498662541859513      
   6.00000000000000000000000000000000000         9.00000000000000000000000000000000000        -2876.53545134712086142629560153901495      
   6.00000000000000000000000000000000000         9.00000000000000000000000000000000000        -2562.51936594513946915435224204927154      
   6.00000000000000000000000000000000000         9.00000000000000000000000000000000000        -2282.62093474544590788052344983288506      
   6.00000000000000000000000000000000000         9.00000000000000000000000000000000000        -2033.12989486046410147179163329567342      
   6.00000000000000000000000000000000000         9.00000000000000000000000000000000000        -1810.73947101091905245208123756143711      
   6.00000000000000000000000000000000000         9.00000000000000000000000000000000000        -1612.50249662695944094872981828892846      
   6.00000000000000000000000000000000000         9.00000000000000000000000000000000000        -1435.79230673836886524994408113160991      
   6.00000000000000000000000000000000000         9.00000000000000000000000000000000000        -1278.26788372627891056865258776420888      
   6.00000000000000000000000000000000000         9.00000000000000000000000000000000000        -1137.84279344168547508523972777412011      
   6.00000000000000000000000000000000000         9.00000000000000000000000000000000000        -1012.65749949193437004615476466072127      
   6.00000000000000000000000000000000000         9.00000000000000000000000000000000000        -901.054688322578708734863927219712342      
   6.00000000000000000000000000000000000         9.00000000000000000000000000000000000        -801.557277673435931014438782654264576      
   6.00000000000000000000000000000000000         9.00000000000000000000000000000000000        -712.848816594417616961928004728403896      
   6.00000000000000000000000000000000000         9.00000000000000000000000000000000000        -633.756016941250401708086487057857394      
   6.00000000000000000000000000000000000         9.00000000000000000000000000000000000        -563.233184554649447440139740604972788      
   6.00000000000000000000000000000000000         9.00000000000000000000000000000000000        -500.348343534151164128772212556559251      
   6.00000000000000000000000000000000000         9.00000000000000000000000000000000000        -444.270869484149334914797940454867857      
   6.00000000000000000000000000000000000         9.00000000000000000000000000000000000        -394.260467632823143643853687271315326      
   6.00000000000000000000000000000000000         9.00000000000000000000000000000000000        -349.657349570291780833858974488100317      
   6.00000000000000000000000000000000000         9.00000000000000000000000000000000000        -309.873478257279202815173853682482853      
   6.00000000000000000000000000000000000         9.00000000000000000000000000000000000        -274.384765130873245500852727255873655      
   6.00000000000000000000000000000000000         9.00000000000000000000000000000000000        -242.724115767713276134206367268247036      
   6.00000000000000000000000000000000000         9.00000000000000000000000000000000000        -214.475231824782089867371464007956385      
   6.00000000000000000000000000000000000         9.00000000000000000000000000000000000        -189.267087013322079087046258315583239      
   6.00000000000000000000000000000000000         9.00000000000000000000000000000000000        -166.769003805405744045623194703507276      
   6.00000000000000000000000000000000000         9.00000000000000000000000000000000000        -146.686265544047952755836028737604769      
   6.00000000000000000000000000000000000         9.00000000000000000000000000000000000        -128.756205732227065046505430983220886      
   6.00000000000000000000000000000000000         9.00000000000000000000000000000000000        -112.744722608056239438924257607828804      
   6.00000000000000000000000000000000000         9.00000000000000000000000000000000000        -98.4431727566350657511309475701679458      
   6.00000000000000000000000000000000000         9.00000000000000000000000000000000000        -85.6656025386981251077704272201758873      
   6.00000000000000000000000000000000000         9.00000000000000000000000000000000000        -74.2462805988007288371893194374231945      
   6.00000000000000000000000000000000000         9.00000000000000000000000000000000000        -64.0374987109246209256947809422264329      
   6.00000000000000000000000000000000000         9.00000000000000000000000000000000000        -54.9076117800609593809916791109883602      
   6.00000000000000000000000000000000000         9.00000000000000000000000000000000000        -46.7392909917824077161555033052817188      
   6.00000000000000000000000000000000000         9.00000000000000000000000000000000000        -39.4279669301604821499088046213412732      
   6.00000000000000000000000000000000000         9.00000000000000000000000000000000000        -32.8804420051488236793200277778479185      
   6.00000000000000000000000000000000000         9.00000000000000000000000000000000000        -27.0136537771868106184705765290267971      
   6.00000000000000000000000000000000000         9.00000000000000000000000000000000000        -21.7535727690923613519241271720195504      
   6.00000000000000000000000000000000000         9.00000000000000000000000000000000000        -17.0342201398773949314726318550460632      
   6.00000000000000000000000000000000000         9.00000000000000000000000000000000000        -12.7967921856143069901520957358323167      
   6.00000000000000000000000000000000000         9.00000000000000000000000000000000000        -8.98888005001188111926795905451940793      
   6.00000000000000000000000000000000000         9.00000000000000000000000000000000000        -5.56377429073405404315129901710475242      
   6.00000000000000000000000000000000000         9.00000000000000000000000000000000000        -2.47984507347910527701578465242370092      
   6.00000000000000000000000000000000000         9.00000000000000000000000000000000000        0.300010230628725940468759955465603818      
   6.00000000000000000000000000000000000         9.00000000000000000000000000000000000         2.80885937438218958406309035532519583      
   6.00000000000000000000000000000000000         9.00000000000000000000000000000000000         5.07617402347979885249383099056743180      
   6.00000000000000000000000000000000000         9.00000000000000000000000000000000000         7.12822082762371776287891480465781230      
   6.00000000000000000000000000000000000         9.00000000000000000000000000000000000         8.98840996300263046308905618084901111      
   6.00000000000000000000000000000000000         9.00000000000000000000000000000000000         10.6776057711065779713204112232670893      
   6.00000000000000000000000000000000000         9.00000000000000000000000000000000000         12.2144036158621021751084872969182869      
   6.00000000000000000000000000000000000         9.00000000000000000000000000000000000         13.6153766328136719416186221138455412      
   6.00000000000000000000000000000000000         9.00000000000000000000000000000000000         14.8952956445631128722201000020172147      
   6.00000000000000000000000000000000000         9.00000000000000000000000000000000000         16.0673251606113091661424342237930101      
   6.00000000000000000000000000000000000         9.00000000000000000000000000000000000         17.1431980624009944720780758430156654      
   6.00000000000000000000000000000000000         9.00000000000000000000000000000000000         18.1333712915250171681547697500616900      
   6.00000000000000000000000000000000000         9.00000000000000000000000000000000000         19.0471646069880131546656714730630389      
   6.00000000000000000000000000000000000         9.00000000000000000000000000000000000         19.8928842527460446002026406365971320      
   6.00000000000000000000000000000000000         9.00000000000000000000000000000000000         20.6779331765173196663093096109498466      
   6.00000000000000000000000000000000000         9.00000000000000000000000000000000000         21.4089092624006464478064831812991877      
   6.00000000000000000000000000000000000         9.00000000000000000000000000000000000         22.0916928807887853813905608318725448      
   6.00000000000000000000000000000000000         9.00000000000000000000000000000000000         22.7315249173108581079309985386558396      
   6.00000000000000000000000000000000000         9.00000000000000000000000000000000000         23.3330763162004709549946885810492914      
   6.00000000000000000000000000000000000         9.00000000000000000000000000000000000         23.9005100608877959710602640561693873      
   6.00000000000000000000000000000000000         9.00000000000000000000000000000000000         24.4375364142604092322607425556103086      
   6.00000000000000000000000000000000000         9.00000000000000000000000000000000000         24.9474621515975857360721996342482547      
   6.00000000000000000000000000000000000         9.00000000000000000000000000000000000         25.4332344394691768023672977364244772      
   6.00000000000000000000000000000000000         9.00000000000000000000000000000000000         25.8974799428453988328578301564855044      
   6.00000000000000000000000000000000000         9.00000000000000000000000000000000000         26.3425396793451202423308683327566133      
   6.00000000000000000000000000000000000         9.00000000000000000000000000000000000         26.7705000831173451326060278756504122      
   6.00000000000000000000000000000000000         9.00000000000000000000000000000000000         27.1832206905547276924368595216675253      
   6.00000000000000000000000000000000000         9.00000000000000000000000000000000000         27.5823588152117148085398970420122419      
   6.00000000000000000000000000000000000         9.00000000000000000000000000000000000         27.9693915393484890410520688694813974      
   6.00000000000000000000000000000000000         9.00000000000000000000000000000000000         28.3456353139151388098963263303109678      
   6.00000000000000000000000000000000000         9.00000000000000000000000000000000000         28.7122634270559374799419145308852223      
