   2.00000000000000000000000000000000000         1.00000000000000000000000000000000000        -11355.1371119330240588730966137278490      
   2.00000000000000000000000000000000000         1.00000000000000000000000000000000000        -11355.1371119330240588730966137278490      
   2.00000000000000000000000000000000000         1.00000000000000000000000000000000000        -11355.1371119330240588730966137278490      
   2.00000000000000000000000000000000000         1.00000000000000000000000000000000000        -11355.1371119330240588730966137278490      
   2.00000000000000000000000000000000000         1.00000000000000000000000000000000000        -11355.1371119330240588730966137278490      
   2.00000000000000000000000000000000000         1.00000000000000000000000000000000000        -11355.1371119330240588730966137278490      
   2.00000000000000000000000000000000000         1.00000000000000000000000000000000000        -11355.1371119330240588730966137278490      
   2.00000000000000000000000000000000000         1.00000000000000000000000000000000000        -11355.1371119330240588730966137278490      
   2.00000000000000000000000000000000000         1.00000000000000000000000000000000000        -11355.1371119330240588730966137278490      
   2.00000000000000000000000000000000000         1.00000000000000000000000000000000000        -11355.1371119330240588730966137278490      
   2.00000000000000000000000000000000000         1.00000000000000000000000000000000000        -11355.1371119330240588730966137278490      
   2.00000000000000000000000000000000000         1.00000000000000000000000000000000000        -11355.1371119330240588730966137278490      
   2.00000000000000000000000000000000000         1.00000000000000000000000000000000000        -11355.1371119330240588730966137278490      
   2.00000000000000000000000000000000000         1.00000000000000000000000000000000000        -11355.1371119330240588730966137278490      
   2.00000000000000000000000000000000000         1.00000000000000000000000000000000000        -11355.1371119330240588730966137278490      
   2.00000000000000000000000000000000000         1.00000000000000000000000000000000000        -11355.1371119330240588730966137278490      
   2.00000000000000000000000000000000000         1.00000000000000000000000000000000000        -11355.1371119330240588730966137278490      
   2.00000000000000000000000000000000000         1.00000000000000000000000000000000000        -11355.1371119330240588730966137278490      
   2.00000000000000000000000000000000000         1.00000000000000000000000000000000000        -11355.1371119330240588730966137278490      
   2.00000000000000000000000000000000000         1.00000000000000000000000000000000000        -11355.1371119330240588730966137278490      
   2.00000000000000000000000000000000000         1.00000000000000000000000000000000000        -11355.1371119330240588730966137278490      
   2.00000000000000000000000000000000000         1.00000000000000000000000000000000000        -11355.1371119330240588730966137278490      
   2.00000000000000000000000000000000000         1.00000000000000000000000000000000000        -11355.1371119330240588730966137278490      
   2.00000000000000000000000000000000000         1.00000000000000000000000000000000000        -11355.1371119330240588730966137278490      
   2.00000000000000000000000000000000000         1.00000000000000000000000000000000000        -11355.1371119330240588730966137278490      
   2.00000000000000000000000000000000000         1.00000000000000000000000000000000000        -11355.1371119330240588730966137278490      
   2.00000000000000000000000000000000000         1.00000000000000000000000000000000000        -11355.1371119330240588730966137278490      
   2.00000000000000000000000000000000000         1.00000000000000000000000000000000000        -11355.1371119330240588730966137278490      
   2.00000000000000000000000000000000000         1.00000000000000000000000000000000000        -11355.1371119330240588730966137278490      
   2.00000000000000000000000000000000000         1.00000000000000000000000000000000000        -11355.1371119330240588730966137278490      
   2.00000000000000000000000000000000000         1.00000000000000000000000000000000000        -11355.1371119330240588730966137278490      
   2.00000000000000000000000000000000000         1.00000000000000000000000000000000000        -11355.1371119330240588730966137278490      
   2.00000000000000000000000000000000000         1.00000000000000000000000000000000000        -10687.6745688574817578544593508670762      
   2.00000000000000000000000000000000000         1.00000000000000000000000000000000000        -9524.16740289473672631372291460446682      
   2.00000000000000000000000000000000000         1.00000000000000000000000000000000000        -8487.15924920901337078525038562735415      
   2.00000000000000000000000000000000000         1.00000000000000000000000000000000000        -7562.89345888817777728457522887375781      
   2.00000000000000000000000000000000000         1.00000000000000000000000000000000000        -6739.10940568371402509229812119469412      
   2.00000000000000000000000000000000000         1.00000000000000000000000000000000000        -6004.87979494952507480415602444261736      
   2.00000000000000000000000000000000000         1.00000000000000000000000000000000000        -5350.46566508101308519868052896143172      
   2.00000000000000000000000000000000000         1.00000000000000000000000000000000000        -4767.18715741163170259346293295135147      
   2.00000000000000000000000000000000000         1.00000000000000000000000000000000000        -4247.30833976195316775130140151203096      
   2.00000000000000000000000000000000000         1.00000000000000000000000000000000000        -3783.93455531972345959978276210031025      
   2.00000000000000000000000000000000000         1.00000000000000000000000000000000000        -3370.92093473291096243464728377204648      
   2.00000000000000000000000000000000000         1.00000000000000000000000000000000000        -3002.79085742680819774583786673699663      
   2.00000000000000000000000000000000000         1.00000000000000000000000000000000000        -2674.66328017640455271453492802727879      
   2.00000000000000000000000000000000000         1.00000000000000000000000000000000000        -2382.18796862833795589315761515743346      
   2.00000000000000000000000000000000000         1.00000000000000000000000000000000000        -2121.48777233407281325141584621775022      
   2.00000000000000000000000000000000000         1.00000000000000000000000000000000000        -1889.10717731906610434197905924486182      
   2.00000000000000000000000000000000000         1.00000000000000000000000000000000000        -1681.96645351177209452202508212311440      
   2.00000000000000000000000000000000000         1.00000000000000000000000000000000000        -1497.32078859672694055070814939319117      
   2.00000000000000000000000000000000000         1.00000000000000000000000000000000000        -1332.72386602277243385678598163571632      
   2.00000000000000000000000000000000000         1.00000000000000000000000000000000000        -1185.99540386871671216117154178328724      
   2.00000000000000000000000000000000000         1.00000000000000000000000000000000000        -1055.19222382690148316866470270864993      
   2.00000000000000000000000000000000000         1.00000000000000000000000000000000000        -938.582466407665149875139035043736850      
   2.00000000000000000000000000000000000         1.00000000000000000000000000000000000        -834.622610216130984182839758107373616      
   2.00000000000000000000000000000000000         1.00000000000000000000000000000000000        -741.936990361085594693320218393361895      
   2.00000000000000000000000000000000000         1.00000000000000000000000000000000000        -659.299544217677389334640483586802435      
   2.00000000000000000000000000000000000         1.00000000000000000000000000000000000        -585.617542321296664166374249872943974      
   2.00000000000000000000000000000000000         1.00000000000000000000000000000000000        -519.917088511483635066374676286173443      
   2.00000000000000000000000000000000000         1.00000000000000000000000000000000000        -461.330196921583666666400892646513469      
   2.00000000000000000000000000000000000         1.00000000000000000000000000000000000        -409.083274333653983042732715463929371      
   2.00000000000000000000000000000000000         1.00000000000000000000000000000000000        -362.486855066469182088128827484105352      
   2.00000000000000000000000000000000000         1.00000000000000000000000000000000000        -320.926452184826102232163255612626929      
   2.00000000000000000000000000000000000         1.00000000000000000000000000000000000        -283.854403631253995623830289870469947      
   2.00000000000000000000000000000000000         1.00000000000000000000000000000000000        -250.782605083251800981247971960846184      
   2.00000000000000000000000000000000000         1.00000000000000000000000000000000000        -221.276033105483311159658216635209665      
   2.00000000000000000000000000000000000         1.00000000000000000000000000000000000        -194.946972653094966756032015702589348      
   2.00000000000000000000000000000000000         1.00000000000000000000000000000000000        -171.449872328632465725636312966648501      
   2.00000000000000000000000000000000000         1.00000000000000000000000000000000000        -150.476759124941234604188891215821757      
   2.00000000000000000000000000000000000         1.00000000000000000000000000000000000        -131.753151810474889067605173904177442      
   2.00000000000000000000000000000000000         1.00000000000000000000000000000000000        -115.034418730117608258760933089777988      
   2.00000000000000000000000000000000000         1.00000000000000000000000000000000000        -100.102531691750205949747465065883063      
   2.00000000000000000000000000000000000         1.00000000000000000000000000000000000        -86.7631728646068529110447571197673576      
   2.00000000000000000000000000000000000         1.00000000000000000000000000000000000        -74.8431562997213894422401663146240543      
   2.00000000000000000000000000000000000         1.00000000000000000000000000000000000        -64.1881298576061427335582145823357409      
   2.00000000000000000000000000000000000         1.00000000000000000000000000000000000        -54.6605270491397736451542365722825777      
   2.00000000000000000000000000000000000         1.00000000000000000000000000000000000        -46.1377416118371229698342390529746343      
   2.00000000000000000000000000000000000         1.00000000000000000000000000000000000        -38.5105005992372203135555916429368118      
   2.00000000000000000000000000000000000         1.00000000000000000000000000000000000        -31.6814143952940872641036102456077676      
   2.00000000000000000000000000000000000         1.00000000000000000000000000000000000        -25.5636844133422602846542078429897686      
   2.00000000000000000000000000000000000         1.00000000000000000000000000000000000        -20.0799513315874617828353660860793701      
   2.00000000000000000000000000000000000         1.00000000000000000000000000000000000        -15.1612685819071515479229532494450386      
   2.00000000000000000000000000000000000         1.00000000000000000000000000000000000        -10.7461874707810134228743720236450871      
   2.00000000000000000000000000000000000         1.00000000000000000000000000000000000        -6.77994179246197262258905141077745520      
   2.00000000000000000000000000000000000         1.00000000000000000000000000000000000        -3.21372111469992301887879558116308578      
   2.00000000000000000000000000000000000         1.00000000000000000000000000000000000        -4.02309396124389726779600994744289224E-0003
   2.00000000000000000000000000000000000         1.00000000000000000000000000000000000         2.88792377423942068254684812196653651      
   2.00000000000000000000000000000000000         1.00000000000000000000000000000000000         5.49667462964750092503844243421268463      
   2.00000000000000000000000000000000000         1.00000000000000000000000000000000000         7.85302677297845417663520864794731893      
   2.00000000000000000000000000000000000         1.00000000000000000000000000000000000         9.98442832738691886974560441776373759      
   2.00000000000000000000000000000000000         1.00000000000000000000000000000000000         11.9153424583844770900820525378556747      
   2.00000000000000000000000000000000000         1.00000000000000000000000000000000000         13.6675719851830474604354233788971346      
   2.00000000000000000000000000000000000         1.00000000000000000000000000000000000         15.2605486908592129037577182121607426      
   2.00000000000000000000000000000000000         1.00000000000000000000000000000000000         16.7115911703095893900902013313270444      
   2.00000000000000000000000000000000000         1.00000000000000000000000000000000000         18.0361346374829442004104205432078632      
   2.00000000000000000000000000000000000         1.00000000000000000000000000000000000         19.2479357412914112487028423828651732      
   2.00000000000000000000000000000000000         1.00000000000000000000000000000000000         20.3592551079835064556868661734479587      
   2.00000000000000000000000000000000000         1.00000000000000000000000000000000000         21.3810200322053268607667549531037444      
   2.00000000000000000000000000000000000         1.00000000000000000000000000000000000         22.3229694755614703051639771314886277      
   2.00000000000000000000000000000000000         1.00000000000000000000000000000000000         23.1937832967184831425609414104024154      
   2.00000000000000000000000000000000000         1.00000000000000000000000000000000000         24.0011974278557931321948496247454482      
