   16.0000000000000000000000000000000000         17.0000000000000000000000000000000000        -11355.1371119330240588730966137278490      
   16.0000000000000000000000000000000000         17.0000000000000000000000000000000000        -11355.1371119330240588730966137278490      
   16.0000000000000000000000000000000000         17.0000000000000000000000000000000000        -11355.1371119330240588730966137278490      
   16.0000000000000000000000000000000000         17.0000000000000000000000000000000000        -11355.1371119330240588730966137278490      
   16.0000000000000000000000000000000000         17.0000000000000000000000000000000000        -11355.1371119330240588730966137278490      
   16.0000000000000000000000000000000000         17.0000000000000000000000000000000000        -11355.1371119330240588730966137278490      
   16.0000000000000000000000000000000000         17.0000000000000000000000000000000000        -11355.1371119330240588730966137278490      
   16.0000000000000000000000000000000000         17.0000000000000000000000000000000000        -11355.1371119330240588730966137278490      
   16.0000000000000000000000000000000000         17.0000000000000000000000000000000000        -11355.1371119330240588730966137278490      
   16.0000000000000000000000000000000000         17.0000000000000000000000000000000000        -11355.1371119330240588730966137278490      
   16.0000000000000000000000000000000000         17.0000000000000000000000000000000000        -11355.1371119330240588730966137278490      
   16.0000000000000000000000000000000000         17.0000000000000000000000000000000000        -11355.1371119330240588730966137278490      
   16.0000000000000000000000000000000000         17.0000000000000000000000000000000000        -11355.1371119330240588730966137278490      
   16.0000000000000000000000000000000000         17.0000000000000000000000000000000000        -11355.1371119330240588730966137278490      
   16.0000000000000000000000000000000000         17.0000000000000000000000000000000000        -10547.1608639666003975196036162295565      
   16.0000000000000000000000000000000000         17.0000000000000000000000000000000000        -9399.41586854336400998539280543629280      
   16.0000000000000000000000000000000000         17.0000000000000000000000000000000000        -8376.45576413800181933886217884632432      
   16.0000000000000000000000000000000000         17.0000000000000000000000000000000000        -7464.71031091723720281379969288628799      
   16.0000000000000000000000000000000000         17.0000000000000000000000000000000000        -6652.08501989896244783825434190993013      
   16.0000000000000000000000000000000000         17.0000000000000000000000000000000000        -5927.80066643162580652701636964999872      
   16.0000000000000000000000000000000000         17.0000000000000000000000000000000000        -5282.25025643217738730834766272410342      
   16.0000000000000000000000000000000000         17.0000000000000000000000000000000000        -4706.87154741145363190324444614854587      
   16.0000000000000000000000000000000000         17.0000000000000000000000000000000000        -4194.03343271845890250082673524809829      
   16.0000000000000000000000000000000000         17.0000000000000000000000000000000000        -3736.93468139149467186507337312453964      
   16.0000000000000000000000000000000000         17.0000000000000000000000000000000000        -3329.51368995548285128435609576916781      
   16.0000000000000000000000000000000000         17.0000000000000000000000000000000000        -2966.36804862666532220204907719251262      
   16.0000000000000000000000000000000000         17.0000000000000000000000000000000000        -2642.68285461708473612989175502839383      
   16.0000000000000000000000000000000000         17.0000000000000000000000000000000000        -2354.16682129995131939868096503079480      
   16.0000000000000000000000000000000000         17.0000000000000000000000000000000000        -2096.99533544333788989285099896472134      
   16.0000000000000000000000000000000000         17.0000000000000000000000000000000000        -1867.75970691629061008063732223045981      
   16.0000000000000000000000000000000000         17.0000000000000000000000000000000000        -1663.42193744178963235914483614069275      
   16.0000000000000000000000000000000000         17.0000000000000000000000000000000000        -1481.27440820539231501811958188267171      
   16.0000000000000000000000000000000000         17.0000000000000000000000000000000000        -1318.90395139861807377285115549352866      
   16.0000000000000000000000000000000000         17.0000000000000000000000000000000000        -1174.15982894828443311739233276444825      
   16.0000000000000000000000000000000000         17.0000000000000000000000000000000000        -1045.12519352898754750851750751248515      
   16.0000000000000000000000000000000000         17.0000000000000000000000000000000000        -930.091653163702078615644402394506830      
   16.0000000000000000000000000000000000         17.0000000000000000000000000000000000        -827.536601900204029411539315696857877      
   16.0000000000000000000000000000000000         17.0000000000000000000000000000000000        -736.103015755165737619581043062202670      
   16.0000000000000000000000000000000000         17.0000000000000000000000000000000000        -654.581445830376431982574483925913654      
   16.0000000000000000000000000000000000         17.0000000000000000000000000000000000        -581.893969660680937711998662661269196      
   16.0000000000000000000000000000000000         17.0000000000000000000000000000000000        -517.079887837774265650679767930027660      
   16.0000000000000000000000000000000000         17.0000000000000000000000000000000000        -459.282976112740059970717422233819108      
   16.0000000000000000000000000000000000         17.0000000000000000000000000000000000        -407.740123820478756891023627105123546      
   16.0000000000000000000000000000000000         17.0000000000000000000000000000000000        -361.771207864820503687996266854115338      
   16.0000000000000000000000000000000000         17.0000000000000000000000000000000000        -320.770067898257491490472515079926218      
   16.0000000000000000000000000000000000         17.0000000000000000000000000000000000        -284.196462942413908442789789183608612      
   16.0000000000000000000000000000000000         17.0000000000000000000000000000000000        -251.568902718494019696122032928544287      
   16.0000000000000000000000000000000000         17.0000000000000000000000000000000000        -222.458258563818847883548929890133073      
   16.0000000000000000000000000000000000         17.0000000000000000000000000000000000        -196.482069155195674793513909244873566      
   16.0000000000000000000000000000000000         17.0000000000000000000000000000000000        -173.299465479529116672840517532795377      
   16.0000000000000000000000000000000000         17.0000000000000000000000000000000000        -152.606647709117188761239244885166712      
   16.0000000000000000000000000000000000         17.0000000000000000000000000000000000        -134.132853962515626887684695420712315      
   16.0000000000000000000000000000000000         17.0000000000000000000000000000000000        -117.636767458876372623705828743146302      
   16.0000000000000000000000000000000000         17.0000000000000000000000000000000000        -102.903314390881178418707922431586268      
   16.0000000000000000000000000000000000         17.0000000000000000000000000000000000        -89.7408100259896597183684158677379508      
   16.0000000000000000000000000000000000         17.0000000000000000000000000000000000        -77.9784151664992826896290813172881510      
   16.0000000000000000000000000000000000         17.0000000000000000000000000000000000        -67.4638692171876476297665486088711055      
   16.0000000000000000000000000000000000         17.0000000000000000000000000000000000        -58.0614697797219883111186973067537600      
   16.0000000000000000000000000000000000         17.0000000000000000000000000000000000        -49.6502719642812276079660173544728710      
   16.0000000000000000000000000000000000         17.0000000000000000000000000000000000        -42.1224835243498480414564111893564340      
   16.0000000000000000000000000000000000         17.0000000000000000000000000000000000        -35.3820345190973506958724976775802855      
   16.0000000000000000000000000000000000         17.0000000000000000000000000000000000        -29.3433025236320999884242390693074422      
   16.0000000000000000000000000000000000         17.0000000000000000000000000000000000        -23.9299764714441395410028355177858930      
   16.0000000000000000000000000000000000         17.0000000000000000000000000000000000        -19.0740440529164840812480754540330774      
   16.0000000000000000000000000000000000         17.0000000000000000000000000000000000        -14.7148892332983527220436762379621701      
   16.0000000000000000000000000000000000         17.0000000000000000000000000000000000        -10.7984879147521642778233796096784289      
   16.0000000000000000000000000000000000         17.0000000000000000000000000000000000        -7.27669106939834526370457994552000093      
   16.0000000000000000000000000000000000         17.0000000000000000000000000000000000        -4.10658583096899794299524560302688659      
   16.0000000000000000000000000000000000         17.0000000000000000000000000000000000        -1.24992606714485049453971949984894170      
   16.0000000000000000000000000000000000         17.0000000000000000000000000000000000         1.32737512338363545697964371001086307      
   16.0000000000000000000000000000000000         17.0000000000000000000000000000000000         3.65569772338665838759179501342571917      
   16.0000000000000000000000000000000000         17.0000000000000000000000000000000000         5.76211792100864471439927399852315488      
   16.0000000000000000000000000000000000         17.0000000000000000000000000000000000         7.67076739433440028024918470493174050      
   16.0000000000000000000000000000000000         17.0000000000000000000000000000000000         9.40315352409574984020099937473973828      
   16.0000000000000000000000000000000000         17.0000000000000000000000000000000000         10.9784447835467318496869740697765602      
   16.0000000000000000000000000000000000         17.0000000000000000000000000000000000         12.4137250924575996920129315634735320      
   16.0000000000000000000000000000000000         17.0000000000000000000000000000000000         13.7242205103505933374512088729672290      
   16.0000000000000000000000000000000000         17.0000000000000000000000000000000000         14.9235012770589894087680180418309491      
   16.0000000000000000000000000000000000         17.0000000000000000000000000000000000         16.0236618815648956185353100757110320      
   16.0000000000000000000000000000000000         17.0000000000000000000000000000000000         17.0354815485198637146382947308746675      
   16.0000000000000000000000000000000000         17.0000000000000000000000000000000000         17.9685672720069435886487101207042729      
   16.0000000000000000000000000000000000         17.0000000000000000000000000000000000         18.8314812945152987988455600201835394      
   16.0000000000000000000000000000000000         17.0000000000000000000000000000000000         19.6318547226959249830397244139877031      
   16.0000000000000000000000000000000000         17.0000000000000000000000000000000000         20.3764887875105206684672244590149672      
   16.0000000000000000000000000000000000         17.0000000000000000000000000000000000         21.0714450924341639438396884192740483      
   16.0000000000000000000000000000000000         17.0000000000000000000000000000000000         21.7221260472506129277137421207544139      
   16.0000000000000000000000000000000000         17.0000000000000000000000000000000000         22.3333465547478249685776461258222421      
   16.0000000000000000000000000000000000         17.0000000000000000000000000000000000         22.9093979015525898401006035987235558      
   16.0000000000000000000000000000000000         17.0000000000000000000000000000000000         23.4541047008968347243981802476933354      
   16.0000000000000000000000000000000000         17.0000000000000000000000000000000000         23.9708756429115134590021406073313082      
   16.0000000000000000000000000000000000         17.0000000000000000000000000000000000         24.4627487258736458915153797763247824      
   16.0000000000000000000000000000000000         17.0000000000000000000000000000000000         24.9324315685976746636481517134865140      
   16.0000000000000000000000000000000000         17.0000000000000000000000000000000000         25.3823373388920803596851668227793718      
   16.0000000000000000000000000000000000         17.0000000000000000000000000000000000         25.8146167748300454551323723284121596      
   16.0000000000000000000000000000000000         17.0000000000000000000000000000000000         26.2311867237369737955329938365678334      
   16.0000000000000000000000000000000000         17.0000000000000000000000000000000000         26.6337555775898907192176136245895190      
   16.0000000000000000000000000000000000         17.0000000000000000000000000000000000         27.0238459423410202232134653941908848      
   16.0000000000000000000000000000000000         17.0000000000000000000000000000000000         27.4028148419736899697971703497292458      
   16.0000000000000000000000000000000000         17.0000000000000000000000000000000000         27.7718717253861107302259235917692439      
   16.0000000000000000000000000000000000         17.0000000000000000000000000000000000         28.1320945150434376792882460959375968      
   16.0000000000000000000000000000000000         17.0000000000000000000000000000000000         28.4844439103539758061413116735725469      
