   4.00000000000000000000000000000000000         5.00000000000000000000000000000000000        -11355.1371119330240588730966137278490      
   4.00000000000000000000000000000000000         5.00000000000000000000000000000000000        -11355.1371119330240588730966137278490      
   4.00000000000000000000000000000000000         5.00000000000000000000000000000000000        -11355.1371119330240588730966137278490      
   4.00000000000000000000000000000000000         5.00000000000000000000000000000000000        -11355.1371119330240588730966137278490      
   4.00000000000000000000000000000000000         5.00000000000000000000000000000000000        -11355.1371119330240588730966137278490      
   4.00000000000000000000000000000000000         5.00000000000000000000000000000000000        -11355.1371119330240588730966137278490      
   4.00000000000000000000000000000000000         5.00000000000000000000000000000000000        -11355.1371119330240588730966137278490      
   4.00000000000000000000000000000000000         5.00000000000000000000000000000000000        -11355.1371119330240588730966137278490      
   4.00000000000000000000000000000000000         5.00000000000000000000000000000000000        -11355.1371119330240588730966137278490      
   4.00000000000000000000000000000000000         5.00000000000000000000000000000000000        -11355.1371119330240588730966137278490      
   4.00000000000000000000000000000000000         5.00000000000000000000000000000000000        -11355.1371119330240588730966137278490      
   4.00000000000000000000000000000000000         5.00000000000000000000000000000000000        -11355.1371119330240588730966137278490      
   4.00000000000000000000000000000000000         5.00000000000000000000000000000000000        -11355.1371119330240588730966137278490      
   4.00000000000000000000000000000000000         5.00000000000000000000000000000000000        -11355.1371119330240588730966137278490      
   4.00000000000000000000000000000000000         5.00000000000000000000000000000000000        -11355.1371119330240588730966137278490      
   4.00000000000000000000000000000000000         5.00000000000000000000000000000000000        -11355.1371119330240588730966137278490      
   4.00000000000000000000000000000000000         5.00000000000000000000000000000000000        -11355.1371119330240588730966137278490      
   4.00000000000000000000000000000000000         5.00000000000000000000000000000000000        -11355.1371119330240588730966137278490      
   4.00000000000000000000000000000000000         5.00000000000000000000000000000000000        -11355.1371119330240588730966137278490      
   4.00000000000000000000000000000000000         5.00000000000000000000000000000000000        -11355.1371119330240588730966137278490      
   4.00000000000000000000000000000000000         5.00000000000000000000000000000000000        -11355.1371119330240588730966137278490      
   4.00000000000000000000000000000000000         5.00000000000000000000000000000000000        -11355.1371119330240588730966137278490      
   4.00000000000000000000000000000000000         5.00000000000000000000000000000000000        -11355.1371119330240588730966137278490      
   4.00000000000000000000000000000000000         5.00000000000000000000000000000000000        -11355.1371119330240588730966137278490      
   4.00000000000000000000000000000000000         5.00000000000000000000000000000000000        -11355.1371119330240588730966137278490      
   4.00000000000000000000000000000000000         5.00000000000000000000000000000000000        -11355.1371119330240588730966137278490      
   4.00000000000000000000000000000000000         5.00000000000000000000000000000000000        -11355.1371119330240588730966137278490      
   4.00000000000000000000000000000000000         5.00000000000000000000000000000000000        -11355.1371119330240588730966137278490      
   4.00000000000000000000000000000000000         5.00000000000000000000000000000000000        -11355.1371119330240588730966137278490      
   4.00000000000000000000000000000000000         5.00000000000000000000000000000000000        -11355.1371119330240588730966137278490      
   4.00000000000000000000000000000000000         5.00000000000000000000000000000000000        -11355.1371119330240588730966137278490      
   4.00000000000000000000000000000000000         5.00000000000000000000000000000000000        -10200.8138425588129551106659097161955      
   4.00000000000000000000000000000000000         5.00000000000000000000000000000000000        -9090.18397857917467438597824004569363      
   4.00000000000000000000000000000000000         5.00000000000000000000000000000000000        -8100.30276989187657345266261675097371      
   4.00000000000000000000000000000000000         5.00000000000000000000000000000000000        -7218.03891351226491486669525267748678      
   4.00000000000000000000000000000000000         5.00000000000000000000000000000000000        -6431.68912333634860244922687316456843      
   4.00000000000000000000000000000000000         5.00000000000000000000000000000000000        -5730.82283464469794398503870465771023      
   4.00000000000000000000000000000000000         5.00000000000000000000000000000000000        -5106.14379684585647805615539480497476      
   4.00000000000000000000000000000000000         5.00000000000000000000000000000000000        -4549.36671787906224667571435630880115      
   4.00000000000000000000000000000000000         5.00000000000000000000000000000000000        -4053.10732342244908101572482456074392      
   4.00000000000000000000000000000000000         5.00000000000000000000000000000000000        -3610.78437205921683051527654697142615      
   4.00000000000000000000000000000000000         5.00000000000000000000000000000000000        -3216.53232620255770040737775083607989      
   4.00000000000000000000000000000000000         5.00000000000000000000000000000000000        -2865.12351997557049774722804056770767      
   4.00000000000000000000000000000000000         5.00000000000000000000000000000000000        -2551.89879126121726484633114871640532      
   4.00000000000000000000000000000000000         5.00000000000000000000000000000000000        -2272.70565745177071402672977568355286      
   4.00000000000000000000000000000000000         5.00000000000000000000000000000000000        -2023.84321452750983811025708347824042      
   4.00000000000000000000000000000000000         5.00000000000000000000000000000000000        -1802.01302830891533958164396833408703      
   4.00000000000000000000000000000000000         5.00000000000000000000000000000000000        -1604.27536623911823331395051653454388      
   4.00000000000000000000000000000000000         5.00000000000000000000000000000000000        -1428.01018891894672188094463129058197      
   4.00000000000000000000000000000000000         5.00000000000000000000000000000000000        -1270.88238377594156584541071402852206      
   4.00000000000000000000000000000000000         5.00000000000000000000000000000000000        -1130.81077953925056422366004253775587      
   4.00000000000000000000000000000000000         5.00000000000000000000000000000000000        -1005.94053036130969347507220814162056      
   4.00000000000000000000000000000000000         5.00000000000000000000000000000000000        -894.618503140384035263151417135920440      
   4.00000000000000000000000000000000000         5.00000000000000000000000000000000000        -795.371341448692395030367830767796282      
   4.00000000000000000000000000000000000         5.00000000000000000000000000000000000        -706.885914987769399032319070321795504      
   4.00000000000000000000000000000000000         5.00000000000000000000000000000000000        -627.991895147215937651120208331851898      
   4.00000000000000000000000000000000000         5.00000000000000000000000000000000000        -557.646225455089041665249367442512987      
   4.00000000000000000000000000000000000         5.00000000000000000000000000000000000        -494.919280852243064932909012418588546      
   4.00000000000000000000000000000000000         5.00000000000000000000000000000000000        -438.982532132601811655412884530319218      
   4.00000000000000000000000000000000000         5.00000000000000000000000000000000000        -389.097551863978664949961907316861468      
   4.00000000000000000000000000000000000         5.00000000000000000000000000000000000        -344.606215904693609760465055519277614      
   4.00000000000000000000000000000000000         5.00000000000000000000000000000000000        -304.921970496065866610223151867091060      
   4.00000000000000000000000000000000000         5.00000000000000000000000000000000000        -269.522049050405316204756156801601791      
   4.00000000000000000000000000000000000         5.00000000000000000000000000000000000        -237.940535356008162775214443577819598      
   4.00000000000000000000000000000000000         5.00000000000000000000000000000000000        -209.762181152101677553802282235882355      
   4.00000000000000000000000000000000000         5.00000000000000000000000000000000000        -184.616896036713759822702988976699173      
   4.00000000000000000000000000000000000         5.00000000000000000000000000000000000        -162.174836591892479830389653423631788      
   4.00000000000000000000000000000000000         5.00000000000000000000000000000000000        -142.142029561950939064168284205025475      
   4.00000000000000000000000000000000000         5.00000000000000000000000000000000000        -124.256471006971957781415671641977314      
   4.00000000000000000000000000000000000         5.00000000000000000000000000000000000        -108.284649669709612038410255877119332      
   4.00000000000000000000000000000000000         5.00000000000000000000000000000000000        -94.0184484230786817367831646893907220      
   4.00000000000000000000000000000000000         5.00000000000000000000000000000000000        -81.2723826823227645224723572111251884      
   4.00000000000000000000000000000000000         5.00000000000000000000000000000000000        -69.8811391372683685618282540719031962      
   4.00000000000000000000000000000000000         5.00000000000000000000000000000000000        -59.6973821451373743990978713964387856      
   4.00000000000000000000000000000000000         5.00000000000000000000000000000000000        -50.5897986760832446598409713131867363      
   4.00000000000000000000000000000000000         5.00000000000000000000000000000000000        -42.4413558690660683822690610755403697      
   4.00000000000000000000000000000000000         5.00000000000000000000000000000000000        -35.1477480768915486442299529479544899      
   4.00000000000000000000000000000000000         5.00000000000000000000000000000000000        -28.6160127936451208315438934069100590      
   4.00000000000000000000000000000000000         5.00000000000000000000000000000000000        -22.7632970987191653643422565794311294      
   4.00000000000000000000000000000000000         5.00000000000000000000000000000000000        -17.5157582488950205543451348194333602      
   4.00000000000000000000000000000000000         5.00000000000000000000000000000000000        -12.8075838300046848959434256010229898      
   4.00000000000000000000000000000000000         5.00000000000000000000000000000000000        -8.58011846618008044146721119715239469      
   4.00000000000000000000000000000000000         5.00000000000000000000000000000000000        -4.78108549865219526146848765195137445      
   4.00000000000000000000000000000000000         5.00000000000000000000000000000000000        -1.36389330625064977906229229092120742      
   4.00000000000000000000000000000000000         5.00000000000000000000000000000000000         1.71298293710182888253094788192450411      
   4.00000000000000000000000000000000000         5.00000000000000000000000000000000000         4.48655227160245079509290124649481709      
   4.00000000000000000000000000000000000         5.00000000000000000000000000000000000         6.98979903904640893377625884045350937      
   4.00000000000000000000000000000000000         5.00000000000000000000000000000000000         9.25212056500239314985041980096619377      
   4.00000000000000000000000000000000000         5.00000000000000000000000000000000000         11.2997172434621214175777050959229730      
   4.00000000000000000000000000000000000         5.00000000000000000000000000000000000         13.1559402001501861313302707110607608      
   4.00000000000000000000000000000000000         5.00000000000000000000000000000000000         14.8416011477751093009450038684856108      
   4.00000000000000000000000000000000000         5.00000000000000000000000000000000000         16.3752485448125311618281086549641353      
   4.00000000000000000000000000000000000         5.00000000000000000000000000000000000         17.7734137222798008973445430075383670      
   4.00000000000000000000000000000000000         5.00000000000000000000000000000000000         19.0508302444547304530696053137367808      
   4.00000000000000000000000000000000000         5.00000000000000000000000000000000000         20.2206294143219735664473193607139750      
   4.00000000000000000000000000000000000         5.00000000000000000000000000000000000         21.2945145179855213336565344231306041      
   4.00000000000000000000000000000000000         5.00000000000000000000000000000000000         22.2829161201648034469124692745411839      
   4.00000000000000000000000000000000000         5.00000000000000000000000000000000000         23.1951304714512763676330992672976289      
   4.00000000000000000000000000000000000         5.00000000000000000000000000000000000         24.0394428639057020538052869886975016      
   4.00000000000000000000000000000000000         5.00000000000000000000000000000000000         24.8232375718499466742570232033492670      
   4.00000000000000000000000000000000000         5.00000000000000000000000000000000000         25.5530958367008103795492181638422952      
