   1.00000000000000000000000000000000000         6.00000000000000000000000000000000000        -11355.1371119330240588730966137278490      
   1.00000000000000000000000000000000000         6.00000000000000000000000000000000000        -11355.1371119330240588730966137278490      
   1.00000000000000000000000000000000000         6.00000000000000000000000000000000000        -11355.1371119330240588730966137278490      
   1.00000000000000000000000000000000000         6.00000000000000000000000000000000000        -11355.1371119330240588730966137278490      
   1.00000000000000000000000000000000000         6.00000000000000000000000000000000000        -11355.1371119330240588730966137278490      
   1.00000000000000000000000000000000000         6.00000000000000000000000000000000000        -11355.1371119330240588730966137278490      
   1.00000000000000000000000000000000000         6.00000000000000000000000000000000000        -11355.1371119330240588730966137278490      
   1.00000000000000000000000000000000000         6.00000000000000000000000000000000000        -11355.1371119330240588730966137278490      
   1.00000000000000000000000000000000000         6.00000000000000000000000000000000000        -11355.1371119330240588730966137278490      
   1.00000000000000000000000000000000000         6.00000000000000000000000000000000000        -11355.1371119330240588730966137278490      
   1.00000000000000000000000000000000000         6.00000000000000000000000000000000000        -11355.1371119330240588730966137278490      
   1.00000000000000000000000000000000000         6.00000000000000000000000000000000000        -11355.1371119330240588730966137278490      
   1.00000000000000000000000000000000000         6.00000000000000000000000000000000000        -11355.1371119330240588730966137278490      
   1.00000000000000000000000000000000000         6.00000000000000000000000000000000000        -11355.1371119330240588730966137278490      
   1.00000000000000000000000000000000000         6.00000000000000000000000000000000000        -11355.1371119330240588730966137278490      
   1.00000000000000000000000000000000000         6.00000000000000000000000000000000000        -11355.1371119330240588730966137278490      
   1.00000000000000000000000000000000000         6.00000000000000000000000000000000000        -11355.1371119330240588730966137278490      
   1.00000000000000000000000000000000000         6.00000000000000000000000000000000000        -11355.1371119330240588730966137278490      
   1.00000000000000000000000000000000000         6.00000000000000000000000000000000000        -11355.1371119330240588730966137278490      
   1.00000000000000000000000000000000000         6.00000000000000000000000000000000000        -11355.1371119330240588730966137278490      
   1.00000000000000000000000000000000000         6.00000000000000000000000000000000000        -11355.1371119330240588730966137278490      
   1.00000000000000000000000000000000000         6.00000000000000000000000000000000000        -11355.1371119330240588730966137278490      
   1.00000000000000000000000000000000000         6.00000000000000000000000000000000000        -11355.1371119330240588730966137278490      
   1.00000000000000000000000000000000000         6.00000000000000000000000000000000000        -11355.1371119330240588730966137278490      
   1.00000000000000000000000000000000000         6.00000000000000000000000000000000000        -11355.1371119330240588730966137278490      
   1.00000000000000000000000000000000000         6.00000000000000000000000000000000000        -11355.1371119330240588730966137278490      
   1.00000000000000000000000000000000000         6.00000000000000000000000000000000000        -11355.1371119330240588730966137278490      
   1.00000000000000000000000000000000000         6.00000000000000000000000000000000000        -11355.1371119330240588730966137278490      
   1.00000000000000000000000000000000000         6.00000000000000000000000000000000000        -10175.5170523761950988221177277046979      
   1.00000000000000000000000000000000000         6.00000000000000000000000000000000000        -9067.56150657591625355527004694574616      
   1.00000000000000000000000000000000000         6.00000000000000000000000000000000000        -8080.06378647484037981506643367153066      
   1.00000000000000000000000000000000000         6.00000000000000000000000000000000000        -7199.92421653373035603551073321815040      
   1.00000000000000000000000000000000000         6.00000000000000000000000000000000000        -6415.46769863899341876927980028097418      
   1.00000000000000000000000000000000000         6.00000000000000000000000000000000000        -5716.28879064408649485947776441578890      
   1.00000000000000000000000000000000000         6.00000000000000000000000000000000000        -5093.11363247420665552333274383991076      
   1.00000000000000000000000000000000000         6.00000000000000000000000000000000000        -4537.67688763756470298763660684926510      
   1.00000000000000000000000000000000000         6.00000000000000000000000000000000000        -4042.61206723186243362941498041835832      
   1.00000000000000000000000000000000000         6.00000000000000000000000000000000000        -3601.35378111217474815184538915710393      
   1.00000000000000000000000000000000000         6.00000000000000000000000000000000000        -3208.05061915262310428260973704197721      
   1.00000000000000000000000000000000000         6.00000000000000000000000000000000000        -2857.48750658911295319917325754416858      
   1.00000000000000000000000000000000000         6.00000000000000000000000000000000000        -2545.01650314570740660469613578883140      
   1.00000000000000000000000000000000000         6.00000000000000000000000000000000000        -2266.49512769108809274042308701101030      
   1.00000000000000000000000000000000000         6.00000000000000000000000000000000000        -2018.23139003076617326550182512574202      
   1.00000000000000000000000000000000000         6.00000000000000000000000000000000000        -1796.93480044032288139297379596701628      
   1.00000000000000000000000000000000000         6.00000000000000000000000000000000000        -1599.67270686595054142716129546448502      
   1.00000000000000000000000000000000000         6.00000000000000000000000000000000000        -1423.83138041347320682958718713850586      
   1.00000000000000000000000000000000000         6.00000000000000000000000000000000000        -1267.08133275392928795469055532215638      
   1.00000000000000000000000000000000000         6.00000000000000000000000000000000000        -1127.34640522876015681381759701453040      
   1.00000000000000000000000000000000000         6.00000000000000000000000000000000000        -1002.77621948581093754403189801516499      
   1.00000000000000000000000000000000000         6.00000000000000000000000000000000000        -891.721624082821222877895105900617794      
   1.00000000000000000000000000000000000         6.00000000000000000000000000000000000        -792.712811249751805364422720534544216      
   1.00000000000000000000000000000000000         6.00000000000000000000000000000000000        -704.439813432678972847015126450552921      
   1.00000000000000000000000000000000000         6.00000000000000000000000000000000000        -625.735120820243448980940009118184613      
   1.00000000000000000000000000000000000         6.00000000000000000000000000000000000        -555.558189197790926450507781493014058      
   1.00000000000000000000000000000000000         6.00000000000000000000000000000000000        -492.981632557841112377441255396774227      
   1.00000000000000000000000000000000000         6.00000000000000000000000000000000000        -437.178917251215086984419617659057762      
   1.00000000000000000000000000000000000         6.00000000000000000000000000000000000        -387.413394387683029909145430977314288      
   1.00000000000000000000000000000000000         6.00000000000000000000000000000000000        -343.028524952752431221936447812537700      
   1.00000000000000000000000000000000000         6.00000000000000000000000000000000000        -303.439167933835436695560858562372981      
   1.00000000000000000000000000000000000         6.00000000000000000000000000000000000        -268.123815854522591447765186573940131      
   1.00000000000000000000000000000000000         6.00000000000000000000000000000000000        -236.617674687220206648865450359754381      
   1.00000000000000000000000000000000000         6.00000000000000000000000000000000000        -208.506496318796445122986121443320308      
   1.00000000000000000000000000000000000         6.00000000000000000000000000000000000        -183.421081729802423036041971216141473      
   1.00000000000000000000000000000000000         6.00000000000000000000000000000000000        -161.032381947796263709337144261616902      
   1.00000000000000000000000000000000000         6.00000000000000000000000000000000000        -141.047131767397199573303870172711818      
   1.00000000000000000000000000000000000         6.00000000000000000000000000000000000        -123.203958299187635974094435301461910      
   1.00000000000000000000000000000000000         6.00000000000000000000000000000000000        -107.269912710271413947152748081174954      
   1.00000000000000000000000000000000000         6.00000000000000000000000000000000000        -93.0373791347926706936134282117603609      
   1.00000000000000000000000000000000000         6.00000000000000000000000000000000000        -80.3213197375359186271828342731718231      
   1.00000000000000000000000000000000000         6.00000000000000000000000000000000000        -68.9568193742751170211171310230651208      
   1.00000000000000000000000000000000000         6.00000000000000000000000000000000000        -58.7968972680063451303178684478057842      
   1.00000000000000000000000000000000000         6.00000000000000000000000000000000000        -49.7105566633372317391250850007546450      
   1.00000000000000000000000000000000000         6.00000000000000000000000000000000000        -41.5810465791318492130655492288658280      
   1.00000000000000000000000000000000000         6.00000000000000000000000000000000000        -34.3043125939247668205703024276967850      
   1.00000000000000000000000000000000000         6.00000000000000000000000000000000000        -27.7876161069679552738116257794208119      
   1.00000000000000000000000000000000000         6.00000000000000000000000000000000000        -21.9483037533435225950574379669971681      
   1.00000000000000000000000000000000000         6.00000000000000000000000000000000000        -16.7127106440284867480779952601708370      
   1.00000000000000000000000000000000000         6.00000000000000000000000000000000000        -12.0151828775735967399050729050411928      
   1.00000000000000000000000000000000000         6.00000000000000000000000000000000000        -7.79720635272006714781548994137272561      
   1.00000000000000000000000000000000000         6.00000000000000000000000000000000000        -4.00663032182695248358389870387744929      
   1.00000000000000000000000000000000000         6.00000000000000000000000000000000000       -0.596975382134883864241901043806883119      
   1.00000000000000000000000000000000000         6.00000000000000000000000000000000000         2.47318327766932242779805588648847695      
   1.00000000000000000000000000000000000         6.00000000000000000000000000000000000         5.24076555953055477594449494785842549      
   1.00000000000000000000000000000000000         6.00000000000000000000000000000000000         7.73867636069300084806700168196283752      
   1.00000000000000000000000000000000000         6.00000000000000000000000000000000000         9.99624220169473740112235312950533974      
   1.00000000000000000000000000000000000         6.00000000000000000000000000000000000         12.0396003714775239004953206552823227      
   1.00000000000000000000000000000000000         6.00000000000000000000000000000000000         13.8920457533309762426415134159629832      
   1.00000000000000000000000000000000000         6.00000000000000000000000000000000000         15.5743399338406807074474694415564778      
   1.00000000000000000000000000000000000         6.00000000000000000000000000000000000         17.1049866965281860535425528740673017      
   1.00000000000000000000000000000000000         6.00000000000000000000000000000000000         18.5004775558160963536011472377299619      
   1.00000000000000000000000000000000000         6.00000000000000000000000000000000000         19.7755105894048036821330975339078874      
   1.00000000000000000000000000000000000         6.00000000000000000000000000000000000         20.9431854728335451607043999172649752      
   1.00000000000000000000000000000000000         6.00000000000000000000000000000000000         22.0151773042159135527623775331058789      
   1.00000000000000000000000000000000000         6.00000000000000000000000000000000000         23.0018915256984519314639262518747620      
   1.00000000000000000000000000000000000         6.00000000000000000000000000000000000         23.9126019973559632255918179553543487      
   1.00000000000000000000000000000000000         6.00000000000000000000000000000000000         24.7555740556802366329192607752487042      
   1.00000000000000000000000000000000000         6.00000000000000000000000000000000000         25.5381741895735703570692290845833322      
   1.00000000000000000000000000000000000         6.00000000000000000000000000000000000         26.2669677891808894973385453587482920      
   1.00000000000000000000000000000000000         6.00000000000000000000000000000000000         26.9478062646280725959995276937671207      
   1.00000000000000000000000000000000000         6.00000000000000000000000000000000000         27.5859046906792142018747108561686409      
   1.00000000000000000000000000000000000         6.00000000000000000000000000000000000         28.1859110076102512032609346608276874      
