   10.0000000000000000000000000000000000         9.00000000000000000000000000000000000        -11355.1371119330240588730966137278490      
   10.0000000000000000000000000000000000         9.00000000000000000000000000000000000        -11355.1371119330240588730966137278490      
   10.0000000000000000000000000000000000         9.00000000000000000000000000000000000        -11355.1371119330240588730966137278490      
   10.0000000000000000000000000000000000         9.00000000000000000000000000000000000        -11355.1371119330240588730966137278490      
   10.0000000000000000000000000000000000         9.00000000000000000000000000000000000        -11355.1371119330240588730966137278490      
   10.0000000000000000000000000000000000         9.00000000000000000000000000000000000        -11355.1371119330240588730966137278490      
   10.0000000000000000000000000000000000         9.00000000000000000000000000000000000        -11355.1371119330240588730966137278490      
   10.0000000000000000000000000000000000         9.00000000000000000000000000000000000        -11355.1371119330240588730966137278490      
   10.0000000000000000000000000000000000         9.00000000000000000000000000000000000        -11355.1371119330240588730966137278490      
   10.0000000000000000000000000000000000         9.00000000000000000000000000000000000        -11355.1371119330240588730966137278490      
   10.0000000000000000000000000000000000         9.00000000000000000000000000000000000        -11355.1371119330240588730966137278490      
   10.0000000000000000000000000000000000         9.00000000000000000000000000000000000        -11355.1371119330240588730966137278490      
   10.0000000000000000000000000000000000         9.00000000000000000000000000000000000        -11355.1371119330240588730966137278490      
   10.0000000000000000000000000000000000         9.00000000000000000000000000000000000        -11355.1371119330240588730966137278490      
   10.0000000000000000000000000000000000         9.00000000000000000000000000000000000        -11355.1371119330240588730966137278490      
   10.0000000000000000000000000000000000         9.00000000000000000000000000000000000        -11355.1371119330240588730966137278490      
   10.0000000000000000000000000000000000         9.00000000000000000000000000000000000        -11355.1371119330240588730966137278490      
   10.0000000000000000000000000000000000         9.00000000000000000000000000000000000        -11355.1371119330240588730966137278490      
   10.0000000000000000000000000000000000         9.00000000000000000000000000000000000        -11355.1371119330240588730966137278490      
   10.0000000000000000000000000000000000         9.00000000000000000000000000000000000        -10691.4090439341295134970658025270903      
   10.0000000000000000000000000000000000         9.00000000000000000000000000000000000        -9527.83874251103730761037825675079023      
   10.0000000000000000000000000000000000         9.00000000000000000000000000000000000        -8490.77431928705002705482429860554908      
   10.0000000000000000000000000000000000         9.00000000000000000000000000000000000        -7566.45837868744835768298581732370714      
   10.0000000000000000000000000000000000         9.00000000000000000000000000000000000        -6742.62962899998667151234436455695506      
   10.0000000000000000000000000000000000         9.00000000000000000000000000000000000        -6008.36018248339453355911737474792336      
   10.0000000000000000000000000000000000         9.00000000000000000000000000000000000        -5353.91054893644441119511632742452791      
   10.0000000000000000000000000000000000         9.00000000000000000000000000000000000        -4770.60039858034784393560631301440958      
   10.0000000000000000000000000000000000         9.00000000000000000000000000000000000        -4250.69337935644932856355959538644140      
   10.0000000000000000000000000000000000         9.00000000000000000000000000000000000        -3787.29446023473921431194948352824225      
   10.0000000000000000000000000000000000         9.00000000000000000000000000000000000        -3374.25843834126011420645925005604404      
   10.0000000000000000000000000000000000         9.00000000000000000000000000000000000        -3006.10839584957531791915333252947110      
   10.0000000000000000000000000000000000         9.00000000000000000000000000000000000        -2677.96302460879167289541846738622765      
   10.0000000000000000000000000000000000         9.00000000000000000000000000000000000        -2385.47185415010575823767285356464519      
   10.0000000000000000000000000000000000         9.00000000000000000000000000000000000        -2124.75752358687336935494244624123225      
   10.0000000000000000000000000000000000         9.00000000000000000000000000000000000        -1892.36433139138976754665403713487081      
   10.0000000000000000000000000000000000         9.00000000000000000000000000000000000        -1685.21238033517788682669421566874764      
   10.0000000000000000000000000000000000         9.00000000000000000000000000000000000        -1500.55670912400201933642773385193113      
   10.0000000000000000000000000000000000         9.00000000000000000000000000000000000        -1335.95086842923377015075362967563879      
   10.0000000000000000000000000000000000         9.00000000000000000000000000000000000        -1189.21445799163641037728039938822618      
   10.0000000000000000000000000000000000         9.00000000000000000000000000000000000        -1058.40419403465814343843090235057024      
   10.0000000000000000000000000000000000         9.00000000000000000000000000000000000        -941.788123069387092710310123734288150      
   10.0000000000000000000000000000000000         9.00000000000000000000000000000000000        -837.822639924026534515302703881110469      
   10.0000000000000000000000000000000000         9.00000000000000000000000000000000000        -745.132005041104537438666831714276458      
   10.0000000000000000000000000000000000         9.00000000000000000000000000000000000        -662.490089249396538682150662398948572      
   10.0000000000000000000000000000000000         9.00000000000000000000000000000000000        -588.804103774775494747375939379393512      
   10.0000000000000000000000000000000000         9.00000000000000000000000000000000000        -523.100099597118652371523810608401941      
   10.0000000000000000000000000000000000         9.00000000000000000000000000000000000        -464.510043738547165506120785128737302      
   10.0000000000000000000000000000000000         9.00000000000000000000000000000000000        -412.260300993195483829464089327289719      
   10.0000000000000000000000000000000000         9.00000000000000000000000000000000000        -365.661368258062642264851054102817432      
   10.0000000000000000000000000000000000         9.00000000000000000000000000000000000        -324.098725245752902114850006716945574      
   10.0000000000000000000000000000000000         9.00000000000000000000000000000000000        -287.024680173622592346667390925636342      
   10.0000000000000000000000000000000000         9.00000000000000000000000000000000000        -253.951102226582397704841880372659418      
   10.0000000000000000000000000000000000         9.00000000000000000000000000000000000        -224.442944357751976099615294951849722      
   10.0000000000000000000000000000000000         9.00000000000000000000000000000000000        -198.112470478466907071890230180856435      
   10.0000000000000000000000000000000000         9.00000000000000000000000000000000000        -174.614110435956716751609365231568299      
   10.0000000000000000000000000000000000         9.00000000000000000000000000000000000        -153.639874507373698540161359046303990      
   10.0000000000000000000000000000000000         9.00000000000000000000000000000000000        -134.915266563294281651682686825970066      
   10.0000000000000000000000000000000000         9.00000000000000000000000000000000000        -118.195641670855626593663252369689132      
   10.0000000000000000000000000000000000         9.00000000000000000000000000000000000        -103.262959804134060476863905302295902      
   10.0000000000000000000000000000000000         9.00000000000000000000000000000000000        -89.9228925854744036435269315598782828      
   10.0000000000000000000000000000000000         9.00000000000000000000000000000000000        -78.0022446659854684312628296595980837      
   10.0000000000000000000000000000000000         9.00000000000000000000000000000000000        -67.3466555284875824723100636356283430      
   10.0000000000000000000000000000000000         9.00000000000000000000000000000000000        -57.8185512172335526251944523802929384      
   10.0000000000000000000000000000000000         9.00000000000000000000000000000000000        -49.2953188151009226100908114101081573      
   10.0000000000000000000000000000000000         9.00000000000000000000000000000000000        -41.6676794446769880771613150695006627      
   10.0000000000000000000000000000000000         9.00000000000000000000000000000000000        -34.8382382039494737001240781537495255      
   10.0000000000000000000000000000000000         9.00000000000000000000000000000000000        -28.7201917951304948741317515671310606      
   10.0000000000000000000000000000000000         9.00000000000000000000000000000000000        -23.2361766976334965670140579483343111      
   10.0000000000000000000000000000000000         9.00000000000000000000000000000000000        -18.3172426011583822711007303872350888      
   10.0000000000000000000000000000000000         9.00000000000000000000000000000000000        -13.9019374769655781166486016099959127      
   10.0000000000000000000000000000000000         9.00000000000000000000000000000000000        -9.93549214679071700037831599221299831      
   10.0000000000000000000000000000000000         9.00000000000000000000000000000000000        -6.36909352912486739674374089826331601      
   10.0000000000000000000000000000000000         9.00000000000000000000000000000000000        -3.15923691927999509676905831753036027      
   10.0000000000000000000000000000000000         9.00000000000000000000000000000000000       -0.267148708389658054544527801779036372      
   10.0000000000000000000000000000000000         9.00000000000000000000000000000000000         2.34172811882319111693558273180176594      
   10.0000000000000000000000000000000000         9.00000000000000000000000000000000000         4.69819253464332307753240738898018856      
   10.0000000000000000000000000000000000         9.00000000000000000000000000000000000         6.82969415201309490583229864966557218      
   10.0000000000000000000000000000000000         9.00000000000000000000000000000000000         8.76069746421879055108626613394565195      
   10.0000000000000000000000000000000000         9.00000000000000000000000000000000000         10.5130064738527773022182248793369711      
   10.0000000000000000000000000000000000         9.00000000000000000000000000000000000         12.1060540186805731250039462922307245      
   10.0000000000000000000000000000000000         9.00000000000000000000000000000000000         13.5571596335912967856823805209107325      
   10.0000000000000000000000000000000000         9.00000000000000000000000000000000000         14.8817593703029155210296811619596838      
   10.0000000000000000000000000000000000         9.00000000000000000000000000000000000         16.0936106243901486451932663261452438      
   10.0000000000000000000000000000000000         9.00000000000000000000000000000000000         17.2049746875652417861556544618156983      
   10.0000000000000000000000000000000000         9.00000000000000000000000000000000000         18.2267794475694653789006281345284402      
   10.0000000000000000000000000000000000         9.00000000000000000000000000000000000         19.1687643946040469560563758647555451      
   10.0000000000000000000000000000000000         9.00000000000000000000000000000000000         20.0396098584477749781076325620693729      
   10.0000000000000000000000000000000000         9.00000000000000000000000000000000000         20.8470521911593049482714259626010575      
   10.0000000000000000000000000000000000         9.00000000000000000000000000000000000         21.5979864237686465173147827573629616      
   10.0000000000000000000000000000000000         9.00000000000000000000000000000000000         22.2985577591497570722120196737388703      
   10.0000000000000000000000000000000000         9.00000000000000000000000000000000000         22.9542431151290733232910722741691523      
   10.0000000000000000000000000000000000         9.00000000000000000000000000000000000         23.5699237998574884231065538222161055      
   10.0000000000000000000000000000000000         9.00000000000000000000000000000000000         24.1499502838038057925560461189414050      
   10.0000000000000000000000000000000000         9.00000000000000000000000000000000000         24.6981999278546696362305232091685233      
   10.0000000000000000000000000000000000         9.00000000000000000000000000000000000         25.2181284335377846928305583011785925      
   10.0000000000000000000000000000000000         9.00000000000000000000000000000000000         25.7128156980816280283422648055484261      
   10.0000000000000000000000000000000000         9.00000000000000000000000000000000000         26.1850066827804353506242779702689575      
   10.0000000000000000000000000000000000         9.00000000000000000000000000000000000         26.6371478369628350546016987573489587      
   10.0000000000000000000000000000000000         9.00000000000000000000000000000000000         27.0714195608880638691669186705400775      
   10.0000000000000000000000000000000000         9.00000000000000000000000000000000000         27.4897651383326735908975148504814445      
   10.0000000000000000000000000000000000         9.00000000000000000000000000000000000         27.8939165227855760964173823120014337      
