   1.00000000000000000000000000000000000         4.00000000000000000000000000000000000        -11355.1371119330240588730966137278490      
   1.00000000000000000000000000000000000         4.00000000000000000000000000000000000        -11355.1371119330240588730966137278490      
   1.00000000000000000000000000000000000         4.00000000000000000000000000000000000        -11355.1371119330240588730966137278490      
   1.00000000000000000000000000000000000         4.00000000000000000000000000000000000        -11355.1371119330240588730966137278490      
   1.00000000000000000000000000000000000         4.00000000000000000000000000000000000        -11355.1371119330240588730966137278490      
   1.00000000000000000000000000000000000         4.00000000000000000000000000000000000        -11355.1371119330240588730966137278490      
   1.00000000000000000000000000000000000         4.00000000000000000000000000000000000        -11355.1371119330240588730966137278490      
   1.00000000000000000000000000000000000         4.00000000000000000000000000000000000        -11355.1371119330240588730966137278490      
   1.00000000000000000000000000000000000         4.00000000000000000000000000000000000        -11355.1371119330240588730966137278490      
   1.00000000000000000000000000000000000         4.00000000000000000000000000000000000        -11355.1371119330240588730966137278490      
   1.00000000000000000000000000000000000         4.00000000000000000000000000000000000        -11355.1371119330240588730966137278490      
   1.00000000000000000000000000000000000         4.00000000000000000000000000000000000        -11355.1371119330240588730966137278490      
   1.00000000000000000000000000000000000         4.00000000000000000000000000000000000        -11355.1371119330240588730966137278490      
   1.00000000000000000000000000000000000         4.00000000000000000000000000000000000        -11355.1371119330240588730966137278490      
   1.00000000000000000000000000000000000         4.00000000000000000000000000000000000        -11355.1371119330240588730966137278490      
   1.00000000000000000000000000000000000         4.00000000000000000000000000000000000        -11355.1371119330240588730966137278490      
   1.00000000000000000000000000000000000         4.00000000000000000000000000000000000        -11355.1371119330240588730966137278490      
   1.00000000000000000000000000000000000         4.00000000000000000000000000000000000        -11355.1371119330240588730966137278490      
   1.00000000000000000000000000000000000         4.00000000000000000000000000000000000        -11355.1371119330240588730966137278490      
   1.00000000000000000000000000000000000         4.00000000000000000000000000000000000        -11355.1371119330240588730966137278490      
   1.00000000000000000000000000000000000         4.00000000000000000000000000000000000        -11355.1371119330240588730966137278490      
   1.00000000000000000000000000000000000         4.00000000000000000000000000000000000        -11355.1371119330240588730966137278490      
   1.00000000000000000000000000000000000         4.00000000000000000000000000000000000        -11355.1371119330240588730966137278490      
   1.00000000000000000000000000000000000         4.00000000000000000000000000000000000        -11355.1371119330240588730966137278490      
   1.00000000000000000000000000000000000         4.00000000000000000000000000000000000        -11355.1371119330240588730966137278490      
   1.00000000000000000000000000000000000         4.00000000000000000000000000000000000        -11355.1371119330240588730966137278490      
   1.00000000000000000000000000000000000         4.00000000000000000000000000000000000        -11355.1371119330240588730966137278490      
   1.00000000000000000000000000000000000         4.00000000000000000000000000000000000        -11355.1371119330240588730966137278490      
   1.00000000000000000000000000000000000         4.00000000000000000000000000000000000        -11355.1371119330240588730966137278490      
   1.00000000000000000000000000000000000         4.00000000000000000000000000000000000        -11355.1371119330240588730966137278490      
   1.00000000000000000000000000000000000         4.00000000000000000000000000000000000        -11355.1371119330240588730966137278490      
   1.00000000000000000000000000000000000         4.00000000000000000000000000000000000        -11355.1371119330240588730966137278490      
   1.00000000000000000000000000000000000         4.00000000000000000000000000000000000        -11355.1371119330240588730966137278490      
   1.00000000000000000000000000000000000         4.00000000000000000000000000000000000        -11355.1371119330240588730966137278490      
   1.00000000000000000000000000000000000         4.00000000000000000000000000000000000        -11355.1371119330240588730966137278490      
   1.00000000000000000000000000000000000         4.00000000000000000000000000000000000        -11355.1371119330240588730966137278490      
   1.00000000000000000000000000000000000         4.00000000000000000000000000000000000        -11355.1371119330240588730966137278490      
   1.00000000000000000000000000000000000         4.00000000000000000000000000000000000        -11355.1371119330240588730966137278490      
   1.00000000000000000000000000000000000         4.00000000000000000000000000000000000        -11355.1371119330240588730966137278490      
   1.00000000000000000000000000000000000         4.00000000000000000000000000000000000        -10387.0519913386448398118698136702695      
   1.00000000000000000000000000000000000         4.00000000000000000000000000000000000        -9255.79200786738625026342393165861863      
   1.00000000000000000000000000000000000         4.00000000000000000000000000000000000        -8247.52418582937027968668140967972037      
   1.00000000000000000000000000000000000         4.00000000000000000000000000000000000        -7348.87324305182886946101343181413001      
   1.00000000000000000000000000000000000         4.00000000000000000000000000000000000        -6547.91844675047892508187634877846264      
   1.00000000000000000000000000000000000         4.00000000000000000000000000000000000        -5834.03543264808644219088964862526522      
   1.00000000000000000000000000000000000         4.00000000000000000000000000000000000        -5197.75522611549196112747707352712972      
   1.00000000000000000000000000000000000         4.00000000000000000000000000000000000        -4630.63859463129247828768739939723511      
   1.00000000000000000000000000000000000         4.00000000000000000000000000000000000        -4125.16406429365875200750916294499808      
   1.00000000000000000000000000000000000         4.00000000000000000000000000000000000        -3674.62811443143698722503483860552148      
   1.00000000000000000000000000000000000         4.00000000000000000000000000000000000        -3273.05622595766240862436449304350332      
   1.00000000000000000000000000000000000         4.00000000000000000000000000000000000        -2915.12360313117969141074199747364853      
   1.00000000000000000000000000000000000         4.00000000000000000000000000000000000        -2596.08451675231357952885341960310854      
   1.00000000000000000000000000000000000         4.00000000000000000000000000000000000        -2311.70933121972479165718552794384681      
   1.00000000000000000000000000000000000         4.00000000000000000000000000000000000        -2058.22837983575580440668411765444924      
   1.00000000000000000000000000000000000         4.00000000000000000000000000000000000        -1832.28194361966781158387289915638151      
   1.00000000000000000000000000000000000         4.00000000000000000000000000000000000        -1630.87566987801160084024349011030055      
   1.00000000000000000000000000000000000         4.00000000000000000000000000000000000        -1451.34083896364725392697472856888190      
   1.00000000000000000000000000000000000         4.00000000000000000000000000000000000        -1291.29895198744536036405843498607634      
   1.00000000000000000000000000000000000         4.00000000000000000000000000000000000        -1148.63016958311926146338079580050601      
   1.00000000000000000000000000000000000         4.00000000000000000000000000000000000        -1021.44518292677312805281505399046825      
   1.00000000000000000000000000000000000         4.00000000000000000000000000000000000        -908.060143756685438958518441750650878      
   1.00000000000000000000000000000000000         4.00000000000000000000000000000000000        -806.974320729922011761392165514109202      
   1.00000000000000000000000000000000000         4.00000000000000000000000000000000000        -716.850185629206040599373343688898159      
   1.00000000000000000000000000000000000         4.00000000000000000000000000000000000        -636.495665176109216022007611346679553      
   1.00000000000000000000000000000000000         4.00000000000000000000000000000000000        -564.848322942908137593456917292707685      
   1.00000000000000000000000000000000000         4.00000000000000000000000000000000000        -500.961261466686859347663635744242236      
   1.00000000000000000000000000000000000         4.00000000000000000000000000000000000        -443.990557495305080924232644292600748      
   1.00000000000000000000000000000000000         4.00000000000000000000000000000000000        -393.184063638579878156762796608725029      
   1.00000000000000000000000000000000000         4.00000000000000000000000000000000000        -347.871427829395871539063340136125322      
   1.00000000000000000000000000000000000         4.00000000000000000000000000000000000        -307.455198159056583539544281541271607      
   1.00000000000000000000000000000000000         4.00000000000000000000000000000000000        -271.402895053446481678730007945634161      
   1.00000000000000000000000000000000000         4.00000000000000000000000000000000000        -239.239945592598040351089126119928124      
   1.00000000000000000000000000000000000         4.00000000000000000000000000000000000        -210.543386216377331424470312915349984      
   1.00000000000000000000000000000000000         4.00000000000000000000000000000000000        -184.936250255018602559968147847758215      
   1.00000000000000000000000000000000000         4.00000000000000000000000000000000000        -162.082565810447973138235001959299474      
   1.00000000000000000000000000000000000         4.00000000000000000000000000000000000        -141.682897613320521924420037016039341      
   1.00000000000000000000000000000000000         4.00000000000000000000000000000000000        -123.470373698922257093641136823245523      
   1.00000000000000000000000000000000000         4.00000000000000000000000000000000000        -107.207144178340237597897483426312963      
   1.00000000000000000000000000000000000         4.00000000000000000000000000000000000        -92.6812251149457975683776954691039296      
   1.00000000000000000000000000000000000         4.00000000000000000000000000000000000        -79.7036856263493540878690972494481560      
   1.00000000000000000000000000000000000         4.00000000000000000000000000000000000        -68.1061408863787550389874119868144538      
   1.00000000000000000000000000000000000         4.00000000000000000000000000000000000        -57.7385177607405821798227603245084258      
   1.00000000000000000000000000000000000         4.00000000000000000000000000000000000        -48.4670634277071549241688541033350652      
   1.00000000000000000000000000000000000         4.00000000000000000000000000000000000        -40.1725705594356423269802568304613392      
   1.00000000000000000000000000000000000         4.00000000000000000000000000000000000        -32.7487955131537043446731633864121625      
   1.00000000000000000000000000000000000         4.00000000000000000000000000000000000        -26.1010485425697463806418111929136159      
   1.00000000000000000000000000000000000         4.00000000000000000000000000000000000        -20.1449373224697383988466880090975666      
   1.00000000000000000000000000000000000         4.00000000000000000000000000000000000        -14.8052471138353879826476792020578509      
   1.00000000000000000000000000000000000         4.00000000000000000000000000000000000        -10.0149427099551571814257095161459643      
   1.00000000000000000000000000000000000         4.00000000000000000000000000000000000        -5.71427891995939824202177961800860619      
   1.00000000000000000000000000000000000         4.00000000000000000000000000000000000        -1.85000778643655791648832821979286513      
   1.00000000000000000000000000000000000         4.00000000000000000000000000000000000         1.62532798261011635572778400142967949      
   1.00000000000000000000000000000000000         4.00000000000000000000000000000000000         4.75402474319401738784168936053957904      
   1.00000000000000000000000000000000000         4.00000000000000000000000000000000000         7.57377916229172041374392990595070556      
   1.00000000000000000000000000000000000         4.00000000000000000000000000000000000         10.1181884297106134953692685334485691      
   1.00000000000000000000000000000000000         4.00000000000000000000000000000000000         12.4171960723851887562027890664265745      
   1.00000000000000000000000000000000000         4.00000000000000000000000000000000000         14.4974892867868453787327031243579505      
   1.00000000000000000000000000000000000         4.00000000000000000000000000000000000         16.3828530618068774677590925027032172      
   1.00000000000000000000000000000000000         4.00000000000000000000000000000000000         18.0944857911081516101630953370760882      
   1.00000000000000000000000000000000000         4.00000000000000000000000000000000000         19.6512805629296260976659791976936531      
   1.00000000000000000000000000000000000         4.00000000000000000000000000000000000         21.0700758598885161420061717626090138      
