   1.00000000000000000000000000000000000         6.00000000000000000000000000000000000        -11355.1371119330240588730966137278490      
   1.00000000000000000000000000000000000         6.00000000000000000000000000000000000        -11355.1371119330240588730966137278490      
   1.00000000000000000000000000000000000         6.00000000000000000000000000000000000        -11355.1371119330240588730966137278490      
   1.00000000000000000000000000000000000         6.00000000000000000000000000000000000        -11355.1371119330240588730966137278490      
   1.00000000000000000000000000000000000         6.00000000000000000000000000000000000        -11355.1371119330240588730966137278490      
   1.00000000000000000000000000000000000         6.00000000000000000000000000000000000        -11355.1371119330240588730966137278490      
   1.00000000000000000000000000000000000         6.00000000000000000000000000000000000        -11355.1371119330240588730966137278490      
   1.00000000000000000000000000000000000         6.00000000000000000000000000000000000        -11355.1371119330240588730966137278490      
   1.00000000000000000000000000000000000         6.00000000000000000000000000000000000        -11355.1371119330240588730966137278490      
   1.00000000000000000000000000000000000         6.00000000000000000000000000000000000        -11355.1371119330240588730966137278490      
   1.00000000000000000000000000000000000         6.00000000000000000000000000000000000        -11355.1371119330240588730966137278490      
   1.00000000000000000000000000000000000         6.00000000000000000000000000000000000        -11355.1371119330240588730966137278490      
   1.00000000000000000000000000000000000         6.00000000000000000000000000000000000        -11355.1371119330240588730966137278490      
   1.00000000000000000000000000000000000         6.00000000000000000000000000000000000        -11355.1371119330240588730966137278490      
   1.00000000000000000000000000000000000         6.00000000000000000000000000000000000        -11355.1371119330240588730966137278490      
   1.00000000000000000000000000000000000         6.00000000000000000000000000000000000        -10981.0588952654964314905294879705996      
   1.00000000000000000000000000000000000         6.00000000000000000000000000000000000        -9785.90833620617909489859640832693248      
   1.00000000000000000000000000000000000         6.00000000000000000000000000000000000        -8720.69797873740078552920712922904018      
   1.00000000000000000000000000000000000         6.00000000000000000000000000000000000        -7771.29694783747839722145796486169816      
   1.00000000000000000000000000000000000         6.00000000000000000000000000000000000        -6925.11108788668614990221377315615682      
   1.00000000000000000000000000000000000         6.00000000000000000000000000000000000        -6170.91584587394105876083900380006762      
   1.00000000000000000000000000000000000         6.00000000000000000000000000000000000        -5498.70732839798345539806091461890563      
   1.00000000000000000000000000000000000         6.00000000000000000000000000000000000        -4899.56955607995067394691283437004478      
   1.00000000000000000000000000000000000         6.00000000000000000000000000000000000        -4365.55615393405023369320315808273037      
   1.00000000000000000000000000000000000         6.00000000000000000000000000000000000        -3889.58490779943205739338076611564714      
   1.00000000000000000000000000000000000         6.00000000000000000000000000000000000        -3465.34378766117441634057396416892174      
   1.00000000000000000000000000000000000         6.00000000000000000000000000000000000        -3087.20719084694996002877619255020575      
   1.00000000000000000000000000000000000         6.00000000000000000000000000000000000        -2750.16129369747923146573828440164925      
   1.00000000000000000000000000000000000         6.00000000000000000000000000000000000        -2449.73752117279224570058574544216475      
   1.00000000000000000000000000000000000         6.00000000000000000000000000000000000        -2181.95325157639471421714977927943492      
   1.00000000000000000000000000000000000         6.00000000000000000000000000000000000        -1943.25896958505429321435194058701801      
   1.00000000000000000000000000000000000         6.00000000000000000000000000000000000        -1730.49116633702005127956018987636621      
   1.00000000000000000000000000000000000         6.00000000000000000000000000000000000        -1540.83036159146205329966632295762848      
   1.00000000000000000000000000000000000         6.00000000000000000000000000000000000        -1371.76369093869106082763139858670119      
   1.00000000000000000000000000000000000         6.00000000000000000000000000000000000        -1221.05156161616863942685210425230381      
   1.00000000000000000000000000000000000         6.00000000000000000000000000000000000        -1086.69793447324486262374938654423092      
   1.00000000000000000000000000000000000         6.00000000000000000000000000000000000        -966.923837744351298825104054541212302      
   1.00000000000000000000000000000000000         6.00000000000000000000000000000000000        -860.143761174511637748713102592771657      
   1.00000000000000000000000000000000000         6.00000000000000000000000000000000000        -764.944617261557568778486162117384244      
   1.00000000000000000000000000000000000         6.00000000000000000000000000000000000        -680.066990443516513907109718908178813      
   1.00000000000000000000000000000000000         6.00000000000000000000000000000000000        -604.388425419280174653520217933917847      
   1.00000000000000000000000000000000000         6.00000000000000000000000000000000000        -536.908532848722584177790384977148713      
   1.00000000000000000000000000000000000         6.00000000000000000000000000000000000        -476.735714793957475893223552913611992      
   1.00000000000000000000000000000000000         6.00000000000000000000000000000000000        -423.075333756405601728400561246228129      
   1.00000000000000000000000000000000000         6.00000000000000000000000000000000000        -375.219168319981953958966298010867858      
   1.00000000000000000000000000000000000         6.00000000000000000000000000000000000        -332.536015483194359714233593777543330      
   1.00000000000000000000000000000000000         6.00000000000000000000000000000000000        -294.463314978810083943601792577019192      
   1.00000000000000000000000000000000000         6.00000000000000000000000000000000000        -260.499684440901180947845977723512344      
   1.00000000000000000000000000000000000         6.00000000000000000000000000000000000        -230.198266365470652231878699788911660      
   1.00000000000000000000000000000000000         6.00000000000000000000000000000000000        -203.160798582869068944083079133986635      
   1.00000000000000000000000000000000000         6.00000000000000000000000000000000000        -179.032329560773196704351271226092986      
   1.00000000000000000000000000000000000         6.00000000000000000000000000000000000        -157.496508413007942371420072116375453      
   1.00000000000000000000000000000000000         6.00000000000000000000000000000000000        -138.271387115490312433978661385850038      
   1.00000000000000000000000000000000000         6.00000000000000000000000000000000000        -121.105679227251383047323144910105314      
   1.00000000000000000000000000000000000         6.00000000000000000000000000000000000        -105.775425472037310767793191438013572      
   1.00000000000000000000000000000000000         6.00000000000000000000000000000000000        -92.0810219347831029480308956285543200      
   1.00000000000000000000000000000000000         6.00000000000000000000000000000000000        -79.8445714389319164287143383896002757      
   1.00000000000000000000000000000000000         6.00000000000000000000000000000000000        -68.9075229589861201816232191561044209      
   1.00000000000000000000000000000000000         6.00000000000000000000000000000000000        -59.1285677447288831451485010699136749      
   1.00000000000000000000000000000000000         6.00000000000000000000000000000000000        -50.3817642399629475185588327103411455      
   1.00000000000000000000000000000000000         6.00000000000000000000000000000000000        -42.5548669145774834537478585742630491      
   1.00000000000000000000000000000000000         6.00000000000000000000000000000000000        -35.5478368345598942667228512399341458      
   1.00000000000000000000000000000000000         6.00000000000000000000000000000000000        -29.2715142061215532988141439949284825      
   1.00000000000000000000000000000000000         6.00000000000000000000000000000000000        -23.6464352794045357428798207895381082      
   1.00000000000000000000000000000000000         6.00000000000000000000000000000000000        -18.6017779128003408264843704273500806      
   1.00000000000000000000000000000000000         6.00000000000000000000000000000000000        -14.0744218061597512625590759653656441      
   1.00000000000000000000000000000000000         6.00000000000000000000000000000000000        -10.0081109327594935460438718066612348      
   1.00000000000000000000000000000000000         6.00000000000000000000000000000000000        -6.35270705600677310701626628265856216      
   1.00000000000000000000000000000000000         6.00000000000000000000000000000000000        -3.06352442550189009596751445054649680      
   1.00000000000000000000000000000000000         6.00000000000000000000000000000000000       -0.100736824279901627735928346402009884      
   1.00000000000000000000000000000000000         6.00000000000000000000000000000000000         2.57115090089151573568927648303934809      
   1.00000000000000000000000000000000000         6.00000000000000000000000000000000000         4.98377383862987130843442043266309423      
   1.00000000000000000000000000000000000         6.00000000000000000000000000000000000         7.16532679134346444163058554436762307      
   1.00000000000000000000000000000000000         6.00000000000000000000000000000000000         9.14093840312918751974816123059408937      
   1.00000000000000000000000000000000000         6.00000000000000000000000000000000000         10.9330046016124248871531806164552526      
   1.00000000000000000000000000000000000         6.00000000000000000000000000000000000         12.5614857782996758085814342360531681      
   1.00000000000000000000000000000000000         6.00000000000000000000000000000000000         14.0441716508466245999651139986005652      
   1.00000000000000000000000000000000000         6.00000000000000000000000000000000000         15.3969173218030343641262499606021378      
   1.00000000000000000000000000000000000         6.00000000000000000000000000000000000         16.6338536661905882072257458078732067      
   1.00000000000000000000000000000000000         6.00000000000000000000000000000000000         17.7675748396290119093367366824824520      
   1.00000000000000000000000000000000000         6.00000000000000000000000000000000000         18.8093053951293884552698581347422516      
   1.00000000000000000000000000000000000         6.00000000000000000000000000000000000         19.7690492260929775134243829068271233      
   1.00000000000000000000000000000000000         6.00000000000000000000000000000000000         20.6557223118986417496672776699797005      
   1.00000000000000000000000000000000000         6.00000000000000000000000000000000000         21.4772710275321736447127340291707189      
   1.00000000000000000000000000000000000         6.00000000000000000000000000000000000         22.2407775871544232758043031040415119      
   1.00000000000000000000000000000000000         6.00000000000000000000000000000000000         22.9525540207803123716488565888919468      
   1.00000000000000000000000000000000000         6.00000000000000000000000000000000000         23.6182259310821682827524010434143705      
   1.00000000000000000000000000000000000         6.00000000000000000000000000000000000         24.2428071417192704661071856344666430      
   1.00000000000000000000000000000000000         6.00000000000000000000000000000000000         24.8307662277315889066640848563298358      
   1.00000000000000000000000000000000000         6.00000000000000000000000000000000000         25.3860858108156178929392675053962725      
   1.00000000000000000000000000000000000         6.00000000000000000000000000000000000         25.9123154062945897687338120269924009      
   1.00000000000000000000000000000000000         6.00000000000000000000000000000000000         26.4126185230302554654603504606067600      
   1.00000000000000000000000000000000000         6.00000000000000000000000000000000000         26.8898146412634449182319910104292161      
   1.00000000000000000000000000000000000         6.00000000000000000000000000000000000         27.3464166254038473654957726177038495      
   1.00000000000000000000000000000000000         6.00000000000000000000000000000000000         27.7846640682140012416882985949419562      
   1.00000000000000000000000000000000000         6.00000000000000000000000000000000000         28.2065530088445564732831479955537375      
   1.00000000000000000000000000000000000         6.00000000000000000000000000000000000         28.6138624190610814918735400104604707      
   1.00000000000000000000000000000000000         6.00000000000000000000000000000000000         29.0081778091185526077416776453126212      
   1.00000000000000000000000000000000000         6.00000000000000000000000000000000000         29.3909122665191381315036512686917146      
   1.00000000000000000000000000000000000         6.00000000000000000000000000000000000         29.7633252068248106411667743948046282      
   1.00000000000000000000000000000000000         6.00000000000000000000000000000000000         30.1265390853366784352121105786825987      
