   2.5000000000000000        5.0000000000000003E-002  log
   421.35551033148255     
   368.51290853455293     
   321.40171859747545     
   279.39946389091335     
   241.95144074110635     
   208.56335279726315     
   178.79474565937008     
   152.25315430922569     
   128.58888525828200     
   107.49036363777762     
   88.679982814100953     
   71.910400605551203     
   56.961231882513133     
   43.636092315511597     
   31.759952346009573     
   21.176764131762454     
   11.747327287427966     
   3.3473617132098870     
  -4.1342423247073841     
  -10.797025450171837     
  -16.730439774965586     
  -22.015236992728994     
  -26.724793098376917     
  -30.926400794706240     
  -34.682563710337419     
  -38.052330972347207     
  -41.092716745634810     
  -43.860257444410102     
  -46.412769917553483     
  -48.811387616588945     
  -708.39641853226408     
  -708.39641853226408     
  -708.39641853226408     
  -708.39641853226408     
  -708.39641853226408     
  -708.39641853226408     
  -708.39641853226408     
  -708.39641853226408     
  -708.39641853226408     
  -708.39641853226408     
  -708.39641853226408     
  -708.39641853226408     
  -708.39641853226408     
  -708.39641853226408     
  -708.39641853226408     
  -708.39641853226408     
  -708.39641853226408     
  -708.39641853226408     
  -708.39641853226408     
  -708.39641853226408     
  -708.39641853226408     
  -708.39641853226408     
  -708.39641853226408     
  -708.39641853226408     
  -708.39641853226408     
  -708.39641853226408     
  -708.39641853226408     
  -708.39641853226408     
  -708.39641853226408     
  -708.39641853226408     
  -708.39641853226408     
  -708.39641853226408     
  -708.39641853226408     
  -708.39641853226408     
  -708.39641853226408     
  -708.39641853226408     
  -708.39641853226408     
  -708.39641853226408     
  -708.39641853226408     
  -708.39641853226408     
  -708.39641853226408     
  -708.39641853226408     
  -708.39641853226408     
  -708.39641853226408     
  -708.39641853226408     
  -708.39641853226408     
  -708.39641853226408     
  -708.39641853226408     
  -708.39641853226408     
  -708.39641853226408     
  -708.39641853226408     
  -708.39641853226408     
  -708.39641853226408     
  -708.39641853226408     
  -708.39641853226408     
  -708.39641853226408     
  -708.39641853226408     
  -708.39641853226408     
  -708.39641853226408     
  -708.39641853226408     
  -708.39641853226408     
  -708.39641853226408     
  -708.39641853226408     
  -708.39641853226408     
  -708.39641853226408     
  -708.39641853226408     
  -708.39641853226408     
  -708.39641853226408     
  -708.39641853226408     
  -708.39641853226408     
  -708.39641853226408     
