   2.5000000000000000        5.0000000000000003E-002  log
   16.596865877620733     
   14.589632883908381     
   12.769637566342931     
   11.116331801541470     
   9.6113822984968760     
   8.2384280942146457     
   6.9828644196098013     
   5.8316501191352366     
   4.7731361334755515     
   3.7969128509022099     
   2.8936744043707092     
   2.0550982428750939     
   1.2737385417111131     
  0.54293224205166735     
 -0.14328326915455458     
 -0.79024160673712041     
  -1.4027085017770418     
  -1.9849328795551495     
  -2.5406879311629540     
  -3.0733019085087800     
  -3.5856780249954809     
  -4.0803024338356026     
  -4.5592387632087812     
  -5.0241070878993543     
  -5.4760444802940915     
  -5.9156433716571728     
  -6.3428628197822476     
  -6.7569063616384222     
  -7.1560583543285201     
  -7.5374684800782754     
  -708.39641853226408     
  -708.39641853226408     
  -708.39641853226408     
  -708.39641853226408     
  -708.39641853226408     
  -708.39641853226408     
  -708.39641853226408     
  -708.39641853226408     
  -708.39641853226408     
  -708.39641853226408     
  -708.39641853226408     
  -708.39641853226408     
  -708.39641853226408     
  -708.39641853226408     
  -708.39641853226408     
  -708.39641853226408     
  -708.39641853226408     
  -708.39641853226408     
  -708.39641853226408     
  -708.39641853226408     
  -708.39641853226408     
  -708.39641853226408     
  -708.39641853226408     
  -708.39641853226408     
  -708.39641853226408     
  -708.39641853226408     
  -708.39641853226408     
  -708.39641853226408     
  -708.39641853226408     
  -708.39641853226408     
  -708.39641853226408     
  -708.39641853226408     
  -708.39641853226408     
  -708.39641853226408     
  -708.39641853226408     
  -708.39641853226408     
  -708.39641853226408     
  -708.39641853226408     
  -708.39641853226408     
  -708.39641853226408     
  -708.39641853226408     
  -708.39641853226408     
  -708.39641853226408     
  -708.39641853226408     
  -708.39641853226408     
  -708.39641853226408     
  -708.39641853226408     
  -708.39641853226408     
  -708.39641853226408     
  -708.39641853226408     
  -708.39641853226408     
  -708.39641853226408     
  -708.39641853226408     
  -708.39641853226408     
  -708.39641853226408     
  -708.39641853226408     
  -708.39641853226408     
  -708.39641853226408     
  -708.39641853226408     
  -708.39641853226408     
  -708.39641853226408     
  -708.39641853226408     
  -708.39641853226408     
  -708.39641853226408     
  -708.39641853226408     
  -708.39641853226408     
  -708.39641853226408     
  -708.39641853226408     
  -708.39641853226408     
  -708.39641853226408     
  -708.39641853226408     
